1.0,0,5
1.0,0,7
1.0,1,7
1.0,5,9
1.0,1,10
1.0,4,10
1.0,5,10
1.0,2,12
1.0,3,13
1.0,0,14
1.0,2,15
1.0,6,15
1.0,14,16
1.0,3,17
1.0,0,18
1.0,1,19
1.0,3,19
1.0,14,20
1.0,4,21
1.0,10,21
1.0,17,21
1.0,8,22
1.0,4,23
1.0,6,23
1.0,18,23
1.0,8,24
1.0,13,24
1.0,15,24
1.0,9,25
1.0,12,25
1.0,19,25
1.0,13,26
1.0,24,26
1.0,8,27
1.0,20,27
1.0,21,27
1.0,22,27
1.0,25,27
1.0,6,28
1.0,19,28
1.0,22,28
1.0,2,29
1.0,16,29
1.0,4,30
1.0,23,30
1.0,28,30
1.0,5,31
1.0,20,31
1.0,22,31
1.0,12,32
1.0,26,32
1.0,5,33
1.0,10,33
1.0,26,33
1.0,3,34
1.0,6,34
1.0,23,34
1.0,3,35
1.0,8,35
1.0,11,35
1.0,18,35
1.0,7,36
1.0,28,36
1.0,30,36
1.0,31,36
1.0,32,36
1.0,16,37
1.0,17,37
1.0,31,37
1.0,34,37
1.0,15,38
1.0,19,38
1.0,24,38
1.0,26,38
1.0,33,38
1.0,11,39
1.0,14,39
1.0,15,39
1.0,2,40
1.0,18,40
1.0,29,40
1.0,34,40
1.0,4,41
1.0,11,41
1.0,14,41
1.0,17,41
1.0,22,41
1.0,11,42
1.0,13,42
1.0,16,42
1.0,25,42
1.0,29,42
1.0,1,43
1.0,7,43
1.0,29,43
1.0,40,43
1.0,9,44
1.0,11,44
1.0,20,44
1.0,32,44
1.0,37,44
1.0,0,45
1.0,2,45
1.0,9,45
1.0,12,45
1.0,33,45
1.0,1,46
1.0,17,46
1.0,20,46
1.0,32,46
1.0,39,46
1.0,7,47
1.0,16,47
1.0,35,47
1.0,43,47
1.0,12,48
1.0,13,48
1.0,21,48
1.0,30,48
1.0,39,48
1.0,6,49
1.0,8,49
1.0,9,49
1.0,18,49
1.0,47,49
