1.0,1,3
1.0,4,5
1.0,1,8
1.0,0,13
1.0,2,13
1.0,4,13
1.0,3,14
1.0,6,14
1.0,9,14
1.0,1,15
1.0,4,15
1.0,11,16
1.0,15,16
1.0,3,17
1.0,10,17
1.0,15,17
1.0,7,18
1.0,11,18
1.0,12,18
1.0,3,19
1.0,8,19
1.0,0,20
1.0,7,20
1.0,1,21
1.0,5,21
1.0,8,21
1.0,11,21
1.0,7,22
1.0,9,22
1.0,19,22
1.0,1,23
1.0,6,23
1.0,2,24
1.0,12,24
1.0,14,24
1.0,9,25
1.0,13,25
1.0,15,25
1.0,20,25
1.0,21,26
1.0,9,27
1.0,7,28
1.0,19,28
1.0,23,28
1.0,10,29
1.0,28,29
1.0,8,30
1.0,10,30
1.0,17,30
1.0,12,31
1.0,18,31
1.0,24,31
1.0,27,31
1.0,0,32
1.0,12,32
1.0,29,32
1.0,4,33
1.0,6,33
1.0,17,33
1.0,28,33
1.0,0,34
1.0,2,34
1.0,7,34
1.0,10,34
1.0,6,35
1.0,16,35
1.0,22,35
1.0,26,35
1.0,30,35
1.0,16,36
1.0,26,36
1.0,3,37
1.0,16,37
1.0,5,38
1.0,26,38
1.0,11,39
1.0,13,39
1.0,18,39
1.0,20,39
1.0,27,39
1.0,9,40
1.0,29,40
1.0,31,40
1.0,38,40
1.0,4,41
1.0,14,41
1.0,20,41
1.0,29,41
1.0,2,42
1.0,5,42
1.0,27,42
1.0,38,42
1.0,30,43
1.0,33,43
1.0,37,43
1.0,41,43
1.0,5,44
1.0,11,44
1.0,24,44
1.0,36,44
1.0,37,44
1.0,0,45
1.0,26,45
1.0,34,45
1.0,43,45
1.0,8,46
1.0,19,46
1.0,25,46
1.0,27,46
1.0,38,46
1.0,6,47
1.0,23,47
1.0,32,47
1.0,36,47
1.0,37,47
1.0,12,48
1.0,23,48
1.0,32,48
1.0,36,48
1.0,42,48
1.0,2,49
1.0,10,49
1.0,22,49
1.0,40,49
1.0,45,49
