1.0,1,2
1.0,4,6
1.0,5,8
1.0,8,9
1.0,9,10
1.0,3,11
1.0,10,11
1.0,9,12
1.0,6,13
1.0,13,15
1.0,1,16
1.0,15,16
1.0,7,18
1.0,12,18
1.0,4,19
1.0,7,19
1.0,12,19
1.0,17,19
1.0,3,21
1.0,14,21
1.0,16,21
1.0,0,22
1.0,13,22
1.0,4,23
1.0,17,23
1.0,1,24
1.0,15,24
1.0,18,24
1.0,6,25
1.0,9,25
1.0,23,25
1.0,14,26
1.0,5,27
1.0,8,27
1.0,11,27
1.0,20,27
1.0,7,28
1.0,22,28
1.0,18,29
1.0,21,29
1.0,22,29
1.0,26,29
1.0,0,30
1.0,3,30
1.0,6,30
1.0,12,30
1.0,15,30
1.0,5,31
1.0,6,31
1.0,11,31
1.0,18,31
1.0,25,31
1.0,14,32
1.0,22,32
1.0,28,32
1.0,3,33
1.0,17,33
1.0,24,33
1.0,26,33
1.0,0,34
1.0,11,34
1.0,19,34
1.0,23,34
1.0,27,34
1.0,2,35
1.0,16,35
1.0,17,35
1.0,21,35
1.0,14,36
1.0,28,36
1.0,2,37
1.0,10,37
1.0,26,37
1.0,35,37
1.0,36,37
1.0,13,38
1.0,16,38
1.0,23,38
1.0,29,38
1.0,2,39
1.0,4,39
1.0,5,39
1.0,28,39
1.0,0,40
1.0,2,40
1.0,10,40
1.0,12,40
1.0,8,41
1.0,14,41
1.0,15,41
1.0,17,41
1.0,20,41
1.0,4,42
1.0,26,42
1.0,1,43
1.0,20,43
1.0,24,43
1.0,39,43
1.0,20,44
1.0,32,44
1.0,36,44
1.0,40,44
1.0,1,45
1.0,7,45
1.0,13,45
1.0,33,45
1.0,42,45
1.0,7,46
1.0,32,46
1.0,42,46
1.0,3,47
1.0,10,47
1.0,25,47
1.0,36,47
1.0,46,47
1.0,5,48
1.0,20,48
1.0,38,48
1.0,42,48
1.0,46,48
1.0,0,49
1.0,8,49
1.0,9,49
1.0,43,49
1.0,44,49
