1.0,1,4
1.0,0,6
1.0,6,7
1.0,8,9
1.0,1,10
1.0,4,11
1.0,10,11
1.0,5,12
1.0,11,12
1.0,2,13
1.0,3,13
1.0,6,14
1.0,0,15
1.0,5,15
1.0,3,16
1.0,4,16
1.0,10,16
1.0,0,17
1.0,3,17
1.0,7,17
1.0,5,18
1.0,9,18
1.0,2,19
1.0,10,19
1.0,13,20
1.0,5,21
1.0,19,22
1.0,20,22
1.0,1,23
1.0,21,23
1.0,8,24
1.0,13,24
1.0,8,25
1.0,12,25
1.0,16,25
1.0,17,25
1.0,4,26
1.0,18,26
1.0,15,27
1.0,17,27
1.0,7,28
1.0,20,28
1.0,8,29
1.0,15,29
1.0,26,29
1.0,2,30
1.0,3,30
1.0,10,30
1.0,19,30
1.0,24,31
1.0,6,32
1.0,16,32
1.0,31,32
1.0,3,33
1.0,21,33
1.0,23,33
1.0,2,34
1.0,9,34
1.0,23,34
1.0,32,34
1.0,12,35
1.0,30,35
1.0,31,35
1.0,0,36
1.0,14,36
1.0,22,36
1.0,24,36
1.0,35,36
1.0,11,37
1.0,14,37
1.0,28,37
1.0,9,38
1.0,22,38
1.0,37,38
1.0,8,39
1.0,21,39
1.0,25,39
1.0,38,39
1.0,14,40
1.0,18,40
1.0,22,40
1.0,24,40
1.0,6,41
1.0,7,41
1.0,14,41
1.0,15,41
1.0,31,41
1.0,1,42
1.0,4,42
1.0,26,42
1.0,33,42
1.0,35,42
1.0,9,43
1.0,18,43
1.0,20,43
1.0,38,43
1.0,0,44
1.0,23,44
1.0,26,44
1.0,33,44
1.0,7,45
1.0,12,45
1.0,20,45
1.0,27,45
1.0,28,45
1.0,1,46
1.0,32,46
1.0,37,46
1.0,43,46
1.0,44,46
1.0,11,47
1.0,27,47
1.0,28,47
1.0,29,47
1.0,34,47
1.0,5,48
1.0,13,48
1.0,27,48
1.0,29,48
1.0,31,48
1.0,2,49
1.0,19,49
1.0,21,49
1.0,39,49
1.0,40,49
