1.0,1,2
1.0,1,6
1.0,4,7
1.0,2,9
1.0,8,9
1.0,1,10
1.0,9,10
1.0,0,11
1.0,5,12
1.0,11,13
1.0,11,14
1.0,13,14
1.0,11,15
1.0,2,16
1.0,6,17
1.0,7,17
1.0,13,17
1.0,14,17
1.0,8,18
1.0,0,19
1.0,3,19
1.0,3,20
1.0,4,20
1.0,16,20
1.0,17,20
1.0,1,21
1.0,6,22
1.0,16,22
1.0,20,22
1.0,3,23
1.0,15,23
1.0,21,23
1.0,13,24
1.0,11,25
1.0,19,25
1.0,5,26
1.0,8,26
1.0,22,26
1.0,9,27
1.0,24,27
1.0,10,28
1.0,18,28
1.0,21,28
1.0,25,28
1.0,14,29
1.0,24,29
1.0,25,29
1.0,5,30
1.0,23,30
1.0,26,30
1.0,12,31
1.0,15,31
1.0,27,31
1.0,3,32
1.0,19,32
1.0,23,32
1.0,10,33
1.0,32,33
1.0,4,34
1.0,7,34
1.0,13,34
1.0,21,34
1.0,29,34
1.0,10,35
1.0,12,35
1.0,15,35
1.0,24,35
1.0,33,35
1.0,6,36
1.0,22,36
1.0,27,36
1.0,3,37
1.0,5,37
1.0,8,38
1.0,15,38
1.0,31,38
1.0,5,39
1.0,18,39
1.0,29,39
1.0,37,39
1.0,7,40
1.0,18,40
1.0,32,40
1.0,36,40
1.0,0,41
1.0,7,41
1.0,14,41
1.0,19,41
1.0,21,42
1.0,38,42
1.0,39,42
1.0,40,42
1.0,16,43
1.0,24,43
1.0,26,43
1.0,33,43
1.0,25,44
1.0,28,44
1.0,36,44
1.0,41,44
1.0,4,45
1.0,8,45
1.0,30,45
1.0,37,45
1.0,38,45
1.0,12,46
1.0,30,46
1.0,33,46
1.0,37,46
1.0,44,46
1.0,0,47
1.0,2,47
1.0,4,47
1.0,31,47
1.0,42,47
1.0,2,48
1.0,6,48
1.0,16,48
1.0,27,48
1.0,43,48
1.0,0,49
1.0,1,49
1.0,9,49
1.0,12,49
1.0,18,49
