1.0,0,6
1.0,1,6
1.0,5,7
1.0,4,8
1.0,7,8
1.0,2,9
1.0,5,10
1.0,1,11
1.0,3,13
1.0,10,13
1.0,12,14
1.0,1,15
1.0,4,15
1.0,2,16
1.0,3,16
1.0,12,16
1.0,1,17
1.0,5,17
1.0,8,18
1.0,3,19
1.0,17,19
1.0,13,20
1.0,3,21
1.0,9,21
1.0,5,22
1.0,20,22
1.0,8,23
1.0,18,23
1.0,19,23
1.0,22,23
1.0,14,24
1.0,18,24
1.0,20,24
1.0,2,25
1.0,3,25
1.0,0,26
1.0,11,26
1.0,20,26
1.0,10,27
1.0,17,27
1.0,19,27
1.0,7,28
1.0,9,28
1.0,13,28
1.0,16,28
1.0,22,28
1.0,11,29
1.0,14,29
1.0,18,29
1.0,25,29
1.0,14,30
1.0,21,30
1.0,21,31
1.0,4,32
1.0,9,32
1.0,10,32
1.0,2,33
1.0,7,33
1.0,15,33
1.0,22,33
1.0,0,34
1.0,13,34
1.0,31,34
1.0,0,35
1.0,15,35
1.0,19,35
1.0,23,35
1.0,6,36
1.0,12,36
1.0,15,36
1.0,27,36
1.0,31,37
1.0,34,37
1.0,20,38
1.0,26,38
1.0,32,38
1.0,4,39
1.0,27,39
1.0,30,39
1.0,31,39
1.0,37,39
1.0,6,40
1.0,30,40
1.0,31,40
1.0,37,40
1.0,6,41
1.0,11,41
1.0,14,41
1.0,18,41
1.0,40,41
1.0,21,42
1.0,25,42
1.0,32,42
1.0,37,42
1.0,38,42
1.0,2,43
1.0,24,43
1.0,26,43
1.0,7,44
1.0,12,44
1.0,35,44
1.0,43,44
1.0,8,45
1.0,24,45
1.0,33,45
1.0,36,45
1.0,38,45
1.0,1,46
1.0,9,46
1.0,25,46
1.0,34,46
1.0,0,47
1.0,11,47
1.0,12,47
1.0,43,47
1.0,4,48
1.0,5,48
1.0,16,48
1.0,17,48
1.0,30,48
1.0,10,49
1.0,29,49
1.0,44,49
1.0,46,49
1.0,47,49
