1.0,4,5
1.0,5,7
1.0,6,7
1.0,4,9
1.0,6,9
1.0,0,10
1.0,8,10
1.0,7,11
1.0,8,11
1.0,6,12
1.0,3,13
1.0,6,13
1.0,2,15
1.0,1,16
1.0,9,16
1.0,2,17
1.0,3,17
1.0,9,17
1.0,16,17
1.0,1,18
1.0,8,18
1.0,15,22
1.0,18,22
1.0,20,22
1.0,3,23
1.0,14,23
1.0,2,24
1.0,8,24
1.0,23,24
1.0,9,25
1.0,20,25
1.0,1,26
1.0,19,26
1.0,23,26
1.0,2,27
1.0,5,27
1.0,1,28
1.0,2,28
1.0,16,28
1.0,22,28
1.0,5,29
1.0,24,29
1.0,27,29
1.0,7,30
1.0,19,30
1.0,23,30
1.0,26,30
1.0,7,31
1.0,17,31
1.0,27,31
1.0,10,32
1.0,13,32
1.0,21,32
1.0,22,32
1.0,14,33
1.0,21,33
1.0,25,33
1.0,15,34
1.0,30,34
1.0,31,34
1.0,0,35
1.0,3,35
1.0,11,35
1.0,18,35
1.0,32,35
1.0,11,36
1.0,12,36
1.0,27,36
1.0,29,36
1.0,4,37
1.0,15,37
1.0,19,37
1.0,31,37
1.0,0,38
1.0,6,38
1.0,10,38
1.0,25,38
1.0,0,39
1.0,4,39
1.0,5,39
1.0,26,39
1.0,12,40
1.0,20,40
1.0,21,40
1.0,33,40
1.0,10,41
1.0,15,41
1.0,34,41
1.0,37,41
1.0,0,42
1.0,33,42
1.0,39,42
1.0,40,42
1.0,41,42
1.0,8,43
1.0,13,43
1.0,16,43
1.0,19,43
1.0,20,43
1.0,18,44
1.0,19,44
1.0,24,44
1.0,25,44
1.0,4,45
1.0,14,45
1.0,20,45
1.0,38,45
1.0,12,46
1.0,21,46
1.0,28,46
1.0,36,46
1.0,45,46
1.0,1,47
1.0,11,47
1.0,14,47
1.0,13,48
1.0,14,48
1.0,34,48
1.0,44,48
1.0,47,48
1.0,3,49
1.0,12,49
1.0,21,49
1.0,29,49
1.0,47,49
