1.0,2,5
1.0,0,6
1.0,4,6
1.0,1,7
1.0,2,7
1.0,6,7
1.0,2,11
1.0,4,11
1.0,5,12
1.0,9,12
1.0,11,13
1.0,0,14
1.0,12,14
1.0,13,14
1.0,4,15
1.0,13,15
1.0,14,16
1.0,2,17
1.0,1,19
1.0,17,19
1.0,5,20
1.0,16,20
1.0,8,21
1.0,10,21
1.0,8,22
1.0,12,22
1.0,1,23
1.0,3,23
1.0,10,23
1.0,15,23
1.0,19,24
1.0,22,24
1.0,2,25
1.0,5,25
1.0,8,25
1.0,13,26
1.0,1,27
1.0,3,27
1.0,7,27
1.0,18,27
1.0,9,28
1.0,19,28
1.0,21,28
1.0,25,28
1.0,26,28
1.0,6,29
1.0,1,30
1.0,13,30
1.0,24,30
1.0,29,30
1.0,4,31
1.0,9,31
1.0,26,31
1.0,29,31
1.0,0,32
1.0,9,32
1.0,16,32
1.0,17,33
1.0,26,33
1.0,6,34
1.0,11,34
1.0,18,34
1.0,32,34
1.0,8,35
1.0,10,35
1.0,18,35
1.0,14,36
1.0,15,36
1.0,29,36
1.0,33,36
1.0,5,37
1.0,22,37
1.0,0,38
1.0,16,38
1.0,22,38
1.0,23,38
1.0,33,38
1.0,3,39
1.0,8,39
1.0,19,39
1.0,33,39
1.0,0,40
1.0,16,40
1.0,18,40
1.0,26,40
1.0,31,40
1.0,11,41
1.0,35,41
1.0,36,41
1.0,37,41
1.0,20,42
1.0,21,42
1.0,24,42
1.0,34,42
1.0,37,42
1.0,10,43
1.0,17,43
1.0,20,43
1.0,4,44
1.0,30,44
1.0,39,44
1.0,9,45
1.0,15,45
1.0,27,45
1.0,29,45
1.0,44,45
1.0,10,46
1.0,20,46
1.0,43,46
1.0,44,46
1.0,3,47
1.0,21,47
1.0,25,47
1.0,32,47
1.0,41,47
1.0,7,48
1.0,17,48
1.0,24,48
1.0,43,48
1.0,46,48
1.0,3,49
1.0,12,49
1.0,18,49
1.0,35,49
1.0,37,49
