1.0,1,2
1.0,2,3
1.0,3,5
1.0,0,6
1.0,2,8
1.0,7,8
1.0,0,9
1.0,8,9
1.0,2,11
1.0,2,12
1.0,7,12
1.0,1,13
1.0,7,13
1.0,11,13
1.0,13,15
1.0,4,16
1.0,5,16
1.0,3,18
1.0,15,19
1.0,4,20
1.0,9,20
1.0,18,20
1.0,11,21
1.0,16,21
1.0,9,22
1.0,14,23
1.0,17,23
1.0,18,23
1.0,5,24
1.0,6,24
1.0,9,24
1.0,0,25
1.0,11,26
1.0,19,26
1.0,24,26
1.0,3,27
1.0,6,27
1.0,11,27
1.0,14,27
1.0,21,27
1.0,1,28
1.0,7,28
1.0,19,28
1.0,4,29
1.0,17,29
1.0,19,29
1.0,14,30
1.0,15,30
1.0,6,31
1.0,18,31
1.0,23,31
1.0,10,32
1.0,15,32
1.0,24,32
1.0,25,32
1.0,0,33
1.0,12,33
1.0,22,33
1.0,18,34
1.0,22,34
1.0,23,34
1.0,25,34
1.0,3,35
1.0,4,35
1.0,8,35
1.0,12,35
1.0,25,35
1.0,17,36
1.0,20,36
1.0,28,36
1.0,16,37
1.0,22,37
1.0,28,37
1.0,36,37
1.0,0,38
1.0,14,38
1.0,26,38
1.0,29,38
1.0,30,39
1.0,31,39
1.0,5,40
1.0,10,40
1.0,13,40
1.0,15,40
1.0,22,40
1.0,21,41
1.0,38,41
1.0,39,41
1.0,1,42
1.0,7,42
1.0,20,42
1.0,31,42
1.0,36,42
1.0,17,43
1.0,25,43
1.0,30,43
1.0,32,43
1.0,41,43
1.0,10,44
1.0,21,44
1.0,26,44
1.0,34,44
1.0,1,45
1.0,4,45
1.0,10,45
1.0,33,45
1.0,5,46
1.0,10,46
1.0,17,46
1.0,30,46
1.0,39,46
1.0,12,47
1.0,37,47
1.0,39,47
1.0,45,47
1.0,14,48
1.0,16,48
1.0,19,48
1.0,33,48
1.0,44,48
1.0,6,49
1.0,8,49
1.0,29,49
1.0,41,49
1.0,47,49
