1.0,2,3
1.0,0,4
1.0,4,8
1.0,1,9
1.0,7,9
1.0,6,11
1.0,7,11
1.0,5,13
1.0,5,14
1.0,6,14
1.0,2,16
1.0,10,16
1.0,1,17
1.0,10,17
1.0,7,18
1.0,12,18
1.0,5,19
1.0,13,19
1.0,10,20
1.0,19,20
1.0,1,21
1.0,3,22
1.0,4,22
1.0,5,22
1.0,10,23
1.0,7,24
1.0,10,24
1.0,18,24
1.0,11,25
1.0,17,25
1.0,23,25
1.0,5,26
1.0,8,26
1.0,21,26
1.0,22,26
1.0,23,26
1.0,13,27
1.0,15,27
1.0,0,28
1.0,12,28
1.0,22,28
1.0,0,29
1.0,6,29
1.0,9,29
1.0,15,29
1.0,1,30
1.0,14,30
1.0,16,30
1.0,4,31
1.0,12,31
1.0,13,31
1.0,2,32
1.0,15,32
1.0,21,32
1.0,28,32
1.0,19,33
1.0,31,33
1.0,3,34
1.0,16,34
1.0,24,34
1.0,27,34
1.0,2,35
1.0,3,35
1.0,12,35
1.0,11,36
1.0,19,36
1.0,28,36
1.0,30,36
1.0,2,37
1.0,6,37
1.0,15,37
1.0,33,37
1.0,14,38
1.0,16,38
1.0,17,38
1.0,20,38
1.0,12,39
1.0,24,39
1.0,36,39
1.0,38,39
1.0,15,40
1.0,35,40
1.0,1,41
1.0,9,41
1.0,18,41
1.0,23,41
1.0,33,41
1.0,25,42
1.0,31,42
1.0,34,42
1.0,40,42
1.0,17,43
1.0,18,43
1.0,25,43
1.0,33,43
1.0,35,43
1.0,6,44
1.0,8,44
1.0,14,44
1.0,27,44
1.0,40,44
1.0,13,45
1.0,20,45
1.0,23,45
1.0,27,45
1.0,39,45
1.0,0,46
1.0,29,46
1.0,37,46
1.0,40,46
1.0,3,47
1.0,8,47
1.0,21,47
1.0,32,47
1.0,46,47
1.0,4,48
1.0,8,48
1.0,20,48
1.0,21,48
1.0,30,48
1.0,0,49
1.0,7,49
1.0,9,49
1.0,11,49
1.0,42,49
