1.0,1,2
1.0,0,6
1.0,2,6
1.0,3,6
1.0,0,7
1.0,0,9
1.0,8,9
1.0,10,11
1.0,3,12
1.0,9,12
1.0,1,13
1.0,6,14
1.0,7,14
1.0,15,16
1.0,8,17
1.0,9,18
1.0,15,19
1.0,0,20
1.0,10,20
1.0,13,21
1.0,17,21
1.0,8,23
1.0,17,23
1.0,2,24
1.0,5,24
1.0,10,24
1.0,14,25
1.0,19,25
1.0,22,25
1.0,1,26
1.0,5,26
1.0,16,26
1.0,5,27
1.0,13,27
1.0,19,27
1.0,26,27
1.0,4,28
1.0,22,28
1.0,14,29
1.0,26,29
1.0,28,29
1.0,12,30
1.0,14,30
1.0,18,30
1.0,11,31
1.0,15,31
1.0,20,31
1.0,24,31
1.0,4,32
1.0,10,32
1.0,29,32
1.0,3,33
1.0,5,33
1.0,8,33
1.0,13,33
1.0,25,33
1.0,11,34
1.0,21,34
1.0,22,34
1.0,30,34
1.0,3,35
1.0,8,35
1.0,12,35
1.0,23,35
1.0,4,36
1.0,16,36
1.0,19,36
1.0,20,36
1.0,9,37
1.0,15,37
1.0,32,37
1.0,34,37
1.0,7,38
1.0,19,38
1.0,21,38
1.0,35,38
1.0,4,39
1.0,16,39
1.0,17,39
1.0,28,39
1.0,2,40
1.0,21,40
1.0,23,40
1.0,2,41
1.0,17,41
1.0,18,41
1.0,20,41
1.0,25,41
1.0,1,42
1.0,7,42
1.0,22,42
1.0,28,42
1.0,0,43
1.0,5,43
1.0,12,43
1.0,29,43
1.0,4,44
1.0,32,44
1.0,36,44
1.0,42,44
1.0,10,45
1.0,11,45
1.0,23,45
1.0,24,45
1.0,38,45
1.0,7,46
1.0,11,46
1.0,18,46
1.0,37,46
1.0,39,46
1.0,1,47
1.0,3,47
1.0,15,47
1.0,22,47
1.0,44,47
1.0,6,48
1.0,16,48
1.0,18,48
1.0,40,48
1.0,43,48
1.0,13,49
1.0,27,49
1.0,30,49
1.0,31,49
1.0,40,49
