1.0,0,4
1.0,3,5
1.0,4,5
1.0,0,8
1.0,2,9
1.0,0,10
1.0,3,11
1.0,9,11
1.0,6,13
1.0,8,13
1.0,4,16
1.0,10,16
1.0,13,16
1.0,15,16
1.0,9,17
1.0,14,17
1.0,11,18
1.0,12,18
1.0,14,18
1.0,1,19
1.0,6,19
1.0,14,19
1.0,12,20
1.0,9,21
1.0,14,21
1.0,1,22
1.0,2,22
1.0,20,22
1.0,13,23
1.0,21,23
1.0,22,23
1.0,14,24
1.0,16,24
1.0,19,24
1.0,1,25
1.0,8,25
1.0,15,26
1.0,23,26
1.0,4,27
1.0,20,27
1.0,21,27
1.0,11,28
1.0,7,29
1.0,8,29
1.0,18,29
1.0,26,29
1.0,4,30
1.0,17,30
1.0,28,30
1.0,2,31
1.0,25,31
1.0,1,32
1.0,11,32
1.0,20,32
1.0,29,32
1.0,3,33
1.0,15,33
1.0,31,33
1.0,26,34
1.0,31,34
1.0,1,35
1.0,18,35
1.0,24,35
1.0,0,36
1.0,10,36
1.0,17,36
1.0,31,36
1.0,2,37
1.0,24,37
1.0,28,37
1.0,32,37
1.0,7,38
1.0,10,38
1.0,13,38
1.0,26,38
1.0,5,39
1.0,10,39
1.0,27,39
1.0,36,39
1.0,0,40
1.0,5,40
1.0,7,40
1.0,12,40
1.0,8,41
1.0,9,41
1.0,34,41
1.0,38,41
1.0,40,41
1.0,15,42
1.0,20,42
1.0,25,42
1.0,33,42
1.0,34,42
1.0,3,43
1.0,6,43
1.0,17,43
1.0,35,43
1.0,7,44
1.0,15,44
1.0,28,44
1.0,30,44
1.0,7,45
1.0,19,45
1.0,33,45
1.0,39,45
1.0,3,46
1.0,12,46
1.0,21,46
1.0,22,46
1.0,45,46
1.0,12,47
1.0,25,47
1.0,28,47
1.0,35,47
1.0,43,47
1.0,5,48
1.0,6,48
1.0,23,48
1.0,37,48
1.0,44,48
1.0,2,49
1.0,6,49
1.0,27,49
1.0,30,49
1.0,34,49
