1.0,2,3
1.0,0,5
1.0,4,6
1.0,0,7
1.0,4,8
1.0,5,11
1.0,3,12
1.0,10,12
1.0,10,13
1.0,3,14
1.0,5,14
1.0,3,16
1.0,4,17
1.0,10,18
1.0,13,18
1.0,2,19
1.0,8,20
1.0,1,21
1.0,3,21
1.0,7,21
1.0,12,21
1.0,9,22
1.0,15,22
1.0,19,22
1.0,13,23
1.0,1,24
1.0,15,24
1.0,1,25
1.0,19,25
1.0,7,26
1.0,8,26
1.0,17,26
1.0,25,26
1.0,2,27
1.0,11,27
1.0,15,27
1.0,16,27
1.0,7,28
1.0,13,28
1.0,18,28
1.0,24,29
1.0,0,30
1.0,20,30
1.0,22,30
1.0,25,30
1.0,5,31
1.0,30,31
1.0,2,32
1.0,12,32
1.0,0,33
1.0,6,33
1.0,11,33
1.0,13,33
1.0,23,33
1.0,4,34
1.0,8,34
1.0,10,34
1.0,17,34
1.0,23,34
1.0,1,35
1.0,17,35
1.0,29,35
1.0,31,35
1.0,8,36
1.0,18,36
1.0,20,36
1.0,21,36
1.0,9,37
1.0,11,37
1.0,27,37
1.0,29,37
1.0,5,38
1.0,12,38
1.0,26,38
1.0,28,38
1.0,37,38
1.0,0,39
1.0,6,39
1.0,18,39
1.0,25,39
1.0,10,40
1.0,17,40
1.0,11,41
1.0,19,41
1.0,22,41
1.0,40,41
1.0,9,42
1.0,14,42
1.0,19,42
1.0,32,42
1.0,40,42
1.0,6,43
1.0,7,43
1.0,29,43
1.0,40,43
1.0,9,44
1.0,14,44
1.0,15,44
1.0,24,44
1.0,35,44
1.0,9,45
1.0,14,45
1.0,15,45
1.0,20,45
1.0,36,45
1.0,16,46
1.0,20,46
1.0,24,46
1.0,31,46
1.0,41,46
1.0,4,47
1.0,16,47
1.0,29,47
1.0,31,47
1.0,32,47
1.0,6,48
1.0,16,48
1.0,23,48
1.0,28,48
1.0,39,48
1.0,1,49
1.0,2,49
1.0,23,49
1.0,32,49
1.0,43,49
