1.0,1,3
1.0,2,4
1.0,4,6
1.0,6,9
1.0,8,10
1.0,5,12
1.0,3,13
1.0,8,13
1.0,7,14
1.0,9,14
1.0,12,14
1.0,1,15
1.0,11,15
1.0,14,16
1.0,0,17
1.0,7,18
1.0,11,18
1.0,1,19
1.0,10,19
1.0,0,20
1.0,17,20
1.0,3,21
1.0,5,22
1.0,21,22
1.0,10,23
1.0,16,23
1.0,5,24
1.0,7,24
1.0,13,24
1.0,15,24
1.0,1,25
1.0,17,25
1.0,21,25
1.0,23,25
1.0,4,26
1.0,8,26
1.0,9,26
1.0,10,26
1.0,16,27
1.0,18,27
1.0,6,28
1.0,18,28
1.0,27,28
1.0,11,29
1.0,15,29
1.0,21,29
1.0,25,29
1.0,2,30
1.0,9,30
1.0,19,30
1.0,0,31
1.0,5,31
1.0,21,31
1.0,13,32
1.0,20,32
1.0,17,33
1.0,28,33
1.0,32,33
1.0,0,34
1.0,4,34
1.0,22,35
1.0,31,35
1.0,34,35
1.0,3,36
1.0,4,36
1.0,8,36
1.0,15,36
1.0,22,36
1.0,22,37
1.0,27,37
1.0,33,37
1.0,1,38
1.0,2,38
1.0,19,38
1.0,23,38
1.0,33,38
1.0,3,39
1.0,5,39
1.0,17,39
1.0,30,39
1.0,7,40
1.0,10,40
1.0,26,40
1.0,32,40
1.0,34,40
1.0,2,41
1.0,30,41
1.0,35,41
1.0,7,42
1.0,12,42
1.0,20,42
1.0,28,42
1.0,13,43
1.0,18,43
1.0,23,43
1.0,24,43
1.0,9,44
1.0,12,44
1.0,16,44
1.0,37,44
1.0,41,44
1.0,6,45
1.0,19,45
1.0,35,45
1.0,41,45
1.0,43,45
1.0,11,46
1.0,12,46
1.0,37,46
1.0,39,46
1.0,0,47
1.0,2,47
1.0,14,47
1.0,20,47
1.0,27,47
1.0,6,48
1.0,8,48
1.0,11,48
1.0,16,48
1.0,29,48
1.0,31,49
1.0,32,49
1.0,34,49
1.0,42,49
1.0,46,49
