1.0,0,1
1.0,0,4
1.0,1,4
1.0,3,8
1.0,6,9
1.0,5,10
1.0,5,13
1.0,12,13
1.0,3,14
1.0,2,15
1.0,9,17
1.0,12,17
1.0,10,18
1.0,14,19
1.0,16,19
1.0,7,20
1.0,12,20
1.0,11,21
1.0,14,21
1.0,6,22
1.0,21,22
1.0,22,23
1.0,17,24
1.0,18,24
1.0,8,25
1.0,15,25
1.0,20,25
1.0,24,25
1.0,13,26
1.0,15,26
1.0,8,27
1.0,13,27
1.0,14,27
1.0,18,27
1.0,19,27
1.0,10,28
1.0,17,28
1.0,26,28
1.0,0,29
1.0,1,29
1.0,12,29
1.0,23,29
1.0,6,30
1.0,4,31
1.0,9,31
1.0,30,31
1.0,10,32
1.0,22,32
1.0,28,32
1.0,1,33
1.0,8,33
1.0,11,33
1.0,25,33
1.0,2,34
1.0,20,34
1.0,23,34
1.0,30,34
1.0,2,35
1.0,3,35
1.0,4,35
1.0,12,35
1.0,16,35
1.0,5,36
1.0,10,36
1.0,17,36
1.0,29,36
1.0,0,37
1.0,6,37
1.0,7,37
1.0,22,37
1.0,15,38
1.0,31,38
1.0,32,38
1.0,34,38
1.0,2,39
1.0,3,39
1.0,26,39
1.0,3,40
1.0,5,40
1.0,8,40
1.0,18,40
1.0,21,40
1.0,2,41
1.0,5,41
1.0,16,41
1.0,19,41
1.0,28,41
1.0,0,42
1.0,6,42
1.0,9,42
1.0,15,42
1.0,7,43
1.0,11,43
1.0,26,43
1.0,36,43
1.0,7,44
1.0,11,44
1.0,38,44
1.0,39,44
1.0,43,44
1.0,1,45
1.0,11,45
1.0,16,45
1.0,19,45
1.0,37,45
1.0,9,46
1.0,30,46
1.0,31,46
1.0,32,46
1.0,42,46
1.0,4,47
1.0,7,47
1.0,24,47
1.0,30,47
1.0,33,47
1.0,14,48
1.0,18,48
1.0,21,48
1.0,23,48
1.0,39,48
1.0,13,49
1.0,16,49
1.0,20,49
1.0,23,49
1.0,24,49
