1.0,3,4
1.0,4,5
1.0,0,6
1.0,3,8
1.0,4,8
1.0,1,9
1.0,2,9
1.0,7,9
1.0,10,11
1.0,0,12
1.0,8,12
1.0,1,13
1.0,12,13
1.0,6,14
1.0,10,14
1.0,13,14
1.0,1,15
1.0,3,15
1.0,10,16
1.0,12,16
1.0,6,17
1.0,7,17
1.0,16,17
1.0,15,18
1.0,4,20
1.0,11,20
1.0,18,20
1.0,4,21
1.0,15,21
1.0,12,22
1.0,20,22
1.0,3,23
1.0,10,23
1.0,22,23
1.0,16,24
1.0,18,24
1.0,10,25
1.0,2,26
1.0,1,27
1.0,11,27
1.0,5,28
1.0,14,28
1.0,24,28
1.0,26,28
1.0,23,29
1.0,1,30
1.0,9,30
1.0,17,30
1.0,20,30
1.0,14,31
1.0,24,31
1.0,7,32
1.0,25,32
1.0,29,32
1.0,2,33
1.0,6,33
1.0,27,33
1.0,17,34
1.0,19,34
1.0,25,34
1.0,29,34
1.0,32,34
1.0,0,35
1.0,24,35
1.0,33,35
1.0,0,36
1.0,9,36
1.0,11,36
1.0,19,36
1.0,7,37
1.0,21,37
1.0,26,37
1.0,30,37
1.0,21,38
1.0,22,38
1.0,25,38
1.0,29,38
1.0,0,39
1.0,5,39
1.0,23,39
1.0,5,40
1.0,8,40
1.0,16,40
1.0,26,40
1.0,28,40
1.0,31,41
1.0,33,41
1.0,32,42
1.0,35,42
1.0,36,42
1.0,38,42
1.0,2,43
1.0,18,43
1.0,21,43
1.0,31,43
1.0,5,44
1.0,13,44
1.0,15,44
1.0,35,44
1.0,39,44
1.0,2,45
1.0,7,45
1.0,27,45
1.0,39,45
1.0,41,45
1.0,6,46
1.0,11,46
1.0,19,46
1.0,25,46
1.0,27,46
1.0,13,47
1.0,19,47
1.0,41,47
1.0,42,47
1.0,43,47
1.0,18,48
1.0,19,48
1.0,26,48
1.0,37,48
1.0,41,48
1.0,3,49
1.0,8,49
1.0,22,49
1.0,29,49
1.0,31,49
