1.0,2,5
1.0,3,5
1.0,4,8
1.0,7,10
1.0,7,12
1.0,8,12
1.0,11,13
1.0,2,14
1.0,10,14
1.0,6,15
1.0,9,15
1.0,12,15
1.0,10,16
1.0,8,17
1.0,9,17
1.0,15,17
1.0,13,18
1.0,6,19
1.0,16,19
1.0,0,20
1.0,4,20
1.0,16,20
1.0,7,21
1.0,18,21
1.0,3,22
1.0,11,23
1.0,14,23
1.0,21,23
1.0,3,24
1.0,7,24
1.0,11,24
1.0,13,25
1.0,22,25
1.0,2,26
1.0,6,26
1.0,2,27
1.0,3,27
1.0,18,27
1.0,1,28
1.0,20,28
1.0,22,28
1.0,26,28
1.0,4,29
1.0,18,29
1.0,27,29
1.0,0,30
1.0,10,30
1.0,14,30
1.0,19,30
1.0,1,31
1.0,5,31
1.0,13,31
1.0,25,31
1.0,5,32
1.0,13,32
1.0,25,32
1.0,0,33
1.0,6,33
1.0,11,33
1.0,24,33
1.0,29,33
1.0,4,34
1.0,9,34
1.0,22,34
1.0,23,34
1.0,28,35
1.0,0,36
1.0,8,36
1.0,11,36
1.0,18,36
1.0,19,36
1.0,9,37
1.0,14,37
1.0,23,37
1.0,1,38
1.0,8,38
1.0,12,38
1.0,7,39
1.0,16,39
1.0,19,39
1.0,27,39
1.0,26,40
1.0,31,40
1.0,35,40
1.0,37,40
1.0,3,41
1.0,17,41
1.0,29,41
1.0,15,42
1.0,24,42
1.0,37,42
1.0,40,42
1.0,1,43
1.0,16,43
1.0,17,43
1.0,35,43
1.0,4,44
1.0,21,44
1.0,22,44
1.0,34,44
1.0,35,44
1.0,9,45
1.0,30,45
1.0,38,45
1.0,39,45
1.0,1,46
1.0,21,46
1.0,32,46
1.0,35,46
1.0,43,46
1.0,5,47
1.0,6,47
1.0,12,47
1.0,25,47
1.0,41,47
1.0,20,48
1.0,26,48
1.0,32,48
1.0,38,48
1.0,42,48
1.0,0,49
1.0,2,49
1.0,10,49
1.0,41,49
1.0,45,49
