1.0,3,4
1.0,2,9
1.0,5,9
1.0,7,11
1.0,9,11
1.0,5,12
1.0,7,12
1.0,11,12
1.0,4,13
1.0,7,13
1.0,4,14
1.0,11,14
1.0,14,15
1.0,4,16
1.0,12,17
1.0,2,18
1.0,10,18
1.0,4,19
1.0,11,19
1.0,13,19
1.0,10,20
1.0,17,20
1.0,0,21
1.0,5,21
1.0,3,22
1.0,9,22
1.0,18,22
1.0,6,23
1.0,17,23
1.0,20,24
1.0,0,25
1.0,22,25
1.0,1,26
1.0,3,26
1.0,6,26
1.0,12,27
1.0,26,27
1.0,0,28
1.0,3,28
1.0,15,28
1.0,20,28
1.0,25,28
1.0,24,29
1.0,27,29
1.0,1,30
1.0,6,30
1.0,19,30
1.0,24,30
1.0,5,31
1.0,21,31
1.0,29,31
1.0,0,33
1.0,1,33
1.0,8,33
1.0,13,33
1.0,25,33
1.0,16,34
1.0,23,34
1.0,27,34
1.0,17,35
1.0,29,35
1.0,32,35
1.0,10,36
1.0,15,36
1.0,16,36
1.0,17,36
1.0,1,37
1.0,5,37
1.0,23,37
1.0,29,37
1.0,24,38
1.0,27,38
1.0,34,38
1.0,2,39
1.0,6,39
1.0,8,39
1.0,23,39
1.0,32,39
1.0,0,40
1.0,13,40
1.0,32,40
1.0,37,40
1.0,38,40
1.0,15,41
1.0,16,41
1.0,18,41
1.0,20,41
1.0,30,41
1.0,2,42
1.0,6,42
1.0,9,42
1.0,32,42
1.0,1,43
1.0,3,43
1.0,26,43
1.0,34,43
1.0,38,43
1.0,7,44
1.0,19,44
1.0,24,44
1.0,25,44
1.0,31,44
1.0,8,45
1.0,10,45
1.0,14,45
1.0,18,45
1.0,8,46
1.0,10,46
1.0,16,46
1.0,21,46
1.0,35,46
1.0,7,47
1.0,8,47
1.0,15,47
1.0,21,47
1.0,36,47
1.0,14,48
1.0,22,48
1.0,35,48
1.0,42,48
1.0,2,49
1.0,31,49
1.0,32,49
1.0,45,49
1.0,48,49
