1.0,0,2
1.0,2,3
1.0,1,5
1.0,5,7
1.0,6,8
1.0,9,12
1.0,12,13
1.0,9,15
1.0,12,15
1.0,1,16
1.0,3,16
1.0,4,17
1.0,4,18
1.0,10,19
1.0,15,19
1.0,5,20
1.0,13,20
1.0,15,20
1.0,0,21
1.0,12,21
1.0,16,21
1.0,3,22
1.0,11,23
1.0,17,23
1.0,8,24
1.0,11,24
1.0,13,25
1.0,17,25
1.0,20,25
1.0,24,25
1.0,10,26
1.0,2,27
1.0,7,27
1.0,14,27
1.0,25,27
1.0,4,28
1.0,7,28
1.0,14,28
1.0,20,28
1.0,26,28
1.0,0,29
1.0,1,29
1.0,4,29
1.0,9,29
1.0,18,29
1.0,6,30
1.0,8,31
1.0,17,31
1.0,19,31
1.0,27,31
1.0,1,32
1.0,3,32
1.0,6,32
1.0,10,32
1.0,15,32
1.0,0,33
1.0,12,33
1.0,0,34
1.0,1,34
1.0,18,34
1.0,8,35
1.0,16,35
1.0,30,35
1.0,33,35
1.0,5,36
1.0,8,36
1.0,18,36
1.0,26,36
1.0,11,37
1.0,16,37
1.0,26,37
1.0,31,37
1.0,9,38
1.0,10,38
1.0,24,38
1.0,26,38
1.0,4,39
1.0,7,39
1.0,11,39
1.0,33,39
1.0,5,40
1.0,14,40
1.0,19,40
1.0,35,40
1.0,14,41
1.0,21,41
1.0,33,41
1.0,7,42
1.0,13,42
1.0,23,42
1.0,30,42
1.0,41,42
1.0,21,43
1.0,23,43
1.0,30,43
1.0,38,43
1.0,3,44
1.0,6,44
1.0,11,44
1.0,14,44
1.0,22,44
1.0,2,45
1.0,22,45
1.0,37,45
1.0,39,45
1.0,13,46
1.0,19,46
1.0,22,46
1.0,24,46
1.0,34,46
1.0,18,47
1.0,30,47
1.0,34,47
1.0,40,47
1.0,45,47
1.0,2,48
1.0,6,48
1.0,10,48
1.0,22,48
1.0,41,48
1.0,9,49
1.0,17,49
1.0,23,49
1.0,36,49
1.0,43,49
