1.0,2,3
1.0,0,7
1.0,3,8
1.0,6,9
1.0,7,10
1.0,0,11
1.0,10,11
1.0,2,12
1.0,6,12
1.0,9,14
1.0,3,15
1.0,13,15
1.0,5,16
1.0,7,16
1.0,6,17
1.0,13,17
1.0,16,17
1.0,14,18
1.0,11,19
1.0,5,20
1.0,9,20
1.0,10,20
1.0,4,21
1.0,5,21
1.0,1,22
1.0,4,22
1.0,21,22
1.0,11,23
1.0,5,24
1.0,8,24
1.0,0,25
1.0,19,25
1.0,20,25
1.0,22,25
1.0,9,26
1.0,18,26
1.0,24,26
1.0,1,27
1.0,10,27
1.0,13,27
1.0,3,28
1.0,4,28
1.0,23,29
1.0,24,29
1.0,28,29
1.0,8,30
1.0,7,31
1.0,14,31
1.0,26,31
1.0,29,31
1.0,4,32
1.0,5,32
1.0,8,32
1.0,22,32
1.0,1,33
1.0,14,33
1.0,18,33
1.0,19,33
1.0,28,33
1.0,2,34
1.0,11,34
1.0,16,34
1.0,29,34
1.0,8,35
1.0,27,35
1.0,34,35
1.0,0,36
1.0,15,36
1.0,19,36
1.0,31,36
1.0,26,37
1.0,1,38
1.0,9,38
1.0,23,38
1.0,30,38
1.0,37,38
1.0,6,39
1.0,18,39
1.0,21,39
1.0,30,39
1.0,15,40
1.0,24,40
1.0,35,40
1.0,10,41
1.0,14,41
1.0,17,41
1.0,20,41
1.0,36,41
1.0,12,42
1.0,13,42
1.0,17,42
1.0,40,42
1.0,1,43
1.0,19,43
1.0,21,43
1.0,37,43
1.0,39,43
1.0,12,44
1.0,18,44
1.0,37,44
1.0,42,44
1.0,2,45
1.0,12,45
1.0,27,45
1.0,37,45
1.0,44,45
1.0,0,46
1.0,4,46
1.0,6,46
1.0,25,46
1.0,28,46
1.0,13,47
1.0,16,47
1.0,30,47
1.0,40,47
1.0,7,48
1.0,23,48
1.0,30,48
1.0,32,48
1.0,35,48
1.0,2,49
1.0,3,49
1.0,15,49
1.0,23,49
1.0,47,49
