1.0,4,7
1.0,0,8
1.0,3,8
1.0,1,9
1.0,1,10
1.0,7,10
1.0,8,10
1.0,1,11
1.0,10,11
1.0,1,12
1.0,3,13
1.0,9,15
1.0,4,16
1.0,6,16
1.0,14,16
1.0,0,17
1.0,14,17
1.0,13,18
1.0,7,19
1.0,15,19
1.0,19,20
1.0,2,21
1.0,12,21
1.0,14,21
1.0,5,22
1.0,6,22
1.0,19,22
1.0,20,22
1.0,3,23
1.0,17,23
1.0,16,24
1.0,4,25
1.0,5,25
1.0,6,25
1.0,18,25
1.0,5,26
1.0,12,26
1.0,13,26
1.0,0,27
1.0,9,27
1.0,16,27
1.0,26,27
1.0,11,28
1.0,21,28
1.0,11,29
1.0,12,29
1.0,10,30
1.0,13,30
1.0,7,31
1.0,24,31
1.0,2,32
1.0,5,32
1.0,9,32
1.0,15,32
1.0,6,33
1.0,8,33
1.0,17,33
1.0,28,33
1.0,20,34
1.0,25,34
1.0,29,34
1.0,2,35
1.0,14,35
1.0,15,35
1.0,24,35
1.0,33,35
1.0,18,36
1.0,22,36
1.0,29,36
1.0,2,37
1.0,4,37
1.0,24,37
1.0,29,37
1.0,34,37
1.0,6,38
1.0,18,38
1.0,3,39
1.0,12,39
1.0,28,39
1.0,36,39
1.0,17,40
1.0,20,40
1.0,24,40
1.0,27,40
1.0,2,41
1.0,7,41
1.0,32,41
1.0,39,41
1.0,11,42
1.0,30,42
1.0,34,42
1.0,40,42
1.0,1,43
1.0,21,43
1.0,23,43
1.0,31,43
1.0,8,44
1.0,9,44
1.0,18,44
1.0,30,44
1.0,3,45
1.0,14,45
1.0,20,45
1.0,38,45
1.0,41,45
1.0,15,46
1.0,23,46
1.0,31,46
1.0,38,46
1.0,42,46
1.0,0,47
1.0,4,47
1.0,38,47
1.0,43,47
1.0,44,47
1.0,23,48
1.0,26,48
1.0,28,48
1.0,31,48
1.0,36,48
1.0,0,49
1.0,5,49
1.0,13,49
1.0,19,49
1.0,30,49
