1.0,0,2
1.0,1,3
1.0,5,9
1.0,3,11
1.0,6,11
1.0,10,11
1.0,6,12
1.0,8,12
1.0,10,12
1.0,2,13
1.0,0,15
1.0,8,16
1.0,13,16
1.0,5,17
1.0,13,17
1.0,6,18
1.0,14,18
1.0,4,19
1.0,7,20
1.0,15,20
1.0,20,21
1.0,6,22
1.0,0,23
1.0,13,23
1.0,14,23
1.0,14,24
1.0,19,24
1.0,20,24
1.0,21,24
1.0,0,25
1.0,20,25
1.0,9,26
1.0,19,26
1.0,4,27
1.0,5,27
1.0,16,27
1.0,2,28
1.0,7,28
1.0,18,28
1.0,18,29
1.0,25,29
1.0,27,29
1.0,28,29
1.0,7,30
1.0,19,30
1.0,4,31
1.0,6,31
1.0,26,31
1.0,10,32
1.0,17,32
1.0,22,32
1.0,1,33
1.0,10,33
1.0,18,33
1.0,28,33
1.0,1,34
1.0,5,34
1.0,17,34
1.0,21,34
1.0,32,34
1.0,3,35
1.0,14,35
1.0,25,35
1.0,1,36
1.0,2,36
1.0,15,36
1.0,27,36
1.0,30,36
1.0,9,37
1.0,14,37
1.0,17,37
1.0,26,37
1.0,7,38
1.0,22,38
1.0,35,38
1.0,3,39
1.0,10,39
1.0,38,39
1.0,4,40
1.0,8,40
1.0,21,40
1.0,30,40
1.0,9,41
1.0,16,41
1.0,19,41
1.0,23,41
1.0,31,41
1.0,0,42
1.0,1,42
1.0,3,42
1.0,12,42
1.0,13,42
1.0,4,43
1.0,22,43
1.0,26,43
1.0,39,43
1.0,40,43
1.0,11,44
1.0,16,44
1.0,37,44
1.0,39,44
1.0,5,45
1.0,11,45
1.0,21,45
1.0,31,45
1.0,33,45
1.0,22,46
1.0,25,46
1.0,29,46
1.0,35,46
1.0,7,47
1.0,12,47
1.0,15,47
1.0,32,47
1.0,38,47
1.0,8,48
1.0,15,48
1.0,30,48
1.0,44,48
1.0,46,48
1.0,2,49
1.0,8,49
1.0,9,49
1.0,23,49
1.0,24,49
