1.0,0,2
1.0,0,3
1.0,4,6
1.0,5,8
1.0,0,9
1.0,9,10
1.0,7,11
1.0,4,12
1.0,9,14
1.0,1,16
1.0,3,17
1.0,5,17
1.0,10,17
1.0,8,18
1.0,14,18
1.0,7,19
1.0,13,19
1.0,14,19
1.0,0,20
1.0,18,20
1.0,5,22
1.0,9,23
1.0,10,23
1.0,16,23
1.0,17,24
1.0,20,24
1.0,7,25
1.0,21,25
1.0,3,26
1.0,8,26
1.0,8,27
1.0,15,27
1.0,24,27
1.0,2,28
1.0,7,28
1.0,18,28
1.0,22,28
1.0,23,28
1.0,8,29
1.0,11,29
1.0,27,29
1.0,1,30
1.0,12,30
1.0,16,30
1.0,22,30
1.0,15,31
1.0,16,31
1.0,21,31
1.0,25,31
1.0,26,31
1.0,12,32
1.0,15,32
1.0,16,33
1.0,20,33
1.0,32,33
1.0,7,34
1.0,23,34
1.0,29,34
1.0,9,35
1.0,14,35
1.0,22,35
1.0,30,35
1.0,32,35
1.0,2,36
1.0,6,36
1.0,25,36
1.0,6,37
1.0,17,37
1.0,18,37
1.0,36,37
1.0,1,38
1.0,11,38
1.0,15,38
1.0,21,38
1.0,2,39
1.0,6,39
1.0,21,39
1.0,25,39
1.0,19,40
1.0,27,40
1.0,33,40
1.0,37,40
1.0,10,41
1.0,20,41
1.0,26,41
1.0,36,41
1.0,40,41
1.0,4,42
1.0,13,42
1.0,15,42
1.0,34,42
1.0,39,42
1.0,0,43
1.0,12,43
1.0,32,43
1.0,1,44
1.0,10,44
1.0,13,44
1.0,19,44
1.0,26,44
1.0,4,45
1.0,11,45
1.0,13,45
1.0,29,45
1.0,43,45
1.0,1,46
1.0,3,46
1.0,5,46
1.0,12,46
1.0,21,46
1.0,4,47
1.0,6,47
1.0,13,47
1.0,22,47
1.0,24,47
1.0,3,48
1.0,5,48
1.0,33,48
1.0,38,48
1.0,43,48
1.0,2,49
1.0,11,49
1.0,14,49
1.0,24,49
1.0,34,49
