1.0,1,2
1.0,0,4
1.0,2,4
1.0,5,6
1.0,2,8
1.0,6,10
1.0,4,12
1.0,6,12
1.0,8,12
1.0,3,13
1.0,10,13
1.0,10,17
1.0,12,17
1.0,9,18
1.0,13,18
1.0,1,19
1.0,11,19
1.0,16,19
1.0,4,20
1.0,11,20
1.0,15,20
1.0,11,21
1.0,19,21
1.0,20,21
1.0,2,22
1.0,5,22
1.0,8,22
1.0,16,22
1.0,3,23
1.0,6,23
1.0,5,24
1.0,7,24
1.0,14,24
1.0,0,26
1.0,7,26
1.0,14,26
1.0,8,27
1.0,15,27
1.0,23,27
1.0,1,28
1.0,25,28
1.0,0,29
1.0,17,29
1.0,23,29
1.0,7,30
1.0,15,30
1.0,16,30
1.0,20,30
1.0,0,31
1.0,17,31
1.0,25,31
1.0,26,31
1.0,28,31
1.0,1,32
1.0,3,32
1.0,24,32
1.0,9,33
1.0,14,33
1.0,30,33
1.0,32,33
1.0,9,34
1.0,14,34
1.0,23,34
1.0,3,35
1.0,7,35
1.0,11,35
1.0,28,35
1.0,7,36
1.0,13,36
1.0,15,36
1.0,16,36
1.0,22,36
1.0,4,37
1.0,5,37
1.0,13,37
1.0,33,37
1.0,0,38
1.0,6,38
1.0,16,38
1.0,18,38
1.0,28,38
1.0,2,39
1.0,24,39
1.0,25,39
1.0,17,40
1.0,29,40
1.0,12,41
1.0,15,41
1.0,27,41
1.0,37,41
1.0,40,41
1.0,1,42
1.0,34,42
1.0,39,42
1.0,8,43
1.0,14,43
1.0,9,44
1.0,32,44
1.0,40,44
1.0,42,44
1.0,9,45
1.0,10,45
1.0,25,45
1.0,35,45
1.0,43,45
1.0,3,46
1.0,18,46
1.0,42,46
1.0,43,46
1.0,44,46
1.0,21,47
1.0,27,47
1.0,34,47
1.0,40,47
1.0,43,47
1.0,5,48
1.0,18,48
1.0,25,48
1.0,26,48
1.0,29,48
1.0,10,49
1.0,11,49
1.0,19,49
1.0,21,49
1.0,39,49
