1.0,3,5
1.0,6,10
1.0,8,10
1.0,2,12
1.0,7,12
1.0,3,14
1.0,6,14
1.0,0,15
1.0,8,15
1.0,11,16
1.0,1,17
1.0,5,17
1.0,7,17
1.0,12,17
1.0,12,18
1.0,13,18
1.0,16,18
1.0,1,19
1.0,2,21
1.0,20,21
1.0,1,22
1.0,10,22
1.0,5,23
1.0,6,23
1.0,19,23
1.0,2,24
1.0,11,24
1.0,13,24
1.0,2,25
1.0,9,25
1.0,4,26
1.0,10,26
1.0,25,26
1.0,11,27
1.0,15,27
1.0,5,28
1.0,7,28
1.0,21,28
1.0,26,29
1.0,0,30
1.0,9,30
1.0,10,30
1.0,20,30
1.0,25,30
1.0,3,31
1.0,14,31
1.0,21,31
1.0,22,31
1.0,1,32
1.0,4,32
1.0,6,32
1.0,23,33
1.0,24,33
1.0,27,33
1.0,28,33
1.0,11,34
1.0,16,34
1.0,22,34
1.0,17,35
1.0,18,35
1.0,34,35
1.0,3,36
1.0,5,36
1.0,25,36
1.0,29,36
1.0,35,36
1.0,4,37
1.0,16,37
1.0,20,37
1.0,27,37
1.0,32,37
1.0,3,38
1.0,7,38
1.0,19,38
1.0,8,39
1.0,18,39
1.0,19,39
1.0,38,39
1.0,0,40
1.0,1,40
1.0,14,40
1.0,23,40
1.0,31,40
1.0,9,41
1.0,12,41
1.0,16,41
1.0,29,41
1.0,8,42
1.0,13,42
1.0,15,42
1.0,24,42
1.0,29,42
1.0,0,43
1.0,2,43
1.0,13,43
1.0,22,43
1.0,29,43
1.0,8,44
1.0,13,44
1.0,15,44
1.0,34,44
1.0,35,44
1.0,0,45
1.0,4,45
1.0,11,45
1.0,20,45
1.0,33,45
1.0,7,46
1.0,14,46
1.0,19,46
1.0,27,46
1.0,32,46
1.0,4,47
1.0,9,47
1.0,26,47
1.0,38,47
1.0,20,48
1.0,28,48
1.0,39,48
1.0,41,48
1.0,6,49
1.0,9,49
1.0,21,49
1.0,47,49
1.0,48,49
