1.0,2,7
1.0,3,9
1.0,5,10
1.0,0,12
1.0,8,13
1.0,0,15
1.0,11,15
1.0,14,15
1.0,12,17
1.0,14,17
1.0,0,18
1.0,17,18
1.0,1,19
1.0,4,19
1.0,8,19
1.0,11,19
1.0,4,20
1.0,6,20
1.0,7,20
1.0,2,21
1.0,6,21
1.0,3,22
1.0,17,22
1.0,20,22
1.0,6,23
1.0,13,23
1.0,14,23
1.0,5,24
1.0,12,24
1.0,18,24
1.0,14,25
1.0,21,25
1.0,9,26
1.0,24,26
1.0,2,27
1.0,8,27
1.0,16,27
1.0,3,28
1.0,1,29
1.0,5,29
1.0,10,30
1.0,22,30
1.0,26,30
1.0,27,30
1.0,0,31
1.0,9,31
1.0,12,31
1.0,20,31
1.0,26,31
1.0,11,32
1.0,14,32
1.0,16,32
1.0,2,33
1.0,8,33
1.0,23,33
1.0,32,33
1.0,0,34
1.0,12,34
1.0,28,34
1.0,4,35
1.0,9,35
1.0,15,35
1.0,26,35
1.0,1,36
1.0,6,36
1.0,9,36
1.0,10,36
1.0,3,37
1.0,7,37
1.0,10,37
1.0,25,37
1.0,29,37
1.0,5,38
1.0,16,38
1.0,24,38
1.0,33,38
1.0,36,38
1.0,2,39
1.0,5,39
1.0,18,39
1.0,7,40
1.0,13,40
1.0,22,40
1.0,28,40
1.0,11,41
1.0,16,41
1.0,21,41
1.0,28,41
1.0,32,41
1.0,6,42
1.0,17,42
1.0,39,42
1.0,16,43
1.0,18,43
1.0,30,43
1.0,35,43
1.0,42,43
1.0,1,44
1.0,15,44
1.0,27,44
1.0,39,44
1.0,1,45
1.0,4,45
1.0,13,45
1.0,25,45
1.0,34,45
1.0,3,46
1.0,8,46
1.0,25,46
1.0,34,46
1.0,44,46
1.0,13,47
1.0,23,47
1.0,28,47
1.0,42,47
1.0,4,48
1.0,10,48
1.0,21,48
1.0,29,48
1.0,40,48
1.0,7,49
1.0,11,49
1.0,19,49
1.0,29,49
1.0,47,49
