1.0,1,3
1.0,4,5
1.0,0,7
1.0,4,9
1.0,8,9
1.0,4,11
1.0,0,12
1.0,7,12
1.0,12,13
1.0,6,14
1.0,7,14
1.0,6,15
1.0,1,17
1.0,2,18
1.0,7,18
1.0,13,18
1.0,13,19
1.0,3,20
1.0,9,20
1.0,13,20
1.0,19,21
1.0,9,22
1.0,2,23
1.0,6,23
1.0,20,23
1.0,2,24
1.0,9,24
1.0,3,25
1.0,8,25
1.0,11,25
1.0,22,26
1.0,2,27
1.0,7,27
1.0,18,27
1.0,14,28
1.0,15,28
1.0,22,28
1.0,3,29
1.0,15,29
1.0,16,29
1.0,17,29
1.0,11,30
1.0,14,30
1.0,17,30
1.0,21,30
1.0,25,30
1.0,8,31
1.0,10,31
1.0,26,31
1.0,2,32
1.0,12,32
1.0,5,33
1.0,8,33
1.0,17,33
1.0,24,33
1.0,27,33
1.0,5,34
1.0,10,34
1.0,24,34
1.0,0,35
1.0,6,35
1.0,20,35
1.0,1,36
1.0,15,36
1.0,35,36
1.0,1,37
1.0,10,37
1.0,34,37
1.0,5,38
1.0,6,38
1.0,16,38
1.0,35,38
1.0,36,38
1.0,16,39
1.0,21,39
1.0,26,39
1.0,31,39
1.0,36,39
1.0,1,40
1.0,5,40
1.0,32,40
1.0,37,40
1.0,16,41
1.0,19,41
1.0,21,41
1.0,40,41
1.0,11,42
1.0,22,42
1.0,26,42
1.0,32,42
1.0,0,43
1.0,4,43
1.0,10,43
1.0,12,43
1.0,25,43
1.0,0,44
1.0,8,44
1.0,26,44
1.0,29,44
1.0,31,44
1.0,3,45
1.0,11,45
1.0,21,45
1.0,23,45
1.0,27,45
1.0,16,46
1.0,22,46
1.0,28,46
1.0,32,46
1.0,34,46
1.0,17,47
1.0,19,47
1.0,23,47
1.0,24,47
1.0,37,47
1.0,10,48
1.0,14,48
1.0,15,48
1.0,41,48
1.0,42,48
1.0,4,49
1.0,13,49
1.0,18,49
1.0,19,49
1.0,28,49
