1.0,3,5
1.0,5,6
1.0,1,8
1.0,7,9
1.0,0,10
1.0,1,10
1.0,0,11
1.0,3,11
1.0,0,12
1.0,2,12
1.0,8,12
1.0,9,13
1.0,11,13
1.0,1,14
1.0,2,14
1.0,6,14
1.0,2,16
1.0,5,16
1.0,0,17
1.0,5,17
1.0,9,17
1.0,6,19
1.0,15,19
1.0,15,20
1.0,19,20
1.0,13,21
1.0,16,21
1.0,4,22
1.0,21,22
1.0,7,23
1.0,3,24
1.0,7,24
1.0,15,24
1.0,22,24
1.0,8,25
1.0,13,26
1.0,18,26
1.0,10,27
1.0,17,27
1.0,26,27
1.0,10,28
1.0,11,28
1.0,12,29
1.0,14,29
1.0,21,29
1.0,28,29
1.0,27,30
1.0,3,31
1.0,8,31
1.0,18,31
1.0,23,31
1.0,1,32
1.0,5,32
1.0,16,32
1.0,17,32
1.0,23,32
1.0,6,33
1.0,16,33
1.0,25,33
1.0,30,33
1.0,18,34
1.0,22,34
1.0,2,35
1.0,6,35
1.0,15,35
1.0,25,35
1.0,4,36
1.0,7,36
1.0,21,36
1.0,25,36
1.0,34,36
1.0,8,37
1.0,9,37
1.0,24,37
1.0,34,37
1.0,9,38
1.0,15,38
1.0,20,38
1.0,23,38
1.0,4,39
1.0,12,39
1.0,26,39
1.0,23,40
1.0,30,40
1.0,34,40
1.0,4,41
1.0,13,41
1.0,25,41
1.0,27,41
1.0,31,41
1.0,19,42
1.0,20,42
1.0,30,42
1.0,1,43
1.0,19,43
1.0,29,43
1.0,30,43
1.0,35,44
1.0,38,44
1.0,39,44
1.0,40,44
1.0,3,45
1.0,10,45
1.0,22,45
1.0,28,45
1.0,44,45
1.0,0,46
1.0,26,46
1.0,28,46
1.0,42,46
1.0,2,47
1.0,14,47
1.0,18,47
1.0,39,47
1.0,42,47
1.0,4,48
1.0,20,48
1.0,33,48
1.0,40,48
1.0,43,48
1.0,7,49
1.0,11,49
1.0,18,49
1.0,37,49
1.0,46,49
