1.0,1,6
1.0,3,6
1.0,0,10
1.0,2,11
1.0,3,11
1.0,7,12
1.0,5,13
1.0,5,14
1.0,11,14
1.0,10,15
1.0,13,16
1.0,1,17
1.0,3,17
1.0,11,17
1.0,0,18
1.0,16,18
1.0,17,18
1.0,4,19
1.0,13,19
1.0,2,20
1.0,9,20
1.0,13,20
1.0,16,20
1.0,7,21
1.0,9,21
1.0,12,22
1.0,17,22
1.0,19,22
1.0,4,23
1.0,12,23
1.0,4,24
1.0,7,24
1.0,13,24
1.0,0,25
1.0,5,25
1.0,15,27
1.0,3,28
1.0,8,28
1.0,18,28
1.0,12,29
1.0,16,29
1.0,2,30
1.0,8,30
1.0,29,30
1.0,6,31
1.0,12,31
1.0,22,31
1.0,10,32
1.0,14,32
1.0,25,32
1.0,27,32
1.0,16,33
1.0,19,33
1.0,28,33
1.0,30,33
1.0,2,34
1.0,8,34
1.0,14,34
1.0,31,34
1.0,5,35
1.0,14,35
1.0,24,35
1.0,26,36
1.0,32,36
1.0,27,37
1.0,35,37
1.0,36,37
1.0,0,38
1.0,4,38
1.0,10,38
1.0,23,38
1.0,37,38
1.0,2,39
1.0,7,39
1.0,9,39
1.0,20,39
1.0,26,39
1.0,22,40
1.0,25,40
1.0,31,40
1.0,36,40
1.0,1,41
1.0,3,41
1.0,5,41
1.0,26,41
1.0,36,41
1.0,21,42
1.0,23,42
1.0,26,42
1.0,33,42
1.0,35,42
1.0,1,43
1.0,4,43
1.0,15,43
1.0,21,43
1.0,23,43
1.0,0,44
1.0,1,44
1.0,21,44
1.0,26,44
1.0,27,44
1.0,9,45
1.0,11,45
1.0,19,45
1.0,28,45
1.0,29,45
1.0,9,46
1.0,15,46
1.0,27,46
1.0,40,46
1.0,6,47
1.0,7,47
1.0,8,47
1.0,10,47
1.0,25,47
1.0,6,48
1.0,24,48
1.0,30,48
1.0,34,48
1.0,46,48
1.0,8,49
1.0,15,49
1.0,18,49
1.0,29,49
1.0,37,49
