1.0,3,5
1.0,4,5
1.0,6,7
1.0,0,8
1.0,4,8
1.0,6,11
1.0,6,12
1.0,6,13
1.0,7,13
1.0,9,13
1.0,10,13
1.0,11,15
1.0,13,15
1.0,3,16
1.0,10,16
1.0,2,17
1.0,12,17
1.0,14,17
1.0,8,18
1.0,12,18
1.0,12,19
1.0,17,19
1.0,3,20
1.0,4,20
1.0,1,21
1.0,3,21
1.0,12,21
1.0,16,22
1.0,9,23
1.0,14,23
1.0,0,24
1.0,4,24
1.0,14,24
1.0,18,24
1.0,0,25
1.0,18,25
1.0,23,25
1.0,11,26
1.0,22,26
1.0,23,26
1.0,8,27
1.0,15,27
1.0,19,27
1.0,22,27
1.0,10,28
1.0,15,28
1.0,26,28
1.0,5,30
1.0,20,30
1.0,23,30
1.0,2,31
1.0,7,31
1.0,2,32
1.0,7,32
1.0,9,33
1.0,21,33
1.0,24,33
1.0,27,33
1.0,32,33
1.0,1,34
1.0,2,34
1.0,20,34
1.0,9,35
1.0,16,35
1.0,17,35
1.0,6,36
1.0,14,36
1.0,16,36
1.0,29,36
1.0,8,37
1.0,31,37
1.0,10,38
1.0,22,38
1.0,29,38
1.0,31,38
1.0,32,38
1.0,1,39
1.0,15,39
1.0,32,39
1.0,35,39
1.0,22,40
1.0,30,40
1.0,31,40
1.0,37,40
1.0,14,41
1.0,18,41
1.0,19,41
1.0,25,41
1.0,29,41
1.0,4,42
1.0,11,42
1.0,26,42
1.0,30,42
1.0,37,42
1.0,1,43
1.0,7,43
1.0,9,43
1.0,11,43
1.0,20,43
1.0,0,44
1.0,39,44
1.0,1,45
1.0,19,45
1.0,28,45
1.0,35,45
1.0,44,45
1.0,28,46
1.0,29,46
1.0,34,46
1.0,40,46
1.0,0,47
1.0,5,47
1.0,25,47
1.0,44,47
1.0,46,47
1.0,2,48
1.0,5,48
1.0,29,48
1.0,34,48
1.0,44,48
1.0,3,49
1.0,10,49
1.0,21,49
1.0,36,49
1.0,37,49
