1.0,0,2
1.0,3,5
1.0,0,6
1.0,2,7
1.0,5,8
1.0,9,10
1.0,4,12
1.0,12,14
1.0,6,15
1.0,0,16
1.0,9,17
1.0,15,17
1.0,10,18
1.0,12,18
1.0,15,18
1.0,8,19
1.0,10,19
1.0,16,20
1.0,4,21
1.0,19,21
1.0,10,22
1.0,14,23
1.0,16,23
1.0,12,24
1.0,18,24
1.0,23,24
1.0,4,25
1.0,13,25
1.0,23,25
1.0,1,26
1.0,6,26
1.0,9,26
1.0,2,27
1.0,15,27
1.0,0,28
1.0,21,28
1.0,22,28
1.0,27,28
1.0,1,29
1.0,5,29
1.0,23,29
1.0,24,29
1.0,2,30
1.0,3,30
1.0,11,30
1.0,13,30
1.0,11,31
1.0,14,31
1.0,16,31
1.0,24,31
1.0,8,32
1.0,14,32
1.0,22,32
1.0,4,33
1.0,7,33
1.0,11,33
1.0,13,33
1.0,4,34
1.0,17,34
1.0,20,34
1.0,22,34
1.0,7,35
1.0,13,35
1.0,21,35
1.0,26,35
1.0,27,35
1.0,6,36
1.0,8,36
1.0,25,36
1.0,31,36
1.0,2,37
1.0,3,37
1.0,11,37
1.0,28,37
1.0,27,38
1.0,29,38
1.0,1,39
1.0,13,39
1.0,26,39
1.0,38,39
1.0,12,40
1.0,14,40
1.0,22,40
1.0,32,40
1.0,37,40
1.0,9,41
1.0,11,41
1.0,17,41
1.0,36,41
1.0,1,42
1.0,8,42
1.0,10,42
1.0,15,42
1.0,41,42
1.0,0,43
1.0,3,43
1.0,9,43
1.0,20,43
1.0,30,43
1.0,5,44
1.0,16,44
1.0,33,44
1.0,38,44
1.0,6,45
1.0,7,45
1.0,19,45
1.0,20,45
1.0,32,45
1.0,7,46
1.0,17,46
1.0,1,47
1.0,3,47
1.0,38,47
1.0,44,47
1.0,46,47
1.0,5,48
1.0,19,48
1.0,20,48
1.0,39,48
1.0,46,48
1.0,18,49
1.0,21,49
1.0,25,49
1.0,34,49
1.0,46,49
