1.0,0,4
1.0,3,6
1.0,2,9
1.0,8,9
1.0,4,10
1.0,9,12
1.0,10,12
1.0,6,13
1.0,7,13
1.0,4,14
1.0,11,14
1.0,1,15
1.0,3,15
1.0,4,15
1.0,9,16
1.0,11,16
1.0,15,16
1.0,11,17
1.0,0,18
1.0,2,18
1.0,10,18
1.0,5,20
1.0,15,20
1.0,17,21
1.0,19,21
1.0,12,22
1.0,21,22
1.0,6,23
1.0,8,23
1.0,10,23
1.0,1,24
1.0,17,24
1.0,23,25
1.0,11,26
1.0,14,26
1.0,16,26
1.0,2,27
1.0,7,27
1.0,13,27
1.0,19,28
1.0,21,28
1.0,23,28
1.0,24,28
1.0,5,29
1.0,18,29
1.0,21,29
1.0,27,29
1.0,2,30
1.0,11,30
1.0,14,30
1.0,17,30
1.0,22,31
1.0,30,31
1.0,5,32
1.0,7,32
1.0,22,32
1.0,31,32
1.0,4,33
1.0,8,33
1.0,12,33
1.0,7,34
1.0,13,34
1.0,25,34
1.0,19,35
1.0,26,35
1.0,28,35
1.0,0,36
1.0,1,36
1.0,33,36
1.0,1,37
1.0,12,37
1.0,33,37
1.0,0,38
1.0,3,38
1.0,6,38
1.0,27,38
1.0,35,38
1.0,8,39
1.0,14,39
1.0,17,39
1.0,20,39
1.0,25,39
1.0,9,40
1.0,18,40
1.0,34,40
1.0,5,41
1.0,13,41
1.0,19,41
1.0,37,41
1.0,40,41
1.0,1,42
1.0,32,42
1.0,40,42
1.0,5,43
1.0,16,43
1.0,36,43
1.0,19,44
1.0,20,44
1.0,25,44
1.0,31,44
1.0,42,44
1.0,3,45
1.0,10,45
1.0,24,45
1.0,26,45
1.0,37,45
1.0,8,46
1.0,20,46
1.0,29,46
1.0,42,46
1.0,43,46
1.0,0,47
1.0,2,47
1.0,6,47
1.0,35,47
1.0,22,48
1.0,24,48
1.0,25,48
1.0,36,48
1.0,47,48
1.0,3,49
1.0,7,49
1.0,31,49
1.0,34,49
1.0,43,49
