1.0,0,1
1.0,5,6
1.0,7,9
1.0,0,10
1.0,7,11
1.0,4,12
1.0,5,12
1.0,6,12
1.0,2,13
1.0,8,13
1.0,10,13
1.0,1,14
1.0,0,15
1.0,12,15
1.0,3,16
1.0,8,16
1.0,2,17
1.0,0,18
1.0,6,18
1.0,7,18
1.0,3,19
1.0,4,19
1.0,17,19
1.0,7,21
1.0,14,21
1.0,19,21
1.0,1,22
1.0,14,22
1.0,18,22
1.0,4,23
1.0,5,23
1.0,0,24
1.0,14,24
1.0,22,24
1.0,8,26
1.0,11,26
1.0,9,27
1.0,23,27
1.0,25,27
1.0,20,28
1.0,25,28
1.0,19,29
1.0,20,29
1.0,26,29
1.0,28,29
1.0,2,30
1.0,6,30
1.0,8,31
1.0,23,31
1.0,2,32
1.0,9,32
1.0,12,32
1.0,16,32
1.0,9,33
1.0,20,33
1.0,30,33
1.0,1,34
1.0,8,34
1.0,13,34
1.0,31,34
1.0,10,35
1.0,27,35
1.0,30,35
1.0,32,35
1.0,17,36
1.0,18,36
1.0,26,36
1.0,28,36
1.0,1,37
1.0,14,37
1.0,16,37
1.0,22,37
1.0,20,38
1.0,21,38
1.0,36,38
1.0,7,39
1.0,9,39
1.0,15,39
1.0,30,39
1.0,34,39
1.0,11,40
1.0,26,40
1.0,31,40
1.0,21,41
1.0,24,41
1.0,25,41
1.0,35,41
1.0,4,42
1.0,5,42
1.0,16,42
1.0,40,42
1.0,3,43
1.0,4,43
1.0,13,43
1.0,29,43
1.0,31,43
1.0,10,44
1.0,11,44
1.0,38,44
1.0,40,44
1.0,2,45
1.0,6,45
1.0,10,45
1.0,33,45
1.0,41,45
1.0,5,46
1.0,24,46
1.0,38,46
1.0,42,46
1.0,44,46
1.0,3,47
1.0,11,47
1.0,15,47
1.0,20,47
1.0,25,47
1.0,3,48
1.0,15,48
1.0,17,48
1.0,23,48
1.0,27,48
1.0,17,49
1.0,25,49
1.0,28,49
1.0,33,49
1.0,37,49
