1.0,1,2
1.0,2,3
1.0,1,4
1.0,4,6
1.0,0,7
1.0,2,7
1.0,0,8
1.0,0,9
1.0,8,9
1.0,1,12
1.0,5,13
1.0,11,13
1.0,1,14
1.0,13,14
1.0,4,15
1.0,3,17
1.0,8,17
1.0,0,18
1.0,8,18
1.0,16,18
1.0,15,19
1.0,16,19
1.0,5,20
1.0,6,20
1.0,5,21
1.0,2,22
1.0,6,22
1.0,17,22
1.0,6,23
1.0,10,23
1.0,15,23
1.0,3,24
1.0,16,24
1.0,10,25
1.0,19,25
1.0,11,26
1.0,19,26
1.0,20,26
1.0,3,27
1.0,9,27
1.0,12,27
1.0,13,27
1.0,16,28
1.0,7,29
1.0,25,29
1.0,28,29
1.0,3,30
1.0,20,30
1.0,24,30
1.0,11,31
1.0,21,31
1.0,23,31
1.0,30,31
1.0,17,32
1.0,21,32
1.0,24,32
1.0,28,32
1.0,18,33
1.0,25,33
1.0,10,34
1.0,12,34
1.0,21,34
1.0,27,35
1.0,28,35
1.0,34,35
1.0,4,36
1.0,14,36
1.0,33,36
1.0,7,37
1.0,14,37
1.0,21,37
1.0,26,37
1.0,8,38
1.0,20,38
1.0,29,38
1.0,24,39
1.0,30,39
1.0,32,39
1.0,34,39
1.0,38,39
1.0,12,40
1.0,15,40
1.0,22,40
1.0,11,41
1.0,31,41
1.0,5,42
1.0,10,42
1.0,16,42
1.0,33,42
1.0,36,42
1.0,7,43
1.0,11,43
1.0,18,43
1.0,35,43
1.0,41,43
1.0,4,44
1.0,17,44
1.0,25,44
1.0,36,44
1.0,41,44
1.0,1,45
1.0,15,45
1.0,19,45
1.0,28,45
1.0,33,45
1.0,0,46
1.0,14,46
1.0,29,46
1.0,35,46
1.0,38,46
1.0,2,47
1.0,10,47
1.0,12,47
1.0,40,47
1.0,41,47
1.0,5,48
1.0,9,48
1.0,22,48
1.0,23,48
1.0,26,48
1.0,6,49
1.0,9,49
1.0,13,49
1.0,37,49
1.0,40,49
