1.0,0,1
1.0,1,4
1.0,2,7
1.0,1,8
1.0,4,9
1.0,6,9
1.0,3,10
1.0,3,11
1.0,5,12
1.0,11,12
1.0,6,14
1.0,9,14
1.0,1,15
1.0,7,15
1.0,13,15
1.0,16,17
1.0,7,18
1.0,16,18
1.0,16,19
1.0,2,20
1.0,8,20
1.0,16,20
1.0,0,21
1.0,5,21
1.0,8,21
1.0,19,21
1.0,8,22
1.0,18,22
1.0,5,24
1.0,13,25
1.0,14,25
1.0,24,25
1.0,2,26
1.0,12,26
1.0,17,26
1.0,22,26
1.0,1,27
1.0,12,27
1.0,14,27
1.0,21,27
1.0,6,28
1.0,13,28
1.0,17,28
1.0,19,28
1.0,0,29
1.0,10,29
1.0,12,29
1.0,17,30
1.0,0,31
1.0,6,31
1.0,10,31
1.0,11,31
1.0,7,32
1.0,9,32
1.0,30,32
1.0,31,32
1.0,11,33
1.0,20,33
1.0,5,34
1.0,6,34
1.0,23,34
1.0,4,35
1.0,17,35
1.0,25,35
1.0,14,36
1.0,23,36
1.0,25,36
1.0,2,37
1.0,27,37
1.0,34,37
1.0,35,37
1.0,2,38
1.0,16,38
1.0,22,38
1.0,33,38
1.0,8,39
1.0,10,39
1.0,15,39
1.0,38,39
1.0,7,40
1.0,24,40
1.0,29,40
1.0,32,40
1.0,36,40
1.0,3,41
1.0,5,41
1.0,15,41
1.0,33,41
1.0,20,42
1.0,30,42
1.0,34,42
1.0,11,43
1.0,23,43
1.0,24,43
1.0,30,43
1.0,4,44
1.0,13,44
1.0,24,44
1.0,35,44
1.0,37,44
1.0,3,45
1.0,19,45
1.0,28,45
1.0,33,45
1.0,42,45
1.0,0,46
1.0,13,46
1.0,23,46
1.0,41,46
1.0,42,46
1.0,10,47
1.0,19,47
1.0,30,47
1.0,36,47
1.0,43,47
1.0,3,48
1.0,4,48
1.0,18,48
1.0,23,48
1.0,26,48
1.0,9,49
1.0,18,49
1.0,22,49
1.0,29,49
1.0,39,49
