1.0,0,6
1.0,1,8
1.0,4,9
1.0,8,9
1.0,3,10
1.0,4,10
1.0,4,11
1.0,3,12
1.0,1,14
1.0,0,15
1.0,5,15
1.0,5,16
1.0,7,17
1.0,11,17
1.0,10,18
1.0,13,18
1.0,15,19
1.0,17,19
1.0,18,19
1.0,2,20
1.0,3,20
1.0,6,21
1.0,20,22
1.0,11,23
1.0,2,24
1.0,12,25
1.0,17,25
1.0,23,25
1.0,0,26
1.0,2,26
1.0,14,26
1.0,21,26
1.0,22,26
1.0,4,27
1.0,10,27
1.0,8,28
1.0,11,28
1.0,14,28
1.0,1,29
1.0,12,29
1.0,13,29
1.0,28,29
1.0,23,30
1.0,24,30
1.0,7,31
1.0,16,31
1.0,22,31
1.0,19,32
1.0,23,32
1.0,9,33
1.0,15,33
1.0,18,33
1.0,22,33
1.0,0,34
1.0,23,34
1.0,30,34
1.0,5,35
1.0,21,35
1.0,31,35
1.0,32,35
1.0,2,36
1.0,11,36
1.0,14,36
1.0,24,36
1.0,3,37
1.0,4,37
1.0,13,37
1.0,0,38
1.0,16,38
1.0,17,38
1.0,27,38
1.0,30,38
1.0,16,39
1.0,24,39
1.0,25,39
1.0,27,39
1.0,32,39
1.0,1,40
1.0,5,40
1.0,7,40
1.0,12,40
1.0,25,40
1.0,7,41
1.0,8,41
1.0,18,41
1.0,28,41
1.0,34,41
1.0,13,42
1.0,15,42
1.0,30,42
1.0,37,42
1.0,2,43
1.0,16,43
1.0,24,43
1.0,29,43
1.0,32,43
1.0,7,44
1.0,9,44
1.0,20,44
1.0,31,44
1.0,35,44
1.0,6,45
1.0,8,45
1.0,21,45
1.0,33,45
1.0,3,46
1.0,5,46
1.0,6,46
1.0,22,46
1.0,34,46
1.0,6,47
1.0,9,47
1.0,14,47
1.0,27,47
1.0,37,47
1.0,1,48
1.0,10,48
1.0,13,48
1.0,20,48
1.0,36,48
1.0,12,49
1.0,19,49
1.0,21,49
1.0,42,49
1.0,45,49
