1.0,2,3
1.0,1,4
1.0,3,5
1.0,1,7
1.0,10,11
1.0,6,12
1.0,7,12
1.0,8,12
1.0,0,13
1.0,10,13
1.0,9,15
1.0,6,16
1.0,0,17
1.0,2,17
1.0,0,18
1.0,2,18
1.0,18,19
1.0,2,20
1.0,3,20
1.0,7,20
1.0,1,21
1.0,6,21
1.0,6,22
1.0,8,22
1.0,17,22
1.0,18,22
1.0,9,23
1.0,14,23
1.0,14,24
1.0,5,25
1.0,9,25
1.0,16,25
1.0,0,26
1.0,4,26
1.0,5,26
1.0,25,26
1.0,13,27
1.0,20,27
1.0,26,27
1.0,11,28
1.0,14,29
1.0,15,29
1.0,22,29
1.0,23,29
1.0,0,30
1.0,8,30
1.0,24,30
1.0,28,30
1.0,15,31
1.0,1,32
1.0,13,32
1.0,28,32
1.0,3,33
1.0,7,33
1.0,17,33
1.0,21,33
1.0,24,33
1.0,9,34
1.0,11,34
1.0,28,34
1.0,32,34
1.0,17,35
1.0,19,35
1.0,20,35
1.0,12,36
1.0,24,36
1.0,27,36
1.0,31,36
1.0,10,37
1.0,13,37
1.0,14,37
1.0,21,37
1.0,16,38
1.0,34,38
1.0,37,38
1.0,8,39
1.0,11,39
1.0,16,39
1.0,31,39
1.0,1,40
1.0,16,40
1.0,28,40
1.0,38,40
1.0,4,41
1.0,6,41
1.0,9,41
1.0,35,41
1.0,40,41
1.0,7,42
1.0,14,42
1.0,36,42
1.0,39,42
1.0,21,43
1.0,29,43
1.0,31,43
1.0,32,43
1.0,4,44
1.0,8,44
1.0,23,44
1.0,35,44
1.0,10,45
1.0,11,45
1.0,15,45
1.0,18,45
1.0,19,45
1.0,10,46
1.0,15,46
1.0,23,46
1.0,27,46
1.0,30,46
1.0,2,47
1.0,3,47
1.0,5,47
1.0,25,47
1.0,31,47
1.0,4,48
1.0,5,48
1.0,19,48
1.0,38,48
1.0,44,48
1.0,12,49
1.0,19,49
1.0,24,49
1.0,42,49
1.0,43,49
