1.0,1,2
1.0,6,7
1.0,7,8
1.0,1,11
1.0,10,12
1.0,3,13
1.0,10,13
1.0,7,14
1.0,1,15
1.0,14,16
1.0,4,17
1.0,16,17
1.0,0,18
1.0,6,19
1.0,9,19
1.0,11,20
1.0,14,20
1.0,15,20
1.0,4,21
1.0,8,21
1.0,19,21
1.0,1,22
1.0,6,22
1.0,9,23
1.0,11,23
1.0,12,23
1.0,17,23
1.0,18,23
1.0,4,24
1.0,6,24
1.0,17,24
1.0,19,25
1.0,5,26
1.0,13,26
1.0,1,27
1.0,9,27
1.0,22,27
1.0,15,28
1.0,16,28
1.0,18,28
1.0,26,28
1.0,10,29
1.0,12,29
1.0,18,29
1.0,22,29
1.0,0,30
1.0,12,30
1.0,15,30
1.0,13,31
1.0,20,31
1.0,24,31
1.0,25,31
1.0,0,32
1.0,3,32
1.0,21,32
1.0,16,33
1.0,29,33
1.0,31,33
1.0,8,34
1.0,30,34
1.0,2,35
1.0,4,35
1.0,34,35
1.0,3,36
1.0,24,36
1.0,25,36
1.0,33,36
1.0,4,37
1.0,11,37
1.0,27,37
1.0,0,38
1.0,5,38
1.0,7,38
1.0,34,38
1.0,20,39
1.0,27,39
1.0,28,39
1.0,34,39
1.0,5,40
1.0,19,40
1.0,21,40
1.0,35,40
1.0,36,40
1.0,7,41
1.0,13,41
1.0,25,41
1.0,37,41
1.0,3,42
1.0,10,42
1.0,14,42
1.0,26,42
1.0,32,42
1.0,2,43
1.0,8,43
1.0,15,43
1.0,41,43
1.0,10,44
1.0,22,44
1.0,35,44
1.0,39,44
1.0,0,45
1.0,5,45
1.0,9,45
1.0,17,45
1.0,43,45
1.0,6,46
1.0,9,46
1.0,16,46
1.0,18,46
1.0,26,46
1.0,2,47
1.0,5,47
1.0,12,47
1.0,30,47
1.0,44,47
1.0,2,48
1.0,3,48
1.0,8,48
1.0,33,48
1.0,38,48
1.0,11,49
1.0,14,49
1.0,25,49
1.0,32,49
1.0,37,49
