1.0,1,2
1.0,4,5
1.0,1,6
1.0,4,8
1.0,0,9
1.0,3,12
1.0,8,12
1.0,1,13
1.0,5,13
1.0,9,13
1.0,6,14
1.0,4,15
1.0,0,16
1.0,3,17
1.0,12,17
1.0,8,18
1.0,4,19
1.0,9,19
1.0,10,19
1.0,1,20
1.0,10,20
1.0,14,20
1.0,5,21
1.0,7,21
1.0,11,21
1.0,3,22
1.0,10,22
1.0,11,22
1.0,8,23
1.0,2,24
1.0,14,25
1.0,3,26
1.0,6,26
1.0,13,26
1.0,7,27
1.0,21,27
1.0,2,28
1.0,9,28
1.0,15,28
1.0,16,29
1.0,18,29
1.0,24,29
1.0,27,29
1.0,10,30
1.0,12,30
1.0,17,30
1.0,19,30
1.0,20,30
1.0,7,31
1.0,10,31
1.0,11,31
1.0,23,31
1.0,1,32
1.0,7,32
1.0,22,32
1.0,24,32
1.0,28,32
1.0,0,33
1.0,5,33
1.0,11,33
1.0,16,33
1.0,23,33
1.0,5,34
1.0,15,34
1.0,14,35
1.0,21,35
1.0,22,35
1.0,9,36
1.0,16,36
1.0,28,36
1.0,35,36
1.0,6,37
1.0,15,37
1.0,34,37
1.0,8,38
1.0,15,38
1.0,25,38
1.0,18,39
1.0,25,39
1.0,29,39
1.0,36,39
1.0,0,40
1.0,18,40
1.0,26,40
1.0,34,40
1.0,4,41
1.0,20,41
1.0,25,41
1.0,38,41
1.0,2,42
1.0,24,42
1.0,34,42
1.0,38,42
1.0,16,43
1.0,17,43
1.0,18,43
1.0,26,43
1.0,0,44
1.0,2,44
1.0,13,44
1.0,27,44
1.0,42,44
1.0,6,45
1.0,19,45
1.0,37,45
1.0,43,45
1.0,11,46
1.0,12,46
1.0,23,46
1.0,45,46
1.0,3,47
1.0,24,47
1.0,27,47
1.0,39,47
1.0,41,47
1.0,7,48
1.0,17,48
1.0,25,48
1.0,37,48
1.0,46,48
1.0,14,49
1.0,23,49
1.0,31,49
1.0,35,49
1.0,40,49
