1.0,1,2
1.0,2,6
1.0,3,6
1.0,3,7
1.0,6,7
1.0,5,8
1.0,2,9
1.0,5,9
1.0,1,10
1.0,7,10
1.0,4,11
1.0,9,11
1.0,10,12
1.0,11,12
1.0,4,13
1.0,8,13
1.0,8,14
1.0,5,16
1.0,6,16
1.0,3,17
1.0,13,17
1.0,14,17
1.0,12,18
1.0,0,19
1.0,18,19
1.0,1,20
1.0,5,20
1.0,0,21
1.0,15,21
1.0,13,22
1.0,22,23
1.0,2,24
1.0,19,24
1.0,14,25
1.0,24,25
1.0,1,26
1.0,6,26
1.0,11,26
1.0,15,26
1.0,0,27
1.0,12,27
1.0,23,27
1.0,9,28
1.0,25,28
1.0,15,29
1.0,22,29
1.0,21,30
1.0,29,30
1.0,5,31
1.0,15,31
1.0,8,32
1.0,17,32
1.0,8,33
1.0,18,33
1.0,21,33
1.0,30,33
1.0,4,34
1.0,23,34
1.0,27,34
1.0,19,35
1.0,22,35
1.0,26,35
1.0,31,35
1.0,18,36
1.0,23,36
1.0,30,36
1.0,32,36
1.0,3,37
1.0,7,37
1.0,16,37
1.0,29,37
1.0,3,38
1.0,4,38
1.0,18,38
1.0,20,38
1.0,11,39
1.0,13,39
1.0,23,39
1.0,31,39
1.0,1,40
1.0,12,40
1.0,30,40
1.0,37,40
1.0,4,41
1.0,21,41
1.0,39,41
1.0,0,42
1.0,16,42
1.0,27,42
1.0,28,42
1.0,36,42
1.0,10,43
1.0,19,43
1.0,32,43
1.0,35,43
1.0,15,44
1.0,24,44
1.0,25,44
1.0,40,44
1.0,43,44
1.0,2,45
1.0,14,45
1.0,28,45
1.0,33,45
1.0,34,45
1.0,0,46
1.0,7,46
1.0,14,46
1.0,22,46
1.0,31,46
1.0,10,47
1.0,20,47
1.0,25,47
1.0,29,47
1.0,41,47
1.0,9,48
1.0,20,48
1.0,24,48
1.0,34,48
1.0,38,48
1.0,16,49
1.0,17,49
1.0,28,49
1.0,32,49
1.0,41,49
