1.0,4,5
1.0,2,6
1.0,5,6
1.0,3,7
1.0,2,8
1.0,0,10
1.0,2,11
1.0,10,11
1.0,0,13
1.0,3,13
1.0,8,13
1.0,2,14
1.0,9,15
1.0,12,15
1.0,4,16
1.0,0,17
1.0,6,18
1.0,11,18
1.0,12,18
1.0,4,19
1.0,7,19
1.0,10,19
1.0,2,20
1.0,7,20
1.0,14,20
1.0,4,21
1.0,15,21
1.0,5,22
1.0,8,23
1.0,16,23
1.0,9,24
1.0,21,24
1.0,23,24
1.0,5,25
1.0,14,25
1.0,3,26
1.0,9,27
1.0,17,27
1.0,25,27
1.0,3,28
1.0,10,28
1.0,24,28
1.0,27,28
1.0,0,29
1.0,6,29
1.0,7,29
1.0,8,30
1.0,24,30
1.0,25,30
1.0,19,31
1.0,28,31
1.0,1,32
1.0,9,32
1.0,22,32
1.0,9,33
1.0,16,33
1.0,23,33
1.0,22,34
1.0,25,34
1.0,26,34
1.0,1,35
1.0,3,35
1.0,14,35
1.0,29,35
1.0,34,35
1.0,4,36
1.0,18,36
1.0,20,36
1.0,26,36
1.0,33,36
1.0,12,37
1.0,15,37
1.0,23,37
1.0,1,38
1.0,14,38
1.0,34,38
1.0,13,39
1.0,15,39
1.0,31,39
1.0,32,39
1.0,10,40
1.0,17,40
1.0,26,40
1.0,31,40
1.0,16,41
1.0,22,41
1.0,37,41
1.0,7,42
1.0,12,42
1.0,20,42
1.0,21,42
1.0,27,42
1.0,13,43
1.0,18,43
1.0,31,43
1.0,39,43
1.0,41,43
1.0,6,44
1.0,11,44
1.0,12,44
1.0,17,44
1.0,30,44
1.0,1,45
1.0,22,45
1.0,26,45
1.0,32,45
1.0,5,46
1.0,16,46
1.0,30,46
1.0,41,46
1.0,8,47
1.0,19,47
1.0,29,47
1.0,33,47
1.0,38,47
1.0,1,48
1.0,11,48
1.0,17,48
1.0,21,48
1.0,46,48
1.0,0,49
1.0,37,49
1.0,38,49
1.0,40,49
1.0,45,49
