1.0,0,3
1.0,2,7
1.0,3,8
1.0,4,9
1.0,5,12
1.0,11,12
1.0,1,13
1.0,8,13
1.0,11,13
1.0,0,15
1.0,9,15
1.0,4,16
1.0,6,16
1.0,15,16
1.0,6,17
1.0,10,17
1.0,15,18
1.0,16,18
1.0,15,19
1.0,2,20
1.0,13,20
1.0,2,21
1.0,5,22
1.0,19,22
1.0,20,22
1.0,0,23
1.0,8,23
1.0,10,23
1.0,14,23
1.0,1,24
1.0,5,24
1.0,7,24
1.0,22,24
1.0,3,25
1.0,23,25
1.0,8,26
1.0,14,26
1.0,24,26
1.0,14,27
1.0,21,27
1.0,18,28
1.0,5,29
1.0,18,29
1.0,19,29
1.0,25,29
1.0,28,29
1.0,1,30
1.0,10,30
1.0,26,30
1.0,11,31
1.0,4,32
1.0,6,32
1.0,13,32
1.0,14,32
1.0,21,32
1.0,2,33
1.0,9,33
1.0,16,33
1.0,19,33
1.0,20,33
1.0,3,34
1.0,4,34
1.0,7,34
1.0,21,34
1.0,25,34
1.0,1,35
1.0,7,35
1.0,20,36
1.0,25,36
1.0,6,37
1.0,11,37
1.0,14,37
1.0,35,37
1.0,9,38
1.0,22,38
1.0,31,38
1.0,35,38
1.0,36,38
1.0,1,39
1.0,3,39
1.0,17,39
1.0,4,40
1.0,8,40
1.0,10,40
1.0,28,40
1.0,27,41
1.0,30,41
1.0,39,41
1.0,2,42
1.0,9,42
1.0,12,42
1.0,17,42
1.0,31,42
1.0,11,43
1.0,12,43
1.0,27,43
1.0,28,43
1.0,41,43
1.0,17,44
1.0,21,44
1.0,30,44
1.0,31,44
1.0,7,45
1.0,12,45
1.0,18,45
1.0,41,45
1.0,31,46
1.0,36,46
1.0,37,46
1.0,44,46
1.0,26,47
1.0,28,47
1.0,35,47
1.0,39,47
1.0,45,47
1.0,0,48
1.0,6,48
1.0,27,48
1.0,36,48
1.0,40,48
1.0,0,49
1.0,5,49
1.0,10,49
1.0,19,49
1.0,46,49
