1.0,0,2
1.0,1,3
1.0,2,6
1.0,3,7
1.0,0,8
1.0,6,8
1.0,6,9
1.0,3,10
1.0,1,12
1.0,2,13
1.0,5,13
1.0,7,14
1.0,1,15
1.0,5,15
1.0,13,16
1.0,0,17
1.0,7,18
1.0,3,19
1.0,18,19
1.0,16,21
1.0,5,23
1.0,7,23
1.0,20,23
1.0,9,24
1.0,19,24
1.0,10,25
1.0,11,25
1.0,12,25
1.0,13,25
1.0,13,26
1.0,21,26
1.0,4,27
1.0,9,27
1.0,10,27
1.0,22,27
1.0,5,28
1.0,11,28
1.0,18,28
1.0,23,28
1.0,8,29
1.0,22,29
1.0,25,29
1.0,6,30
1.0,14,30
1.0,2,31
1.0,16,31
1.0,22,31
1.0,11,32
1.0,14,32
1.0,29,32
1.0,12,33
1.0,21,33
1.0,30,33
1.0,31,33
1.0,5,34
1.0,6,34
1.0,16,34
1.0,17,34
1.0,26,34
1.0,1,35
1.0,4,35
1.0,22,35
1.0,9,36
1.0,24,36
1.0,4,37
1.0,19,37
1.0,21,37
1.0,24,37
1.0,36,37
1.0,10,38
1.0,18,38
1.0,26,38
1.0,28,38
1.0,36,38
1.0,8,39
1.0,12,39
1.0,14,39
1.0,23,39
1.0,35,39
1.0,20,40
1.0,31,40
1.0,33,40
1.0,15,41
1.0,20,41
1.0,21,41
1.0,24,41
1.0,29,41
1.0,0,42
1.0,4,42
1.0,36,42
1.0,40,42
1.0,7,43
1.0,15,43
1.0,20,43
1.0,32,43
1.0,2,44
1.0,8,44
1.0,11,44
1.0,17,44
1.0,19,44
1.0,4,45
1.0,11,45
1.0,14,45
1.0,17,45
1.0,18,45
1.0,3,46
1.0,15,46
1.0,22,46
1.0,27,46
1.0,42,46
1.0,1,47
1.0,10,47
1.0,17,47
1.0,26,47
1.0,40,47
1.0,16,48
1.0,20,48
1.0,30,48
1.0,32,48
1.0,43,48
1.0,0,49
1.0,9,49
1.0,12,49
1.0,30,49
1.0,35,49
