1.0,1,5
1.0,1,6
1.0,1,8
1.0,2,12
1.0,6,12
1.0,11,13
1.0,11,15
1.0,3,16
1.0,10,16
1.0,9,17
1.0,8,18
1.0,14,19
1.0,4,20
1.0,5,20
1.0,0,21
1.0,6,21
1.0,13,21
1.0,2,22
1.0,4,22
1.0,8,22
1.0,15,22
1.0,6,23
1.0,17,23
1.0,18,23
1.0,0,24
1.0,10,24
1.0,13,25
1.0,14,25
1.0,15,25
1.0,1,26
1.0,14,26
1.0,5,27
1.0,15,28
1.0,21,28
1.0,7,29
1.0,12,29
1.0,14,29
1.0,16,29
1.0,25,29
1.0,0,30
1.0,11,30
1.0,23,30
1.0,24,30
1.0,18,31
1.0,20,31
1.0,26,31
1.0,27,31
1.0,12,32
1.0,21,32
1.0,24,32
1.0,12,33
1.0,13,33
1.0,31,33
1.0,5,34
1.0,9,34
1.0,19,34
1.0,33,34
1.0,1,35
1.0,7,35
1.0,10,35
1.0,22,35
1.0,28,35
1.0,4,36
1.0,7,36
1.0,8,36
1.0,18,36
1.0,3,37
1.0,4,37
1.0,19,37
1.0,26,37
1.0,36,37
1.0,6,38
1.0,13,38
1.0,25,38
1.0,2,39
1.0,7,39
1.0,8,39
1.0,17,39
1.0,23,39
1.0,0,40
1.0,3,40
1.0,32,40
1.0,9,41
1.0,17,41
1.0,18,41
1.0,20,41
1.0,27,41
1.0,4,42
1.0,16,42
1.0,34,42
1.0,3,43
1.0,20,43
1.0,32,43
1.0,40,43
1.0,42,43
1.0,10,44
1.0,15,44
1.0,27,44
1.0,33,44
1.0,38,44
1.0,2,45
1.0,5,45
1.0,7,45
1.0,9,45
1.0,16,45
1.0,2,46
1.0,11,46
1.0,19,46
1.0,27,46
1.0,28,46
1.0,0,47
1.0,10,47
1.0,26,47
1.0,28,47
1.0,38,47
1.0,3,48
1.0,11,48
1.0,17,48
1.0,24,48
1.0,40,48
1.0,9,49
1.0,14,49
1.0,19,49
1.0,30,49
1.0,42,49
