1.0,0,5
1.0,0,8
1.0,2,8
1.0,3,10
1.0,7,10
1.0,9,10
1.0,11,12
1.0,7,13
1.0,0,14
1.0,2,14
1.0,8,14
1.0,6,16
1.0,10,17
1.0,4,18
1.0,9,19
1.0,11,19
1.0,1,20
1.0,3,20
1.0,8,20
1.0,3,22
1.0,12,22
1.0,21,22
1.0,14,23
1.0,21,23
1.0,1,24
1.0,12,24
1.0,0,25
1.0,1,25
1.0,4,25
1.0,9,25
1.0,13,25
1.0,6,26
1.0,13,26
1.0,15,26
1.0,12,27
1.0,19,27
1.0,20,27
1.0,23,27
1.0,13,28
1.0,2,29
1.0,6,29
1.0,17,29
1.0,1,30
1.0,18,30
1.0,21,30
1.0,22,30
1.0,16,31
1.0,19,31
1.0,23,31
1.0,3,32
1.0,29,32
1.0,1,33
1.0,5,33
1.0,11,33
1.0,28,33
1.0,31,33
1.0,7,34
1.0,15,34
1.0,18,34
1.0,24,34
1.0,7,35
1.0,15,35
1.0,16,35
1.0,26,35
1.0,28,35
1.0,2,36
1.0,6,36
1.0,15,36
1.0,9,37
1.0,15,37
1.0,26,37
1.0,5,38
1.0,20,38
1.0,28,38
1.0,5,39
1.0,12,39
1.0,17,39
1.0,24,39
1.0,38,39
1.0,14,40
1.0,19,40
1.0,21,40
1.0,34,40
1.0,0,41
1.0,4,41
1.0,6,41
1.0,21,41
1.0,32,42
1.0,36,42
1.0,40,42
1.0,11,43
1.0,22,43
1.0,24,43
1.0,27,43
1.0,37,43
1.0,9,44
1.0,13,44
1.0,17,44
1.0,28,44
1.0,42,44
1.0,2,45
1.0,11,45
1.0,18,45
1.0,31,45
1.0,41,45
1.0,4,46
1.0,8,46
1.0,16,46
1.0,18,46
1.0,38,46
1.0,3,47
1.0,7,47
1.0,10,47
1.0,30,47
1.0,37,47
1.0,16,48
1.0,17,48
1.0,29,48
1.0,32,48
1.0,42,48
1.0,4,49
1.0,5,49
1.0,23,49
1.0,32,49
1.0,36,49
