1.0,1,4
1.0,0,5
1.0,4,7
1.0,0,8
1.0,6,8
1.0,0,9
1.0,5,10
1.0,1,11
1.0,10,11
1.0,8,14
1.0,9,14
1.0,14,15
1.0,0,16
1.0,2,16
1.0,3,17
1.0,5,17
1.0,6,17
1.0,10,17
1.0,16,17
1.0,0,18
1.0,2,19
1.0,7,19
1.0,13,19
1.0,2,20
1.0,16,20
1.0,18,20
1.0,1,22
1.0,11,22
1.0,3,23
1.0,12,24
1.0,14,24
1.0,19,25
1.0,7,26
1.0,10,26
1.0,21,26
1.0,11,27
1.0,21,27
1.0,25,27
1.0,3,28
1.0,22,28
1.0,4,29
1.0,6,29
1.0,8,29
1.0,12,29
1.0,24,29
1.0,1,30
1.0,20,30
1.0,11,31
1.0,12,31
1.0,20,31
1.0,22,31
1.0,2,32
1.0,4,32
1.0,21,32
1.0,5,33
1.0,9,33
1.0,14,33
1.0,23,33
1.0,25,33
1.0,8,34
1.0,30,34
1.0,3,35
1.0,9,35
1.0,25,35
1.0,1,36
1.0,2,36
1.0,15,36
1.0,22,37
1.0,27,37
1.0,28,37
1.0,23,38
1.0,32,38
1.0,37,38
1.0,13,39
1.0,15,39
1.0,18,39
1.0,23,39
1.0,9,40
1.0,12,40
1.0,16,40
1.0,21,40
1.0,34,40
1.0,3,41
1.0,24,41
1.0,25,41
1.0,30,41
1.0,7,42
1.0,10,42
1.0,15,42
1.0,26,42
1.0,35,42
1.0,4,43
1.0,5,43
1.0,13,43
1.0,18,43
1.0,26,43
1.0,15,44
1.0,19,44
1.0,21,44
1.0,32,44
1.0,41,44
1.0,7,45
1.0,13,45
1.0,23,45
1.0,30,45
1.0,37,45
1.0,28,46
1.0,34,46
1.0,35,46
1.0,36,46
1.0,12,47
1.0,13,47
1.0,18,47
1.0,38,47
1.0,39,47
1.0,6,48
1.0,28,48
1.0,34,48
1.0,36,48
1.0,38,48
1.0,6,49
1.0,24,49
1.0,27,49
1.0,31,49
1.0,46,49
