1.0,3,4
1.0,0,5
1.0,0,7
1.0,2,7
1.0,2,9
1.0,3,10
1.0,6,10
1.0,0,12
1.0,6,13
1.0,8,14
1.0,9,14
1.0,1,15
1.0,2,16
1.0,8,16
1.0,12,16
1.0,0,17
1.0,11,17
1.0,11,18
1.0,1,19
1.0,4,19
1.0,12,19
1.0,7,20
1.0,15,20
1.0,11,21
1.0,13,21
1.0,4,23
1.0,18,23
1.0,22,23
1.0,10,24
1.0,13,24
1.0,13,25
1.0,16,25
1.0,2,26
1.0,3,26
1.0,8,26
1.0,9,26
1.0,17,26
1.0,12,27
1.0,21,27
1.0,3,28
1.0,7,28
1.0,17,28
1.0,18,28
1.0,25,28
1.0,5,29
1.0,8,29
1.0,14,29
1.0,15,29
1.0,1,30
1.0,15,30
1.0,22,30
1.0,24,30
1.0,9,31
1.0,4,32
1.0,5,32
1.0,6,32
1.0,25,33
1.0,27,33
1.0,30,33
1.0,5,34
1.0,24,34
1.0,31,34
1.0,9,35
1.0,12,35
1.0,21,35
1.0,31,35
1.0,19,36
1.0,22,36
1.0,32,36
1.0,34,36
1.0,10,37
1.0,20,37
1.0,25,37
1.0,32,37
1.0,35,37
1.0,27,38
1.0,33,38
1.0,15,39
1.0,23,39
1.0,38,39
1.0,8,40
1.0,14,40
1.0,20,40
1.0,23,40
1.0,29,40
1.0,1,41
1.0,2,41
1.0,17,41
1.0,24,41
1.0,21,42
1.0,34,42
1.0,36,42
1.0,38,42
1.0,39,42
1.0,0,43
1.0,5,43
1.0,31,43
1.0,3,44
1.0,6,44
1.0,11,44
1.0,18,44
1.0,22,44
1.0,4,45
1.0,22,45
1.0,43,45
1.0,16,46
1.0,19,46
1.0,20,46
1.0,27,46
1.0,45,46
1.0,1,47
1.0,13,47
1.0,31,47
1.0,41,47
1.0,43,47
1.0,6,48
1.0,11,48
1.0,14,48
1.0,38,48
1.0,39,48
1.0,7,49
1.0,10,49
1.0,18,49
1.0,33,49
1.0,45,49
