1.0,4,5
1.0,3,6
1.0,5,10
1.0,1,11
1.0,9,11
1.0,0,12
1.0,6,12
1.0,9,12
1.0,3,13
1.0,4,13
1.0,7,13
1.0,2,14
1.0,1,17
1.0,8,18
1.0,15,18
1.0,16,18
1.0,13,19
1.0,4,21
1.0,15,21
1.0,13,22
1.0,1,23
1.0,2,23
1.0,7,23
1.0,6,24
1.0,16,24
1.0,17,24
1.0,21,24
1.0,12,25
1.0,22,25
1.0,23,25
1.0,2,26
1.0,9,26
1.0,22,26
1.0,8,27
1.0,14,27
1.0,20,27
1.0,1,28
1.0,2,28
1.0,7,28
1.0,18,28
1.0,21,29
1.0,24,29
1.0,5,30
1.0,11,30
1.0,20,30
1.0,9,31
1.0,15,31
1.0,22,31
1.0,27,31
1.0,0,32
1.0,17,32
1.0,19,32
1.0,28,32
1.0,31,32
1.0,3,33
1.0,17,33
1.0,29,33
1.0,12,34
1.0,16,34
1.0,25,34
1.0,27,34
1.0,15,35
1.0,19,35
1.0,26,35
1.0,33,35
1.0,3,36
1.0,6,36
1.0,19,36
1.0,21,36
1.0,20,37
1.0,30,37
1.0,35,37
1.0,0,38
1.0,8,38
1.0,22,38
1.0,3,39
1.0,11,39
1.0,20,39
1.0,33,39
1.0,37,39
1.0,14,40
1.0,15,40
1.0,19,40
1.0,34,40
1.0,6,41
1.0,8,41
1.0,36,41
1.0,5,42
1.0,7,42
1.0,9,42
1.0,38,42
1.0,40,42
1.0,0,43
1.0,2,43
1.0,10,43
1.0,17,43
1.0,41,43
1.0,4,44
1.0,10,44
1.0,14,44
1.0,16,44
1.0,1,45
1.0,7,45
1.0,20,45
1.0,30,45
1.0,41,45
1.0,18,46
1.0,23,46
1.0,26,46
1.0,37,46
1.0,0,47
1.0,5,47
1.0,11,47
1.0,29,47
1.0,46,47
1.0,4,48
1.0,8,48
1.0,10,48
1.0,16,48
1.0,44,48
1.0,10,49
1.0,14,49
1.0,25,49
1.0,29,49
1.0,38,49
