1.0,2,3
1.0,0,7
1.0,5,8
1.0,2,10
1.0,3,10
1.0,4,10
1.0,7,10
1.0,0,12
1.0,6,12
1.0,11,12
1.0,1,13
1.0,4,14
1.0,3,15
1.0,13,15
1.0,1,16
1.0,8,16
1.0,12,16
1.0,11,17
1.0,6,18
1.0,17,18
1.0,5,19
1.0,8,19
1.0,9,19
1.0,1,20
1.0,2,20
1.0,10,20
1.0,12,21
1.0,1,22
1.0,17,22
1.0,0,23
1.0,7,23
1.0,13,23
1.0,18,24
1.0,22,24
1.0,7,25
1.0,9,25
1.0,9,26
1.0,14,27
1.0,19,27
1.0,26,27
1.0,17,28
1.0,18,28
1.0,5,29
1.0,28,29
1.0,9,30
1.0,14,30
1.0,16,30
1.0,29,30
1.0,2,31
1.0,22,31
1.0,0,32
1.0,6,32
1.0,17,32
1.0,24,32
1.0,5,33
1.0,14,33
1.0,15,33
1.0,21,33
1.0,6,34
1.0,25,34
1.0,32,34
1.0,4,35
1.0,18,35
1.0,19,35
1.0,29,35
1.0,4,36
1.0,11,36
1.0,24,36
1.0,26,36
1.0,3,37
1.0,22,37
1.0,23,37
1.0,25,37
1.0,21,38
1.0,29,38
1.0,33,38
1.0,7,39
1.0,15,39
1.0,23,39
1.0,8,40
1.0,11,40
1.0,13,40
1.0,37,40
1.0,38,40
1.0,8,41
1.0,15,41
1.0,25,41
1.0,34,41
1.0,9,42
1.0,13,42
1.0,16,42
1.0,34,42
1.0,38,42
1.0,2,43
1.0,3,43
1.0,11,43
1.0,14,43
1.0,5,44
1.0,20,44
1.0,26,44
1.0,36,44
1.0,0,45
1.0,21,45
1.0,26,45
1.0,39,45
1.0,43,45
1.0,6,46
1.0,24,46
1.0,31,46
1.0,41,46
1.0,27,47
1.0,28,47
1.0,35,47
1.0,39,47
1.0,44,47
1.0,4,48
1.0,20,48
1.0,21,48
1.0,31,48
1.0,46,48
1.0,1,49
1.0,27,49
1.0,28,49
1.0,30,49
1.0,31,49
