1.0,0,7
1.0,4,7
1.0,3,8
1.0,5,8
1.0,5,9
1.0,7,9
1.0,1,10
1.0,4,12
1.0,12,13
1.0,13,14
1.0,1,16
1.0,6,16
1.0,15,17
1.0,0,18
1.0,6,18
1.0,2,19
1.0,6,20
1.0,7,20
1.0,17,20
1.0,12,21
1.0,20,21
1.0,11,22
1.0,4,23
1.0,11,23
1.0,15,23
1.0,22,23
1.0,9,24
1.0,18,24
1.0,2,25
1.0,9,25
1.0,13,25
1.0,19,25
1.0,15,26
1.0,16,26
1.0,0,27
1.0,6,27
1.0,2,28
1.0,3,28
1.0,10,28
1.0,1,29
1.0,14,29
1.0,19,29
1.0,23,29
1.0,17,30
1.0,22,30
1.0,28,30
1.0,10,31
1.0,11,31
1.0,13,31
1.0,0,32
1.0,13,32
1.0,11,33
1.0,16,33
1.0,29,33
1.0,1,34
1.0,24,34
1.0,33,34
1.0,5,35
1.0,7,35
1.0,14,35
1.0,21,35
1.0,26,35
1.0,3,36
1.0,14,36
1.0,22,36
1.0,33,36
1.0,8,37
1.0,15,37
1.0,30,37
1.0,9,38
1.0,12,38
1.0,22,38
1.0,24,38
1.0,26,38
1.0,5,39
1.0,26,39
1.0,27,39
1.0,31,39
1.0,34,39
1.0,1,40
1.0,3,40
1.0,11,40
1.0,34,40
1.0,2,41
1.0,5,41
1.0,12,41
1.0,19,41
1.0,24,41
1.0,0,42
1.0,14,42
1.0,17,42
1.0,19,42
1.0,28,42
1.0,18,43
1.0,20,43
1.0,21,43
1.0,2,44
1.0,4,44
1.0,6,44
1.0,8,44
1.0,40,44
1.0,10,45
1.0,25,45
1.0,27,45
1.0,30,45
1.0,31,45
1.0,18,46
1.0,32,46
1.0,36,46
1.0,37,46
1.0,3,47
1.0,10,47
1.0,17,47
1.0,32,47
1.0,43,47
1.0,4,48
1.0,15,48
1.0,16,48
1.0,32,48
1.0,37,48
1.0,8,49
1.0,21,49
1.0,27,49
1.0,43,49
1.0,46,49
