1.0,3,7
1.0,8,11
1.0,7,12
1.0,9,12
1.0,11,12
1.0,5,13
1.0,13,14
1.0,9,16
1.0,2,17
1.0,15,17
1.0,2,18
1.0,5,18
1.0,14,18
1.0,15,18
1.0,0,19
1.0,2,19
1.0,7,19
1.0,10,19
1.0,16,20
1.0,10,21
1.0,14,21
1.0,17,21
1.0,9,22
1.0,11,22
1.0,0,23
1.0,13,24
1.0,10,25
1.0,22,25
1.0,24,25
1.0,10,26
1.0,17,27
1.0,25,27
1.0,0,28
1.0,21,28
1.0,23,28
1.0,24,28
1.0,27,28
1.0,8,29
1.0,22,29
1.0,23,29
1.0,26,29
1.0,4,30
1.0,24,30
1.0,26,30
1.0,6,31
1.0,8,31
1.0,15,31
1.0,23,31
1.0,3,32
1.0,4,32
1.0,5,32
1.0,7,32
1.0,26,32
1.0,0,33
1.0,4,33
1.0,6,33
1.0,15,33
1.0,1,34
1.0,18,34
1.0,20,34
1.0,8,35
1.0,20,35
1.0,22,35
1.0,27,35
1.0,1,36
1.0,3,36
1.0,11,36
1.0,16,36
1.0,1,37
1.0,16,37
1.0,27,37
1.0,1,38
1.0,5,38
1.0,10,38
1.0,13,38
1.0,24,38
1.0,4,39
1.0,13,39
1.0,19,39
1.0,1,40
1.0,6,40
1.0,12,40
1.0,25,40
1.0,26,40
1.0,2,41
1.0,3,41
1.0,14,41
1.0,9,42
1.0,15,42
1.0,16,42
1.0,34,42
1.0,2,43
1.0,29,43
1.0,35,43
1.0,37,43
1.0,39,43
1.0,0,44
1.0,7,44
1.0,20,44
1.0,21,44
1.0,36,44
1.0,3,45
1.0,6,45
1.0,8,45
1.0,23,45
1.0,31,45
1.0,5,46
1.0,6,46
1.0,12,46
1.0,20,46
1.0,4,47
1.0,30,47
1.0,34,47
1.0,37,47
1.0,41,47
1.0,9,48
1.0,14,48
1.0,17,48
1.0,41,48
1.0,46,48
1.0,11,49
1.0,30,49
1.0,33,49
1.0,39,49
1.0,42,49
