1.0,0,1
1.0,3,4
1.0,1,5
1.0,2,6
1.0,3,7
1.0,6,7
1.0,1,8
1.0,6,8
1.0,1,9
1.0,2,10
1.0,0,12
1.0,4,12
1.0,12,13
1.0,5,14
1.0,3,15
1.0,8,15
1.0,13,15
1.0,7,17
1.0,14,17
1.0,17,19
1.0,8,20
1.0,9,20
1.0,10,20
1.0,2,21
1.0,10,22
1.0,16,22
1.0,19,23
1.0,0,24
1.0,14,24
1.0,15,24
1.0,18,25
1.0,7,26
1.0,11,26
1.0,14,26
1.0,20,26
1.0,6,27
1.0,13,27
1.0,16,27
1.0,17,27
1.0,21,27
1.0,6,28
1.0,7,28
1.0,21,28
1.0,2,29
1.0,21,29
1.0,24,29
1.0,5,30
1.0,11,30
1.0,13,30
1.0,2,31
1.0,5,31
1.0,19,31
1.0,5,32
1.0,23,32
1.0,10,33
1.0,11,33
1.0,16,33
1.0,18,33
1.0,21,33
1.0,4,34
1.0,9,34
1.0,12,34
1.0,3,35
1.0,11,35
1.0,23,35
1.0,25,35
1.0,16,36
1.0,25,36
1.0,29,36
1.0,30,36
1.0,31,36
1.0,3,37
1.0,19,37
1.0,28,37
1.0,23,38
1.0,35,38
1.0,10,39
1.0,11,39
1.0,8,40
1.0,14,40
1.0,19,40
1.0,22,40
1.0,38,40
1.0,16,41
1.0,20,41
1.0,30,41
1.0,39,41
1.0,1,42
1.0,12,42
1.0,13,42
1.0,18,42
1.0,22,42
1.0,18,43
1.0,22,43
1.0,26,43
1.0,32,43
1.0,15,44
1.0,32,44
1.0,34,44
1.0,37,44
1.0,41,44
1.0,0,45
1.0,18,45
1.0,29,45
1.0,38,45
1.0,39,45
1.0,0,46
1.0,9,46
1.0,28,46
1.0,31,46
1.0,34,46
1.0,4,47
1.0,23,47
1.0,24,47
1.0,32,47
1.0,43,47
1.0,4,48
1.0,9,48
1.0,25,48
1.0,39,48
1.0,17,49
1.0,25,49
1.0,37,49
1.0,38,49
1.0,48,49
