1.0,1,2
1.0,4,5
1.0,2,6
1.0,5,7
1.0,7,10
1.0,3,11
1.0,8,11
1.0,5,12
1.0,9,15
1.0,7,16
1.0,1,17
1.0,13,17
1.0,5,18
1.0,10,18
1.0,9,19
1.0,16,19
1.0,1,20
1.0,13,20
1.0,10,21
1.0,14,21
1.0,18,21
1.0,16,22
1.0,0,23
1.0,3,23
1.0,4,24
1.0,7,24
1.0,16,24
1.0,19,24
1.0,9,25
1.0,23,25
1.0,6,26
1.0,12,26
1.0,14,26
1.0,1,27
1.0,8,28
1.0,13,28
1.0,20,28
1.0,27,28
1.0,0,29
1.0,14,29
1.0,17,29
1.0,0,30
1.0,9,30
1.0,16,30
1.0,27,30
1.0,3,31
1.0,7,31
1.0,27,31
1.0,2,32
1.0,14,32
1.0,22,32
1.0,26,32
1.0,2,33
1.0,6,33
1.0,11,33
1.0,22,33
1.0,31,33
1.0,17,34
1.0,23,34
1.0,24,34
1.0,25,34
1.0,13,35
1.0,18,35
1.0,20,35
1.0,23,35
1.0,34,36
1.0,0,37
1.0,1,37
1.0,21,37
1.0,27,37
1.0,28,37
1.0,12,38
1.0,13,38
1.0,19,38
1.0,22,38
1.0,0,39
1.0,6,39
1.0,11,39
1.0,29,39
1.0,31,39
1.0,6,40
1.0,8,40
1.0,15,40
1.0,20,40
1.0,4,41
1.0,9,41
1.0,15,41
1.0,18,41
1.0,36,41
1.0,2,42
1.0,8,42
1.0,12,42
1.0,19,42
1.0,25,42
1.0,4,43
1.0,21,43
1.0,22,43
1.0,36,43
1.0,3,44
1.0,15,44
1.0,35,44
1.0,5,45
1.0,12,45
1.0,36,45
1.0,38,45
1.0,8,46
1.0,10,46
1.0,14,46
1.0,26,46
1.0,29,46
1.0,17,47
1.0,25,47
1.0,32,47
1.0,40,47
1.0,44,47
1.0,3,48
1.0,15,48
1.0,30,48
1.0,36,48
1.0,44,48
1.0,4,49
1.0,10,49
1.0,11,49
1.0,43,49
1.0,45,49
