1.0,0,2
1.0,0,5
1.0,2,6
1.0,3,6
1.0,5,6
1.0,0,7
1.0,4,7
1.0,4,8
1.0,5,8
1.0,5,9
1.0,7,9
1.0,1,13
1.0,12,13
1.0,1,14
1.0,6,15
1.0,14,15
1.0,15,16
1.0,9,17
1.0,11,17
1.0,10,20
1.0,12,20
1.0,17,20
1.0,2,21
1.0,4,21
1.0,7,22
1.0,10,22
1.0,17,22
1.0,19,22
1.0,12,23
1.0,16,23
1.0,18,24
1.0,11,25
1.0,12,25
1.0,7,26
1.0,13,27
1.0,24,27
1.0,3,28
1.0,16,28
1.0,19,28
1.0,2,29
1.0,6,29
1.0,15,29
1.0,25,29
1.0,3,30
1.0,20,30
1.0,27,30
1.0,11,31
1.0,3,32
1.0,25,32
1.0,28,32
1.0,30,32
1.0,4,33
1.0,23,33
1.0,27,33
1.0,31,33
1.0,11,34
1.0,15,34
1.0,18,34
1.0,32,34
1.0,4,35
1.0,8,35
1.0,24,35
1.0,1,36
1.0,14,36
1.0,17,36
1.0,18,36
1.0,19,36
1.0,1,37
1.0,2,37
1.0,10,37
1.0,27,37
1.0,11,38
1.0,14,38
1.0,21,38
1.0,33,38
1.0,1,39
1.0,18,39
1.0,26,39
1.0,29,39
1.0,37,39
1.0,13,40
1.0,16,40
1.0,19,40
1.0,24,40
1.0,34,40
1.0,5,41
1.0,16,41
1.0,21,41
1.0,22,42
1.0,25,42
1.0,26,42
1.0,35,42
1.0,10,43
1.0,23,43
1.0,28,43
1.0,31,43
1.0,9,44
1.0,12,44
1.0,26,44
1.0,30,44
1.0,0,45
1.0,24,45
1.0,31,45
1.0,41,45
1.0,43,45
1.0,0,46
1.0,8,46
1.0,10,46
1.0,19,46
1.0,35,46
1.0,8,47
1.0,13,47
1.0,23,47
1.0,41,47
1.0,42,47
1.0,3,48
1.0,18,48
1.0,20,48
1.0,21,48
1.0,44,48
1.0,9,49
1.0,14,49
1.0,26,49
1.0,31,49
1.0,38,49
