1.0,0,4
1.0,1,5
1.0,8,10
1.0,2,11
1.0,3,11
1.0,10,12
1.0,1,13
1.0,9,13
1.0,2,14
1.0,3,14
1.0,10,14
1.0,0,15
1.0,1,17
1.0,3,17
1.0,7,17
1.0,9,18
1.0,16,18
1.0,5,19
1.0,6,19
1.0,12,19
1.0,0,20
1.0,5,20
1.0,1,21
1.0,8,21
1.0,15,21
1.0,11,22
1.0,16,22
1.0,17,22
1.0,2,23
1.0,5,23
1.0,21,24
1.0,13,25
1.0,18,25
1.0,23,25
1.0,4,26
1.0,14,26
1.0,7,27
1.0,18,27
1.0,22,27
1.0,11,28
1.0,18,28
1.0,0,29
1.0,11,29
1.0,21,30
1.0,23,30
1.0,27,30
1.0,3,31
1.0,19,31
1.0,26,31
1.0,29,31
1.0,6,32
1.0,7,32
1.0,14,32
1.0,16,32
1.0,3,33
1.0,4,33
1.0,8,33
1.0,19,33
1.0,4,34
1.0,28,34
1.0,30,34
1.0,7,35
1.0,9,35
1.0,25,35
1.0,26,35
1.0,2,36
1.0,15,36
1.0,16,36
1.0,31,36
1.0,4,37
1.0,6,37
1.0,9,37
1.0,23,37
1.0,30,37
1.0,12,38
1.0,13,38
1.0,15,38
1.0,20,38
1.0,10,39
1.0,15,39
1.0,26,39
1.0,27,39
1.0,33,39
1.0,7,40
1.0,17,40
1.0,24,40
1.0,35,40
1.0,9,41
1.0,1,42
1.0,2,42
1.0,6,42
1.0,29,42
1.0,6,43
1.0,22,43
1.0,34,43
1.0,40,43
1.0,41,43
1.0,0,44
1.0,5,44
1.0,24,44
1.0,28,44
1.0,41,44
1.0,12,45
1.0,20,45
1.0,25,45
1.0,36,45
1.0,8,46
1.0,12,46
1.0,24,46
1.0,28,46
1.0,38,46
1.0,10,47
1.0,34,47
1.0,41,47
1.0,42,47
1.0,16,48
1.0,20,48
1.0,29,48
1.0,41,48
1.0,47,48
1.0,8,49
1.0,13,49
1.0,24,49
1.0,32,49
1.0,45,49
