1.0,2,4
1.0,3,4
1.0,5,6
1.0,7,9
1.0,1,10
1.0,2,10
1.0,3,10
1.0,4,11
1.0,6,11
1.0,6,13
1.0,7,14
1.0,0,15
1.0,8,15
1.0,1,16
1.0,8,16
1.0,15,16
1.0,5,17
1.0,11,17
1.0,12,17
1.0,14,17
1.0,2,19
1.0,4,20
1.0,19,20
1.0,3,21
1.0,8,21
1.0,12,21
1.0,16,22
1.0,21,22
1.0,0,23
1.0,9,23
1.0,0,24
1.0,13,24
1.0,18,24
1.0,10,25
1.0,19,25
1.0,10,26
1.0,12,26
1.0,7,27
1.0,16,27
1.0,17,27
1.0,18,27
1.0,24,28
1.0,1,29
1.0,4,29
1.0,9,29
1.0,12,29
1.0,13,29
1.0,2,30
1.0,14,30
1.0,28,30
1.0,14,31
1.0,6,32
1.0,13,32
1.0,23,32
1.0,3,33
1.0,5,33
1.0,6,34
1.0,19,34
1.0,33,34
1.0,2,35
1.0,26,35
1.0,30,35
1.0,12,36
1.0,13,36
1.0,23,36
1.0,35,36
1.0,7,37
1.0,9,37
1.0,18,37
1.0,28,37
1.0,7,38
1.0,22,38
1.0,27,38
1.0,9,39
1.0,19,39
1.0,20,39
1.0,28,39
1.0,22,40
1.0,24,40
1.0,33,40
1.0,35,40
1.0,39,40
1.0,8,41
1.0,18,41
1.0,23,41
1.0,26,41
1.0,31,41
1.0,1,42
1.0,5,42
1.0,11,42
1.0,18,42
1.0,1,43
1.0,5,43
1.0,26,43
1.0,31,43
1.0,38,43
1.0,14,44
1.0,20,44
1.0,32,44
1.0,33,44
1.0,34,44
1.0,11,45
1.0,15,45
1.0,25,45
1.0,34,45
1.0,42,45
1.0,22,46
1.0,25,46
1.0,36,46
1.0,37,46
1.0,0,47
1.0,15,47
1.0,21,47
1.0,28,47
1.0,32,47
1.0,0,48
1.0,3,48
1.0,8,48
1.0,20,48
1.0,31,48
1.0,25,49
1.0,30,49
1.0,31,49
1.0,38,49
1.0,46,49
