1.0,3,4
1.0,2,6
1.0,2,7
1.0,4,8
1.0,5,9
1.0,0,10
1.0,6,10
1.0,3,11
1.0,6,11
1.0,4,12
1.0,5,13
1.0,12,13
1.0,2,14
1.0,8,15
1.0,1,16
1.0,15,16
1.0,0,17
1.0,7,17
1.0,10,17
1.0,15,17
1.0,15,18
1.0,18,21
1.0,16,22
1.0,8,23
1.0,14,23
1.0,1,24
1.0,16,24
1.0,19,24
1.0,11,25
1.0,14,25
1.0,18,25
1.0,3,26
1.0,13,26
1.0,14,26
1.0,20,26
1.0,5,27
1.0,9,27
1.0,0,28
1.0,1,28
1.0,9,28
1.0,20,28
1.0,22,28
1.0,7,29
1.0,19,29
1.0,4,30
1.0,8,30
1.0,15,30
1.0,21,30
1.0,4,31
1.0,11,31
1.0,19,31
1.0,20,31
1.0,27,31
1.0,6,32
1.0,9,32
1.0,1,33
1.0,19,33
1.0,21,33
1.0,32,33
1.0,2,34
1.0,3,34
1.0,17,34
1.0,29,34
1.0,10,35
1.0,23,35
1.0,27,35
1.0,22,36
1.0,23,36
1.0,32,36
1.0,35,36
1.0,7,37
1.0,20,37
1.0,21,37
1.0,24,37
1.0,30,37
1.0,0,38
1.0,12,38
1.0,34,38
1.0,35,38
1.0,13,39
1.0,18,39
1.0,29,39
1.0,0,40
1.0,12,40
1.0,14,40
1.0,16,40
1.0,39,40
1.0,2,41
1.0,5,41
1.0,25,41
1.0,38,41
1.0,1,42
1.0,13,42
1.0,22,42
1.0,24,42
1.0,12,43
1.0,22,43
1.0,23,43
1.0,25,43
1.0,41,43
1.0,6,44
1.0,20,44
1.0,26,44
1.0,42,44
1.0,8,45
1.0,10,45
1.0,29,45
1.0,9,46
1.0,18,46
1.0,32,46
1.0,36,46
1.0,39,46
1.0,5,47
1.0,21,47
1.0,33,47
1.0,45,47
1.0,3,48
1.0,7,48
1.0,44,48
1.0,47,48
1.0,11,49
1.0,19,49
1.0,27,49
1.0,45,49
1.0,48,49
