1.0,0,5
1.0,4,6
1.0,4,7
1.0,2,8
1.0,3,9
1.0,8,10
1.0,2,11
1.0,9,11
1.0,1,13
1.0,4,14
1.0,9,14
1.0,11,15
1.0,2,16
1.0,11,16
1.0,0,18
1.0,7,18
1.0,8,18
1.0,10,18
1.0,0,19
1.0,3,19
1.0,12,19
1.0,17,19
1.0,1,20
1.0,4,20
1.0,14,20
1.0,10,21
1.0,13,21
1.0,17,21
1.0,0,22
1.0,13,22
1.0,1,23
1.0,2,23
1.0,22,24
1.0,5,25
1.0,12,25
1.0,15,25
1.0,14,26
1.0,15,26
1.0,17,26
1.0,6,27
1.0,23,27
1.0,12,28
1.0,19,28
1.0,5,29
1.0,8,29
1.0,25,29
1.0,1,30
1.0,4,30
1.0,5,30
1.0,11,30
1.0,25,30
1.0,6,31
1.0,14,31
1.0,28,31
1.0,29,31
1.0,0,32
1.0,20,32
1.0,9,33
1.0,22,33
1.0,26,33
1.0,6,34
1.0,13,34
1.0,16,34
1.0,33,34
1.0,3,35
1.0,26,35
1.0,34,35
1.0,16,36
1.0,24,36
1.0,28,36
1.0,29,36
1.0,32,36
1.0,1,37
1.0,3,37
1.0,7,37
1.0,27,38
1.0,31,38
1.0,33,38
1.0,12,39
1.0,15,39
1.0,17,39
1.0,38,39
1.0,6,40
1.0,13,40
1.0,22,40
1.0,3,41
1.0,8,41
1.0,10,41
1.0,18,41
1.0,37,41
1.0,17,42
1.0,27,42
1.0,40,42
1.0,21,43
1.0,24,43
1.0,39,43
1.0,42,43
1.0,9,44
1.0,15,44
1.0,21,44
1.0,42,44
1.0,43,44
1.0,7,45
1.0,16,45
1.0,24,45
1.0,35,45
1.0,38,45
1.0,7,46
1.0,12,46
1.0,37,46
1.0,40,46
1.0,24,47
1.0,27,47
1.0,28,47
1.0,32,47
1.0,35,47
1.0,2,48
1.0,10,48
1.0,23,48
1.0,32,48
1.0,5,49
1.0,20,49
1.0,23,49
1.0,46,49
1.0,48,49
