1.0,0,1
1.0,4,7
1.0,1,8
1.0,3,8
1.0,5,9
1.0,9,10
1.0,10,12
1.0,3,13
1.0,10,13
1.0,6,14
1.0,2,15
1.0,9,15
1.0,12,15
1.0,0,17
1.0,3,17
1.0,15,17
1.0,1,18
1.0,13,18
1.0,0,19
1.0,14,19
1.0,18,19
1.0,11,20
1.0,16,21
1.0,19,21
1.0,20,21
1.0,7,22
1.0,15,23
1.0,16,23
1.0,1,24
1.0,8,24
1.0,0,25
1.0,5,25
1.0,12,26
1.0,16,26
1.0,2,27
1.0,26,27
1.0,6,28
1.0,18,28
1.0,27,28
1.0,0,29
1.0,4,29
1.0,24,29
1.0,2,30
1.0,16,30
1.0,21,30
1.0,26,30
1.0,27,30
1.0,2,31
1.0,4,31
1.0,7,31
1.0,25,31
1.0,5,32
1.0,11,32
1.0,16,32
1.0,19,32
1.0,5,33
1.0,7,33
1.0,22,33
1.0,3,34
1.0,10,34
1.0,13,34
1.0,33,34
1.0,5,35
1.0,8,35
1.0,14,35
1.0,20,35
1.0,26,35
1.0,14,36
1.0,17,36
1.0,21,36
1.0,25,36
1.0,4,37
1.0,9,37
1.0,14,37
1.0,34,37
1.0,6,38
1.0,10,38
1.0,12,38
1.0,20,38
1.0,22,39
1.0,28,39
1.0,29,39
1.0,23,40
1.0,24,40
1.0,31,40
1.0,6,41
1.0,17,41
1.0,18,41
1.0,39,41
1.0,3,42
1.0,24,42
1.0,36,42
1.0,38,42
1.0,11,43
1.0,22,43
1.0,23,43
1.0,40,43
1.0,7,44
1.0,8,44
1.0,9,44
1.0,22,44
1.0,43,44
1.0,11,45
1.0,20,45
1.0,25,45
1.0,28,45
1.0,37,45
1.0,1,46
1.0,2,46
1.0,4,46
1.0,33,46
1.0,6,47
1.0,13,47
1.0,23,47
1.0,27,47
1.0,42,47
1.0,29,48
1.0,32,48
1.0,39,48
1.0,41,48
1.0,11,49
1.0,12,49
1.0,40,49
1.0,46,49
1.0,48,49
