1.0,4,5
1.0,1,6
1.0,2,6
1.0,4,8
1.0,0,10
1.0,2,11
1.0,4,11
1.0,9,13
1.0,3,14
1.0,10,14
1.0,0,15
1.0,7,15
1.0,6,16
1.0,12,17
1.0,14,17
1.0,15,17
1.0,7,18
1.0,12,18
1.0,17,18
1.0,13,19
1.0,17,19
1.0,3,20
1.0,9,20
1.0,15,20
1.0,2,21
1.0,7,21
1.0,5,22
1.0,8,22
1.0,11,22
1.0,7,23
1.0,16,23
1.0,23,24
1.0,2,25
1.0,10,25
1.0,13,25
1.0,8,26
1.0,9,26
1.0,1,27
1.0,7,27
1.0,18,27
1.0,26,27
1.0,9,28
1.0,19,28
1.0,26,28
1.0,1,29
1.0,11,29
1.0,11,30
1.0,19,30
1.0,8,31
1.0,12,31
1.0,21,31
1.0,3,32
1.0,10,32
1.0,28,32
1.0,29,32
1.0,13,33
1.0,26,33
1.0,20,34
1.0,30,34
1.0,33,34
1.0,19,35
1.0,29,35
1.0,33,35
1.0,0,36
1.0,15,36
1.0,27,36
1.0,35,36
1.0,3,37
1.0,6,37
1.0,16,37
1.0,31,37
1.0,3,38
1.0,4,38
1.0,12,38
1.0,16,38
1.0,37,38
1.0,1,39
1.0,4,39
1.0,5,39
1.0,35,39
1.0,2,40
1.0,13,40
1.0,20,40
1.0,21,40
1.0,0,41
1.0,14,41
1.0,18,41
1.0,24,41
1.0,39,41
1.0,6,42
1.0,16,42
1.0,28,42
1.0,8,43
1.0,22,43
1.0,23,43
1.0,29,43
1.0,1,44
1.0,5,44
1.0,10,44
1.0,23,44
1.0,34,44
1.0,0,45
1.0,22,45
1.0,31,45
1.0,42,45
1.0,9,46
1.0,32,46
1.0,36,46
1.0,40,46
1.0,43,46
1.0,5,47
1.0,21,47
1.0,24,47
1.0,25,47
1.0,30,47
1.0,14,48
1.0,24,48
1.0,25,48
1.0,33,48
1.0,42,48
1.0,12,49
1.0,24,49
1.0,30,49
1.0,34,49
1.0,45,49
