1.0,0,1
1.0,4,5
1.0,0,8
1.0,5,10
1.0,6,10
1.0,2,11
1.0,0,12
1.0,1,14
1.0,0,15
1.0,12,16
1.0,7,17
1.0,3,18
1.0,5,19
1.0,9,19
1.0,8,20
1.0,10,21
1.0,11,21
1.0,13,22
1.0,15,22
1.0,17,22
1.0,20,22
1.0,9,23
1.0,18,23
1.0,1,24
1.0,9,24
1.0,12,24
1.0,11,25
1.0,16,25
1.0,21,25
1.0,24,25
1.0,8,26
1.0,10,26
1.0,14,26
1.0,12,27
1.0,20,27
1.0,21,27
1.0,4,28
1.0,6,28
1.0,7,28
1.0,9,28
1.0,11,28
1.0,3,29
1.0,10,29
1.0,13,29
1.0,25,29
1.0,2,30
1.0,5,30
1.0,23,30
1.0,27,30
1.0,4,31
1.0,8,31
1.0,14,31
1.0,2,32
1.0,3,32
1.0,6,32
1.0,23,32
1.0,0,33
1.0,3,33
1.0,4,33
1.0,26,33
1.0,4,34
1.0,6,34
1.0,11,34
1.0,17,34
1.0,2,35
1.0,20,35
1.0,13,36
1.0,18,36
1.0,32,36
1.0,3,37
1.0,5,37
1.0,26,37
1.0,27,37
1.0,31,37
1.0,17,38
1.0,29,38
1.0,15,39
1.0,17,39
1.0,18,39
1.0,20,39
1.0,1,40
1.0,2,40
1.0,33,40
1.0,38,40
1.0,16,41
1.0,19,41
1.0,31,41
1.0,40,41
1.0,13,42
1.0,24,42
1.0,35,42
1.0,36,42
1.0,38,42
1.0,1,43
1.0,8,43
1.0,16,43
1.0,38,43
1.0,39,43
1.0,7,44
1.0,9,44
1.0,21,44
1.0,41,44
1.0,7,45
1.0,16,45
1.0,19,45
1.0,35,45
1.0,44,45
1.0,13,46
1.0,14,46
1.0,18,46
1.0,23,46
1.0,6,47
1.0,14,47
1.0,15,47
1.0,36,47
1.0,46,47
1.0,15,48
1.0,30,48
1.0,34,48
1.0,35,48
1.0,7,49
1.0,12,49
1.0,19,49
1.0,22,49
1.0,48,49
