1.0,0,3
1.0,2,4
1.0,6,7
1.0,3,9
1.0,1,11
1.0,3,11
1.0,9,11
1.0,5,13
1.0,12,13
1.0,0,14
1.0,7,14
1.0,1,15
1.0,8,15
1.0,14,15
1.0,2,17
1.0,10,17
1.0,12,18
1.0,14,18
1.0,16,18
1.0,0,19
1.0,17,19
1.0,0,20
1.0,19,20
1.0,4,21
1.0,7,21
1.0,3,22
1.0,1,23
1.0,12,23
1.0,6,24
1.0,7,25
1.0,16,25
1.0,8,26
1.0,9,27
1.0,22,27
1.0,6,28
1.0,8,28
1.0,15,28
1.0,18,28
1.0,23,28
1.0,4,29
1.0,6,29
1.0,17,29
1.0,20,29
1.0,21,29
1.0,23,30
1.0,24,30
1.0,18,31
1.0,19,31
1.0,22,31
1.0,5,32
1.0,9,32
1.0,24,32
1.0,5,33
1.0,12,33
1.0,15,33
1.0,26,33
1.0,3,34
1.0,8,34
1.0,30,34
1.0,31,34
1.0,2,35
1.0,10,35
1.0,23,35
1.0,26,35
1.0,10,36
1.0,20,36
1.0,24,36
1.0,25,36
1.0,35,36
1.0,10,37
1.0,11,37
1.0,34,37
1.0,2,38
1.0,16,38
1.0,17,38
1.0,25,38
1.0,6,39
1.0,8,39
1.0,30,39
1.0,38,39
1.0,1,40
1.0,14,40
1.0,21,40
1.0,37,40
1.0,5,41
1.0,9,41
1.0,25,41
1.0,27,41
1.0,31,41
1.0,5,42
1.0,20,42
1.0,27,42
1.0,2,43
1.0,11,43
1.0,19,43
1.0,22,43
1.0,1,44
1.0,4,44
1.0,13,44
1.0,30,44
1.0,32,44
1.0,24,45
1.0,26,45
1.0,33,45
1.0,42,45
1.0,43,45
1.0,0,46
1.0,4,46
1.0,13,46
1.0,16,46
1.0,21,46
1.0,16,47
1.0,32,47
1.0,39,47
1.0,42,47
1.0,12,48
1.0,22,48
1.0,26,48
1.0,40,48
1.0,47,48
1.0,7,49
1.0,10,49
1.0,13,49
1.0,27,49
1.0,37,49
