1.0,0,4
1.0,2,5
1.0,3,6
1.0,1,9
1.0,6,10
1.0,7,11
1.0,9,12
1.0,6,13
1.0,4,14
1.0,11,14
1.0,15,16
1.0,1,17
1.0,15,17
1.0,1,19
1.0,3,19
1.0,12,19
1.0,0,20
1.0,8,20
1.0,12,20
1.0,2,21
1.0,9,21
1.0,18,21
1.0,11,22
1.0,16,22
1.0,18,22
1.0,2,23
1.0,16,23
1.0,1,24
1.0,6,24
1.0,13,24
1.0,17,24
1.0,7,25
1.0,15,25
1.0,22,25
1.0,7,26
1.0,9,26
1.0,24,26
1.0,4,27
1.0,14,27
1.0,22,27
1.0,4,28
1.0,5,28
1.0,25,28
1.0,13,29
1.0,27,29
1.0,12,30
1.0,13,30
1.0,14,30
1.0,20,31
1.0,30,31
1.0,2,32
1.0,10,32
1.0,20,32
1.0,17,33
1.0,18,33
1.0,19,33
1.0,31,33
1.0,3,34
1.0,5,34
1.0,11,34
1.0,14,34
1.0,15,34
1.0,4,35
1.0,12,35
1.0,32,35
1.0,3,36
1.0,8,36
1.0,23,36
1.0,7,37
1.0,9,37
1.0,21,37
1.0,26,37
1.0,30,37
1.0,0,38
1.0,23,38
1.0,29,38
1.0,0,39
1.0,13,39
1.0,16,39
1.0,25,39
1.0,29,39
1.0,0,40
1.0,8,40
1.0,10,40
1.0,28,40
1.0,10,41
1.0,21,41
1.0,32,41
1.0,36,41
1.0,1,42
1.0,6,42
1.0,26,42
1.0,2,43
1.0,3,43
1.0,29,43
1.0,31,43
1.0,36,43
1.0,5,44
1.0,16,44
1.0,18,44
1.0,23,44
1.0,18,45
1.0,35,45
1.0,38,45
1.0,41,45
1.0,8,46
1.0,15,46
1.0,17,46
1.0,35,46
1.0,38,46
1.0,28,47
1.0,31,47
1.0,33,47
1.0,42,47
1.0,44,47
1.0,10,48
1.0,11,48
1.0,19,48
1.0,42,48
1.0,45,48
1.0,5,49
1.0,7,49
1.0,8,49
1.0,27,49
1.0,40,49
