1.0,0,2
1.0,2,6
1.0,5,8
1.0,2,10
1.0,7,10
1.0,4,11
1.0,9,11
1.0,5,14
1.0,8,14
1.0,4,16
1.0,8,17
1.0,9,17
1.0,12,17
1.0,13,17
1.0,3,18
1.0,6,18
1.0,7,18
1.0,4,19
1.0,5,19
1.0,7,19
1.0,10,19
1.0,8,20
1.0,10,20
1.0,11,20
1.0,6,21
1.0,13,21
1.0,14,21
1.0,1,22
1.0,7,22
1.0,10,22
1.0,14,22
1.0,0,23
1.0,1,23
1.0,5,23
1.0,8,23
1.0,1,24
1.0,0,25
1.0,3,25
1.0,24,25
1.0,16,26
1.0,1,27
1.0,12,27
1.0,2,28
1.0,15,28
1.0,26,28
1.0,3,29
1.0,20,29
1.0,24,29
1.0,13,30
1.0,14,30
1.0,29,30
1.0,12,31
1.0,4,32
1.0,7,32
1.0,15,32
1.0,9,33
1.0,13,33
1.0,15,33
1.0,18,33
1.0,32,33
1.0,1,34
1.0,15,34
1.0,16,34
1.0,9,35
1.0,13,35
1.0,17,35
1.0,26,35
1.0,3,36
1.0,26,36
1.0,34,36
1.0,4,37
1.0,12,37
1.0,27,37
1.0,28,37
1.0,32,37
1.0,15,38
1.0,18,38
1.0,21,38
1.0,31,38
1.0,0,39
1.0,6,39
1.0,31,39
1.0,38,39
1.0,3,40
1.0,21,40
1.0,29,40
1.0,31,40
1.0,6,41
1.0,9,41
1.0,2,42
1.0,11,42
1.0,22,42
1.0,36,42
1.0,41,42
1.0,16,43
1.0,25,43
1.0,30,43
1.0,31,43
1.0,0,44
1.0,16,44
1.0,20,44
1.0,5,45
1.0,28,45
1.0,34,45
1.0,39,45
1.0,41,45
1.0,12,46
1.0,19,46
1.0,27,46
1.0,44,46
1.0,11,47
1.0,23,47
1.0,27,47
1.0,36,47
1.0,46,47
1.0,24,48
1.0,25,48
1.0,35,48
1.0,43,48
1.0,44,48
1.0,24,49
1.0,26,49
1.0,30,49
1.0,40,49
1.0,41,49
