1.0,1,4
1.0,5,8
1.0,7,8
1.0,2,9
1.0,5,9
1.0,3,12
1.0,11,13
1.0,1,15
1.0,14,15
1.0,4,16
1.0,14,16
1.0,5,17
1.0,3,18
1.0,8,18
1.0,12,18
1.0,5,19
1.0,9,19
1.0,16,20
1.0,17,20
1.0,0,21
1.0,16,21
1.0,6,22
1.0,10,22
1.0,21,22
1.0,3,23
1.0,18,23
1.0,14,24
1.0,17,24
1.0,10,25
1.0,23,25
1.0,8,26
1.0,9,26
1.0,12,26
1.0,21,26
1.0,7,27
1.0,24,27
1.0,2,28
1.0,10,28
1.0,14,28
1.0,7,29
1.0,13,29
1.0,16,29
1.0,13,30
1.0,23,30
1.0,14,31
1.0,1,32
1.0,11,32
1.0,17,32
1.0,24,32
1.0,12,33
1.0,13,33
1.0,20,33
1.0,30,33
1.0,18,34
1.0,20,34
1.0,30,34
1.0,0,35
1.0,2,35
1.0,4,35
1.0,23,35
1.0,1,36
1.0,7,36
1.0,26,36
1.0,31,36
1.0,34,36
1.0,19,37
1.0,25,37
1.0,28,37
1.0,30,37
1.0,31,37
1.0,6,38
1.0,15,38
1.0,19,38
1.0,8,39
1.0,27,39
1.0,31,39
1.0,35,39
1.0,0,40
1.0,3,40
1.0,10,40
1.0,11,41
1.0,13,41
1.0,17,41
1.0,25,41
1.0,38,41
1.0,4,42
1.0,9,42
1.0,15,42
1.0,19,42
1.0,20,42
1.0,0,43
1.0,7,43
1.0,11,43
1.0,24,43
1.0,33,43
1.0,4,44
1.0,10,44
1.0,21,44
1.0,27,44
1.0,40,44
1.0,3,45
1.0,12,45
1.0,28,45
1.0,32,45
1.0,38,45
1.0,22,46
1.0,27,46
1.0,29,46
1.0,34,46
1.0,39,46
1.0,2,47
1.0,6,47
1.0,15,47
1.0,22,47
1.0,29,47
1.0,0,48
1.0,2,48
1.0,6,48
1.0,25,48
1.0,40,48
1.0,1,49
1.0,5,49
1.0,6,49
1.0,11,49
1.0,31,49
