1.0,0,3
1.0,5,6
1.0,5,7
1.0,6,10
1.0,10,11
1.0,3,12
1.0,7,12
1.0,8,12
1.0,3,13
1.0,5,13
1.0,9,13
1.0,7,14
1.0,12,14
1.0,2,15
1.0,10,16
1.0,13,16
1.0,14,16
1.0,7,17
1.0,14,17
1.0,2,19
1.0,8,19
1.0,1,20
1.0,1,21
1.0,4,21
1.0,9,21
1.0,0,22
1.0,1,22
1.0,3,22
1.0,5,22
1.0,7,23
1.0,8,23
1.0,6,24
1.0,9,24
1.0,4,25
1.0,11,25
1.0,2,26
1.0,16,26
1.0,17,26
1.0,19,26
1.0,21,26
1.0,4,27
1.0,19,27
1.0,20,27
1.0,8,28
1.0,11,28
1.0,20,28
1.0,4,29
1.0,17,29
1.0,2,30
1.0,14,30
1.0,27,30
1.0,13,31
1.0,15,31
1.0,0,32
1.0,1,32
1.0,4,32
1.0,28,32
1.0,9,33
1.0,15,33
1.0,28,33
1.0,5,34
1.0,8,34
1.0,0,35
1.0,15,35
1.0,16,35
1.0,10,36
1.0,23,36
1.0,24,36
1.0,25,36
1.0,29,36
1.0,0,37
1.0,18,37
1.0,3,38
1.0,11,38
1.0,20,38
1.0,30,38
1.0,35,38
1.0,6,39
1.0,21,39
1.0,18,40
1.0,24,40
1.0,29,40
1.0,34,40
1.0,15,41
1.0,18,41
1.0,34,41
1.0,39,41
1.0,9,42
1.0,20,42
1.0,22,42
1.0,31,42
1.0,2,43
1.0,12,43
1.0,24,43
1.0,25,43
1.0,40,43
1.0,18,44
1.0,19,44
1.0,31,44
1.0,37,44
1.0,39,44
1.0,17,45
1.0,18,45
1.0,25,45
1.0,31,45
1.0,39,45
1.0,6,46
1.0,23,46
1.0,32,46
1.0,33,46
1.0,41,46
1.0,11,47
1.0,30,47
1.0,37,47
1.0,42,47
1.0,10,48
1.0,33,48
1.0,35,48
1.0,37,48
1.0,47,48
1.0,1,49
1.0,23,49
1.0,27,49
1.0,29,49
1.0,34,49
