1.0,0,2
1.0,1,2
1.0,1,6
1.0,4,9
1.0,6,10
1.0,7,10
1.0,8,10
1.0,6,11
1.0,7,11
1.0,3,13
1.0,5,14
1.0,10,14
1.0,0,15
1.0,12,16
1.0,8,17
1.0,12,17
1.0,14,17
1.0,0,18
1.0,16,18
1.0,5,19
1.0,2,20
1.0,5,20
1.0,4,21
1.0,15,21
1.0,18,21
1.0,3,22
1.0,9,22
1.0,0,23
1.0,3,23
1.0,5,24
1.0,12,24
1.0,14,24
1.0,3,25
1.0,16,25
1.0,3,26
1.0,5,26
1.0,17,26
1.0,21,26
1.0,22,27
1.0,1,28
1.0,11,29
1.0,15,29
1.0,18,29
1.0,28,29
1.0,8,30
1.0,16,30
1.0,23,30
1.0,9,31
1.0,1,32
1.0,7,32
1.0,8,32
1.0,21,32
1.0,25,32
1.0,0,33
1.0,15,33
1.0,17,33
1.0,20,33
1.0,24,33
1.0,12,34
1.0,13,34
1.0,19,34
1.0,26,34
1.0,31,34
1.0,2,35
1.0,9,35
1.0,27,35
1.0,2,36
1.0,11,36
1.0,12,36
1.0,19,36
1.0,13,37
1.0,30,37
1.0,36,37
1.0,7,38
1.0,25,38
1.0,27,38
1.0,10,39
1.0,23,39
1.0,29,39
1.0,19,40
1.0,28,40
1.0,39,40
1.0,6,41
1.0,11,41
1.0,28,41
1.0,35,41
1.0,37,41
1.0,4,42
1.0,19,42
1.0,25,42
1.0,27,42
1.0,39,42
1.0,4,43
1.0,6,43
1.0,7,43
1.0,13,43
1.0,31,43
1.0,13,44
1.0,15,44
1.0,22,44
1.0,37,44
1.0,1,45
1.0,16,45
1.0,20,45
1.0,22,45
1.0,8,46
1.0,23,46
1.0,24,46
1.0,28,46
1.0,35,46
1.0,9,47
1.0,27,47
1.0,38,47
1.0,40,47
1.0,45,47
1.0,4,48
1.0,14,48
1.0,18,48
1.0,30,48
1.0,31,48
1.0,20,49
1.0,31,49
1.0,38,49
1.0,40,49
1.0,44,49
