1.0,3,4
1.0,0,5
1.0,2,6
1.0,0,8
1.0,8,9
1.0,3,10
1.0,1,11
1.0,10,11
1.0,1,13
1.0,13,14
1.0,2,15
1.0,7,15
1.0,7,17
1.0,11,17
1.0,12,17
1.0,14,17
1.0,4,18
1.0,1,19
1.0,4,19
1.0,16,19
1.0,0,20
1.0,11,20
1.0,8,21
1.0,12,21
1.0,5,22
1.0,12,23
1.0,16,24
1.0,22,24
1.0,6,25
1.0,9,25
1.0,21,25
1.0,5,26
1.0,22,26
1.0,9,27
1.0,16,27
1.0,0,28
1.0,3,28
1.0,5,28
1.0,18,28
1.0,22,28
1.0,2,29
1.0,12,29
1.0,18,29
1.0,21,29
1.0,10,30
1.0,19,30
1.0,20,30
1.0,25,30
1.0,4,31
1.0,5,31
1.0,15,31
1.0,25,31
1.0,1,32
1.0,10,32
1.0,29,32
1.0,11,33
1.0,20,33
1.0,23,33
1.0,26,33
1.0,31,34
1.0,32,34
1.0,3,35
1.0,6,35
1.0,7,35
1.0,34,35
1.0,2,36
1.0,10,36
1.0,0,37
1.0,9,37
1.0,33,37
1.0,7,38
1.0,18,38
1.0,27,38
1.0,34,38
1.0,14,39
1.0,15,39
1.0,24,39
1.0,27,39
1.0,36,39
1.0,3,40
1.0,4,40
1.0,22,40
1.0,27,40
1.0,2,41
1.0,8,41
1.0,37,41
1.0,9,42
1.0,21,42
1.0,23,42
1.0,32,42
1.0,36,42
1.0,1,43
1.0,13,43
1.0,23,43
1.0,30,43
1.0,38,43
1.0,13,44
1.0,15,44
1.0,23,44
1.0,36,44
1.0,40,44
1.0,12,45
1.0,14,45
1.0,16,45
1.0,26,45
1.0,13,46
1.0,24,46
1.0,34,46
1.0,41,46
1.0,45,46
1.0,6,47
1.0,14,47
1.0,17,47
1.0,18,47
1.0,20,47
1.0,8,48
1.0,19,48
1.0,26,48
1.0,37,48
1.0,41,48
1.0,6,49
1.0,7,49
1.0,16,49
1.0,24,49
1.0,35,49
