1.0,4,7
1.0,2,10
1.0,10,11
1.0,1,12
1.0,7,12
1.0,5,13
1.0,8,14
1.0,11,14
1.0,6,15
1.0,7,16
1.0,8,16
1.0,6,17
1.0,12,18
1.0,5,19
1.0,15,19
1.0,16,19
1.0,3,20
1.0,4,20
1.0,11,20
1.0,3,21
1.0,4,21
1.0,17,21
1.0,0,22
1.0,5,22
1.0,8,22
1.0,17,22
1.0,20,23
1.0,4,24
1.0,9,24
1.0,13,24
1.0,16,24
1.0,0,25
1.0,6,25
1.0,8,25
1.0,2,26
1.0,9,26
1.0,14,26
1.0,0,27
1.0,19,27
1.0,23,27
1.0,1,28
1.0,13,28
1.0,17,28
1.0,1,29
1.0,20,29
1.0,2,30
1.0,3,30
1.0,3,31
1.0,24,31
1.0,28,31
1.0,11,32
1.0,30,32
1.0,31,32
1.0,7,33
1.0,18,33
1.0,28,33
1.0,30,33
1.0,0,34
1.0,6,34
1.0,11,34
1.0,15,35
1.0,16,35
1.0,19,35
1.0,21,35
1.0,1,36
1.0,12,36
1.0,14,36
1.0,26,36
1.0,12,37
1.0,13,37
1.0,15,37
1.0,22,37
1.0,27,37
1.0,6,38
1.0,13,38
1.0,32,38
1.0,10,39
1.0,18,39
1.0,23,39
1.0,25,39
1.0,32,39
1.0,14,40
1.0,17,40
1.0,30,40
1.0,18,41
1.0,33,41
1.0,36,41
1.0,3,42
1.0,8,42
1.0,9,42
1.0,10,42
1.0,0,43
1.0,10,43
1.0,23,43
1.0,29,43
1.0,34,43
1.0,23,44
1.0,26,44
1.0,34,44
1.0,35,44
1.0,41,44
1.0,1,45
1.0,2,45
1.0,18,45
1.0,25,45
1.0,29,45
1.0,2,46
1.0,4,46
1.0,7,46
1.0,40,46
1.0,41,46
1.0,5,47
1.0,38,47
1.0,40,47
1.0,42,47
1.0,5,48
1.0,9,48
1.0,15,48
1.0,31,48
1.0,38,48
1.0,9,49
1.0,21,49
1.0,27,49
1.0,29,49
1.0,47,49
