1.0,2,5
1.0,3,7
1.0,4,7
1.0,1,8
1.0,7,9
1.0,5,11
1.0,1,12
1.0,2,13
1.0,4,14
1.0,11,14
1.0,6,15
1.0,9,15
1.0,8,16
1.0,12,16
1.0,4,17
1.0,8,17
1.0,13,17
1.0,12,18
1.0,6,20
1.0,7,20
1.0,15,20
1.0,1,22
1.0,18,22
1.0,21,22
1.0,2,23
1.0,10,23
1.0,9,25
1.0,10,25
1.0,24,25
1.0,0,26
1.0,9,26
1.0,13,26
1.0,24,26
1.0,0,27
1.0,3,27
1.0,11,27
1.0,14,27
1.0,17,27
1.0,19,28
1.0,25,28
1.0,4,29
1.0,8,29
1.0,13,29
1.0,22,29
1.0,1,30
1.0,3,30
1.0,6,30
1.0,29,30
1.0,21,31
1.0,24,31
1.0,28,31
1.0,0,32
1.0,16,32
1.0,19,32
1.0,25,32
1.0,10,33
1.0,14,33
1.0,16,33
1.0,2,34
1.0,5,34
1.0,11,34
1.0,19,34
1.0,22,35
1.0,23,35
1.0,30,35
1.0,1,36
1.0,7,36
1.0,17,36
1.0,19,36
1.0,28,36
1.0,5,37
1.0,12,37
1.0,33,37
1.0,5,38
1.0,9,38
1.0,10,38
1.0,14,38
1.0,0,39
1.0,4,39
1.0,13,39
1.0,37,39
1.0,15,40
1.0,16,40
1.0,19,40
1.0,24,40
1.0,35,40
1.0,3,41
1.0,15,41
1.0,18,41
1.0,38,41
1.0,8,42
1.0,12,42
1.0,21,42
1.0,23,42
1.0,18,43
1.0,31,43
1.0,32,43
1.0,33,43
1.0,6,44
1.0,18,44
1.0,21,44
1.0,10,45
1.0,11,45
1.0,23,45
1.0,43,45
1.0,44,45
1.0,0,46
1.0,21,46
1.0,26,46
1.0,35,46
1.0,2,47
1.0,28,47
1.0,31,47
1.0,34,47
1.0,37,47
1.0,20,48
1.0,24,48
1.0,39,48
1.0,42,48
1.0,44,48
1.0,3,49
1.0,6,49
1.0,20,49
1.0,41,49
1.0,46,49
