1.0,2,4
1.0,10,11
1.0,1,12
1.0,3,13
1.0,10,13
1.0,12,13
1.0,1,15
1.0,3,15
1.0,7,17
1.0,0,18
1.0,2,18
1.0,11,19
1.0,14,19
1.0,7,20
1.0,10,20
1.0,14,20
1.0,9,21
1.0,18,21
1.0,2,22
1.0,6,22
1.0,8,22
1.0,6,23
1.0,8,23
1.0,13,23
1.0,7,24
1.0,7,25
1.0,21,25
1.0,10,26
1.0,11,26
1.0,25,26
1.0,16,27
1.0,17,27
1.0,0,28
1.0,14,28
1.0,15,28
1.0,1,29
1.0,6,29
1.0,24,29
1.0,28,29
1.0,18,30
1.0,19,30
1.0,23,30
1.0,27,30
1.0,16,31
1.0,24,31
1.0,30,31
1.0,8,32
1.0,9,32
1.0,19,32
1.0,22,32
1.0,11,33
1.0,12,33
1.0,24,33
1.0,27,33
1.0,3,34
1.0,7,34
1.0,17,34
1.0,26,34
1.0,0,35
1.0,5,35
1.0,16,35
1.0,25,35
1.0,31,35
1.0,3,36
1.0,15,36
1.0,24,36
1.0,34,36
1.0,5,37
1.0,12,37
1.0,14,37
1.0,19,37
1.0,0,38
1.0,4,38
1.0,5,38
1.0,25,38
1.0,1,39
1.0,5,39
1.0,8,39
1.0,17,39
1.0,5,40
1.0,8,40
1.0,17,40
1.0,27,40
1.0,32,40
1.0,6,41
1.0,26,41
1.0,28,41
1.0,33,41
1.0,4,42
1.0,20,42
1.0,41,42
1.0,0,43
1.0,1,43
1.0,3,43
1.0,13,43
1.0,20,43
1.0,9,44
1.0,10,44
1.0,14,44
1.0,22,44
1.0,38,44
1.0,2,45
1.0,11,45
1.0,15,45
1.0,23,45
1.0,37,45
1.0,2,46
1.0,9,46
1.0,18,46
1.0,21,46
1.0,4,47
1.0,6,47
1.0,21,47
1.0,36,47
1.0,42,47
1.0,12,48
1.0,16,48
1.0,29,48
1.0,39,48
1.0,42,48
1.0,4,49
1.0,9,49
1.0,16,49
1.0,31,49
1.0,46,49
