1.0,1,3
1.0,4,7
1.0,1,8
1.0,4,9
1.0,5,9
1.0,8,10
1.0,8,11
1.0,8,12
1.0,6,13
1.0,12,13
1.0,11,14
1.0,4,15
1.0,5,15
1.0,2,16
1.0,14,16
1.0,10,17
1.0,5,18
1.0,6,18
1.0,7,19
1.0,17,19
1.0,0,20
1.0,6,20
1.0,0,21
1.0,10,22
1.0,13,23
1.0,16,23
1.0,1,24
1.0,2,24
1.0,13,24
1.0,22,24
1.0,6,25
1.0,7,25
1.0,5,26
1.0,13,26
1.0,22,26
1.0,2,27
1.0,10,27
1.0,20,27
1.0,25,27
1.0,3,28
1.0,7,28
1.0,21,28
1.0,22,28
1.0,2,29
1.0,17,29
1.0,18,29
1.0,19,30
1.0,2,31
1.0,15,31
1.0,17,31
1.0,21,31
1.0,25,31
1.0,1,32
1.0,9,32
1.0,11,32
1.0,28,32
1.0,4,33
1.0,19,33
1.0,29,33
1.0,3,34
1.0,17,34
1.0,19,34
1.0,22,34
1.0,33,34
1.0,12,35
1.0,14,35
1.0,16,35
1.0,27,35
1.0,30,35
1.0,0,36
1.0,11,36
1.0,16,36
1.0,23,36
1.0,24,36
1.0,0,37
1.0,20,37
1.0,30,37
1.0,14,38
1.0,18,38
1.0,21,38
1.0,32,38
1.0,37,38
1.0,14,39
1.0,21,39
1.0,1,40
1.0,4,40
1.0,15,40
1.0,3,41
1.0,5,41
1.0,12,41
1.0,8,42
1.0,23,42
1.0,39,42
1.0,9,43
1.0,26,43
1.0,29,43
1.0,30,43
1.0,0,44
1.0,6,44
1.0,33,44
1.0,40,44
1.0,3,45
1.0,20,45
1.0,39,45
1.0,41,45
1.0,9,46
1.0,15,46
1.0,39,46
1.0,42,46
1.0,44,46
1.0,7,47
1.0,11,47
1.0,23,47
1.0,37,47
1.0,45,47
1.0,10,48
1.0,25,48
1.0,30,48
1.0,41,48
1.0,43,48
1.0,12,49
1.0,18,49
1.0,26,49
1.0,40,49
1.0,42,49
