1.0,2,6
1.0,4,6
1.0,0,11
1.0,1,11
1.0,6,11
1.0,10,11
1.0,7,12
1.0,0,13
1.0,3,13
1.0,4,13
1.0,5,14
1.0,10,14
1.0,5,16
1.0,1,17
1.0,3,17
1.0,8,17
1.0,15,17
1.0,3,18
1.0,15,18
1.0,7,19
1.0,15,19
1.0,16,19
1.0,4,20
1.0,12,20
1.0,15,20
1.0,19,20
1.0,14,21
1.0,16,22
1.0,21,22
1.0,7,23
1.0,10,23
1.0,11,23
1.0,1,24
1.0,9,24
1.0,13,24
1.0,18,24
1.0,18,25
1.0,21,25
1.0,1,26
1.0,12,26
1.0,13,26
1.0,2,27
1.0,7,28
1.0,22,28
1.0,25,28
1.0,6,29
1.0,12,29
1.0,27,29
1.0,2,30
1.0,14,30
1.0,19,30
1.0,22,30
1.0,0,31
1.0,3,31
1.0,25,31
1.0,27,31
1.0,5,32
1.0,16,32
1.0,2,33
1.0,10,33
1.0,21,33
1.0,30,33
1.0,22,34
1.0,23,34
1.0,27,34
1.0,28,34
1.0,7,35
1.0,17,35
1.0,23,35
1.0,28,35
1.0,0,36
1.0,6,36
1.0,21,36
1.0,24,36
1.0,2,37
1.0,5,37
1.0,10,37
1.0,16,37
1.0,1,38
1.0,4,38
1.0,14,38
1.0,26,38
1.0,32,38
1.0,0,39
1.0,8,39
1.0,32,39
1.0,34,39
1.0,32,40
1.0,8,41
1.0,9,41
1.0,29,41
1.0,40,41
1.0,8,42
1.0,27,42
1.0,4,43
1.0,8,43
1.0,12,43
1.0,36,43
1.0,40,43
1.0,9,44
1.0,18,44
1.0,20,44
1.0,26,44
1.0,39,44
1.0,9,45
1.0,25,45
1.0,29,45
1.0,37,45
1.0,41,45
1.0,3,46
1.0,9,46
1.0,42,46
1.0,5,47
1.0,15,47
1.0,35,47
1.0,40,47
1.0,33,48
1.0,40,48
1.0,42,48
1.0,46,48
1.0,31,49
1.0,42,49
1.0,46,49
1.0,47,49
1.0,48,49
