1.0,0,4
1.0,4,7
1.0,6,9
1.0,3,11
1.0,5,11
1.0,7,11
1.0,10,12
1.0,8,13
1.0,2,14
1.0,12,14
1.0,6,15
1.0,11,15
1.0,2,17
1.0,7,17
1.0,16,17
1.0,10,18
1.0,1,19
1.0,8,19
1.0,17,19
1.0,1,20
1.0,6,20
1.0,0,21
1.0,13,21
1.0,15,21
1.0,18,21
1.0,13,22
1.0,17,22
1.0,0,23
1.0,1,23
1.0,20,23
1.0,21,23
1.0,22,23
1.0,3,24
1.0,14,24
1.0,16,24
1.0,2,25
1.0,10,25
1.0,2,26
1.0,4,26
1.0,8,26
1.0,0,27
1.0,18,27
1.0,5,28
1.0,15,28
1.0,24,28
1.0,7,29
1.0,25,29
1.0,28,29
1.0,4,30
1.0,5,30
1.0,28,30
1.0,29,30
1.0,13,31
1.0,26,31
1.0,1,32
1.0,3,32
1.0,18,32
1.0,19,32
1.0,3,33
1.0,5,33
1.0,10,33
1.0,27,33
1.0,12,34
1.0,14,34
1.0,1,35
1.0,4,35
1.0,25,35
1.0,3,36
1.0,18,36
1.0,27,36
1.0,31,36
1.0,34,36
1.0,16,37
1.0,13,38
1.0,24,38
1.0,34,38
1.0,30,39
1.0,35,39
1.0,8,40
1.0,9,40
1.0,10,40
1.0,12,40
1.0,0,41
1.0,5,41
1.0,22,41
1.0,37,41
1.0,39,41
1.0,2,42
1.0,6,42
1.0,11,42
1.0,34,42
1.0,9,43
1.0,20,43
1.0,26,43
1.0,35,43
1.0,8,44
1.0,19,44
1.0,37,44
1.0,39,44
1.0,42,44
1.0,16,45
1.0,25,45
1.0,27,45
1.0,37,45
1.0,38,45
1.0,6,46
1.0,15,46
1.0,31,46
1.0,32,46
1.0,39,46
1.0,9,47
1.0,14,47
1.0,31,47
1.0,33,47
1.0,38,47
1.0,7,48
1.0,12,48
1.0,16,48
1.0,22,48
1.0,40,48
1.0,9,49
1.0,20,49
1.0,29,49
1.0,37,49
1.0,43,49
