1.0,2,3
1.0,4,6
1.0,7,9
1.0,6,10
1.0,8,11
1.0,9,11
1.0,9,12
1.0,12,13
1.0,1,15
1.0,6,15
1.0,10,15
1.0,2,16
1.0,3,16
1.0,5,17
1.0,6,17
1.0,0,18
1.0,3,18
1.0,11,18
1.0,0,19
1.0,10,20
1.0,1,21
1.0,4,21
1.0,9,21
1.0,15,21
1.0,11,22
1.0,7,23
1.0,20,23
1.0,8,24
1.0,9,25
1.0,12,25
1.0,10,26
1.0,12,26
1.0,14,26
1.0,25,26
1.0,4,27
1.0,7,27
1.0,12,27
1.0,14,27
1.0,5,29
1.0,13,29
1.0,22,29
1.0,28,29
1.0,7,30
1.0,15,30
1.0,24,30
1.0,28,30
1.0,17,31
1.0,22,31
1.0,26,31
1.0,0,32
1.0,5,32
1.0,17,32
1.0,2,33
1.0,13,33
1.0,14,33
1.0,23,33
1.0,4,34
1.0,19,34
1.0,23,34
1.0,0,35
1.0,3,35
1.0,13,35
1.0,16,35
1.0,0,36
1.0,1,36
1.0,19,36
1.0,22,36
1.0,24,36
1.0,6,37
1.0,20,37
1.0,23,37
1.0,30,37
1.0,3,38
1.0,8,38
1.0,25,38
1.0,34,38
1.0,1,39
1.0,2,39
1.0,4,39
1.0,22,39
1.0,28,39
1.0,8,40
1.0,13,40
1.0,20,40
1.0,28,40
1.0,2,41
1.0,10,41
1.0,20,41
1.0,18,42
1.0,31,42
1.0,32,42
1.0,33,42
1.0,37,42
1.0,7,43
1.0,14,43
1.0,31,43
1.0,40,43
1.0,41,43
1.0,1,44
1.0,14,44
1.0,16,44
1.0,19,44
1.0,5,45
1.0,11,45
1.0,16,45
1.0,18,45
1.0,35,45
1.0,5,46
1.0,19,46
1.0,41,46
1.0,44,46
1.0,8,47
1.0,24,47
1.0,28,47
1.0,34,47
1.0,46,47
1.0,17,48
1.0,25,48
1.0,27,48
1.0,32,48
1.0,21,49
1.0,24,49
1.0,29,49
1.0,38,49
1.0,48,49
