1.0,4,5
1.0,0,6
1.0,3,6
1.0,2,7
1.0,3,7
1.0,7,8
1.0,3,11
1.0,5,11
1.0,11,14
1.0,12,14
1.0,0,16
1.0,9,16
1.0,12,17
1.0,5,18
1.0,0,19
1.0,5,19
1.0,9,19
1.0,18,20
1.0,6,21
1.0,10,21
1.0,15,21
1.0,17,22
1.0,21,22
1.0,8,23
1.0,13,23
1.0,22,23
1.0,2,24
1.0,13,24
1.0,8,25
1.0,14,25
1.0,18,25
1.0,21,25
1.0,8,26
1.0,14,26
1.0,1,27
1.0,2,27
1.0,20,27
1.0,24,27
1.0,0,28
1.0,11,28
1.0,26,28
1.0,3,29
1.0,15,29
1.0,16,29
1.0,20,29
1.0,5,30
1.0,10,30
1.0,15,31
1.0,19,31
1.0,1,32
1.0,11,32
1.0,12,32
1.0,17,32
1.0,29,32
1.0,1,33
1.0,10,33
1.0,13,33
1.0,17,33
1.0,4,34
1.0,7,34
1.0,10,34
1.0,13,34
1.0,31,34
1.0,1,35
1.0,4,35
1.0,6,35
1.0,20,35
1.0,30,35
1.0,4,36
1.0,13,36
1.0,25,36
1.0,28,36
1.0,2,37
1.0,23,37
1.0,24,37
1.0,9,38
1.0,12,38
1.0,17,38
1.0,20,38
1.0,6,39
1.0,22,39
1.0,36,39
1.0,3,40
1.0,14,40
1.0,22,40
1.0,28,40
1.0,19,41
1.0,26,41
1.0,31,41
1.0,18,42
1.0,30,42
1.0,38,42
1.0,4,43
1.0,9,43
1.0,37,43
1.0,41,43
1.0,42,43
1.0,1,44
1.0,12,44
1.0,15,44
1.0,18,44
1.0,39,44
1.0,9,45
1.0,10,45
1.0,30,45
1.0,33,45
1.0,0,46
1.0,7,46
1.0,41,46
1.0,42,46
1.0,2,47
1.0,16,47
1.0,26,47
1.0,37,47
1.0,39,47
1.0,8,48
1.0,23,48
1.0,24,48
1.0,27,48
1.0,31,48
1.0,15,49
1.0,16,49
1.0,40,49
1.0,45,49
1.0,46,49
