1.0,1,4
1.0,1,9
1.0,3,10
1.0,9,11
1.0,0,12
1.0,4,13
1.0,5,13
1.0,12,13
1.0,4,14
1.0,5,14
1.0,8,14
1.0,2,15
1.0,10,15
1.0,2,16
1.0,3,18
1.0,12,18
1.0,0,19
1.0,18,20
1.0,2,21
1.0,7,21
1.0,15,21
1.0,17,21
1.0,0,22
1.0,6,22
1.0,16,22
1.0,9,23
1.0,8,24
1.0,20,24
1.0,23,24
1.0,3,25
1.0,23,25
1.0,1,26
1.0,7,26
1.0,19,26
1.0,9,27
1.0,10,27
1.0,18,27
1.0,0,28
1.0,7,28
1.0,12,28
1.0,21,28
1.0,2,29
1.0,7,29
1.0,12,30
1.0,14,30
1.0,16,30
1.0,1,31
1.0,19,31
1.0,8,32
1.0,20,32
1.0,22,32
1.0,23,32
1.0,25,32
1.0,3,33
1.0,6,33
1.0,16,33
1.0,6,34
1.0,28,34
1.0,33,34
1.0,5,35
1.0,31,35
1.0,33,35
1.0,5,36
1.0,26,36
1.0,29,36
1.0,30,36
1.0,31,36
1.0,0,37
1.0,17,37
1.0,20,37
1.0,24,37
1.0,34,37
1.0,4,38
1.0,10,38
1.0,11,38
1.0,34,38
1.0,8,39
1.0,13,39
1.0,27,39
1.0,11,40
1.0,17,40
1.0,30,40
1.0,1,41
1.0,25,41
1.0,35,41
1.0,40,41
1.0,18,42
1.0,20,42
1.0,26,42
1.0,29,42
1.0,39,42
1.0,4,43
1.0,11,43
1.0,13,43
1.0,15,43
1.0,31,43
1.0,5,44
1.0,11,44
1.0,19,44
1.0,22,44
1.0,41,44
1.0,7,45
1.0,17,45
1.0,23,45
1.0,24,45
1.0,38,45
1.0,6,46
1.0,9,46
1.0,10,46
1.0,40,46
1.0,2,47
1.0,8,47
1.0,29,47
1.0,35,47
1.0,39,47
1.0,3,48
1.0,6,48
1.0,17,48
1.0,25,48
1.0,46,48
1.0,14,49
1.0,15,49
1.0,16,49
1.0,19,49
1.0,27,49
