1.0,2,7
1.0,0,9
1.0,1,9
1.0,8,9
1.0,4,10
1.0,0,11
1.0,5,12
1.0,2,13
1.0,4,13
1.0,6,14
1.0,7,15
1.0,0,16
1.0,6,16
1.0,16,17
1.0,16,18
1.0,17,18
1.0,2,19
1.0,7,19
1.0,15,19
1.0,11,20
1.0,13,21
1.0,20,21
1.0,6,22
1.0,4,23
1.0,18,23
1.0,4,24
1.0,12,24
1.0,14,24
1.0,2,25
1.0,3,25
1.0,7,25
1.0,0,26
1.0,11,26
1.0,13,26
1.0,20,26
1.0,21,26
1.0,8,27
1.0,12,27
1.0,14,27
1.0,25,27
1.0,17,28
1.0,3,29
1.0,4,29
1.0,5,30
1.0,29,30
1.0,11,31
1.0,28,31
1.0,2,32
1.0,15,32
1.0,22,32
1.0,31,32
1.0,9,33
1.0,30,33
1.0,1,34
1.0,3,34
1.0,7,34
1.0,17,34
1.0,31,34
1.0,5,35
1.0,8,35
1.0,20,35
1.0,23,35
1.0,32,35
1.0,17,36
1.0,29,36
1.0,33,36
1.0,11,37
1.0,16,37
1.0,20,37
1.0,31,37
1.0,1,38
1.0,14,38
1.0,28,38
1.0,30,38
1.0,33,38
1.0,3,39
1.0,8,39
1.0,10,39
1.0,15,39
1.0,5,40
1.0,12,40
1.0,27,40
1.0,10,41
1.0,21,41
1.0,28,41
1.0,40,41
1.0,10,42
1.0,15,42
1.0,37,42
1.0,39,42
1.0,5,43
1.0,6,43
1.0,25,43
1.0,40,43
1.0,41,43
1.0,12,44
1.0,21,44
1.0,22,44
1.0,23,44
1.0,36,44
1.0,18,45
1.0,19,45
1.0,23,45
1.0,28,45
1.0,30,45
1.0,3,46
1.0,9,46
1.0,10,46
1.0,18,46
1.0,22,46
1.0,1,47
1.0,6,47
1.0,24,47
1.0,36,47
1.0,42,47
1.0,0,48
1.0,8,48
1.0,13,48
1.0,22,48
1.0,29,48
1.0,1,49
1.0,14,49
1.0,19,49
1.0,24,49
1.0,33,49
