1.0,0,6
1.0,3,7
1.0,2,8
1.0,5,11
1.0,7,11
1.0,9,11
1.0,1,12
1.0,9,12
1.0,7,13
1.0,10,13
1.0,0,14
1.0,13,14
1.0,4,15
1.0,6,15
1.0,0,16
1.0,4,16
1.0,6,17
1.0,16,17
1.0,9,18
1.0,13,18
1.0,5,19
1.0,8,19
1.0,15,19
1.0,16,19
1.0,4,20
1.0,13,20
1.0,15,21
1.0,18,22
1.0,21,22
1.0,5,23
1.0,8,23
1.0,21,23
1.0,17,24
1.0,22,24
1.0,9,25
1.0,8,26
1.0,23,26
1.0,25,26
1.0,3,27
1.0,23,27
1.0,5,28
1.0,4,29
1.0,8,29
1.0,22,29
1.0,25,29
1.0,1,30
1.0,12,30
1.0,25,30
1.0,14,31
1.0,21,31
1.0,28,31
1.0,30,31
1.0,6,32
1.0,10,32
1.0,26,32
1.0,11,33
1.0,16,33
1.0,18,33
1.0,0,34
1.0,14,34
1.0,25,34
1.0,28,34
1.0,7,35
1.0,9,35
1.0,20,35
1.0,14,36
1.0,21,36
1.0,22,36
1.0,2,37
1.0,11,37
1.0,27,37
1.0,3,38
1.0,10,38
1.0,19,38
1.0,24,38
1.0,29,38
1.0,2,39
1.0,6,39
1.0,36,39
1.0,2,40
1.0,12,40
1.0,18,40
1.0,35,40
1.0,10,41
1.0,15,41
1.0,17,41
1.0,20,41
1.0,24,41
1.0,20,42
1.0,30,42
1.0,31,42
1.0,3,43
1.0,7,43
1.0,24,43
1.0,28,43
1.0,42,43
1.0,1,44
1.0,4,44
1.0,12,44
1.0,39,44
1.0,42,44
1.0,3,45
1.0,26,45
1.0,28,45
1.0,36,45
1.0,0,46
1.0,17,46
1.0,27,46
1.0,32,46
1.0,33,46
1.0,5,47
1.0,33,47
1.0,34,47
1.0,35,47
1.0,37,47
1.0,1,48
1.0,2,48
1.0,27,48
1.0,37,48
1.0,39,48
1.0,1,49
1.0,10,49
1.0,32,49
1.0,40,49
1.0,45,49
