1.0,5,6
1.0,0,8
1.0,0,9
1.0,4,10
1.0,1,11
1.0,8,11
1.0,0,12
1.0,8,13
1.0,5,14
1.0,7,14
1.0,1,15
1.0,6,15
1.0,11,15
1.0,7,17
1.0,5,18
1.0,7,18
1.0,9,19
1.0,14,19
1.0,17,19
1.0,0,20
1.0,1,20
1.0,19,20
1.0,2,21
1.0,13,21
1.0,16,21
1.0,2,22
1.0,6,22
1.0,14,22
1.0,5,24
1.0,10,24
1.0,2,25
1.0,6,25
1.0,9,25
1.0,3,26
1.0,8,26
1.0,10,26
1.0,24,26
1.0,4,27
1.0,23,28
1.0,17,29
1.0,20,29
1.0,26,29
1.0,4,30
1.0,19,30
1.0,27,30
1.0,10,31
1.0,24,31
1.0,13,32
1.0,18,32
1.0,25,32
1.0,31,32
1.0,2,33
1.0,3,33
1.0,5,33
1.0,1,34
1.0,3,34
1.0,4,34
1.0,12,34
1.0,29,34
1.0,18,35
1.0,21,35
1.0,31,35
1.0,0,36
1.0,10,36
1.0,27,36
1.0,6,37
1.0,7,37
1.0,23,37
1.0,30,37
1.0,36,37
1.0,3,38
1.0,16,38
1.0,33,38
1.0,35,38
1.0,7,39
1.0,8,39
1.0,27,39
1.0,28,39
1.0,38,39
1.0,9,40
1.0,14,40
1.0,16,40
1.0,27,40
1.0,36,40
1.0,11,41
1.0,12,41
1.0,23,41
1.0,24,41
1.0,32,41
1.0,15,42
1.0,20,42
1.0,22,42
1.0,28,42
1.0,35,42
1.0,12,43
1.0,21,43
1.0,31,43
1.0,1,44
1.0,9,44
1.0,23,44
1.0,4,45
1.0,16,45
1.0,17,45
1.0,23,45
1.0,29,45
1.0,13,46
1.0,17,46
1.0,28,46
1.0,43,46
1.0,44,46
1.0,3,47
1.0,12,47
1.0,13,47
1.0,15,47
1.0,28,47
1.0,2,48
1.0,16,48
1.0,18,48
1.0,30,48
1.0,33,48
1.0,11,49
1.0,22,49
1.0,25,49
1.0,43,49
1.0,44,49
