1.0,1,4
1.0,3,4
1.0,0,6
1.0,1,9
1.0,2,11
1.0,4,11
1.0,4,12
1.0,10,12
1.0,2,13
1.0,4,14
1.0,7,14
1.0,0,15
1.0,6,15
1.0,10,15
1.0,10,16
1.0,9,17
1.0,3,18
1.0,7,18
1.0,8,19
1.0,12,19
1.0,1,20
1.0,7,20
1.0,8,20
1.0,5,21
1.0,11,21
1.0,12,21
1.0,1,22
1.0,10,22
1.0,14,22
1.0,6,23
1.0,19,23
1.0,3,24
1.0,11,24
1.0,13,24
1.0,23,24
1.0,9,25
1.0,16,25
1.0,17,25
1.0,5,27
1.0,8,27
1.0,18,27
1.0,25,27
1.0,23,28
1.0,21,29
1.0,22,29
1.0,1,30
1.0,8,30
1.0,10,31
1.0,18,31
1.0,26,31
1.0,9,32
1.0,13,32
1.0,18,32
1.0,29,32
1.0,5,33
1.0,9,33
1.0,14,33
1.0,22,33
1.0,25,33
1.0,0,34
1.0,16,34
1.0,17,34
1.0,19,34
1.0,0,35
1.0,2,35
1.0,31,35
1.0,7,36
1.0,26,36
1.0,29,36
1.0,2,37
1.0,5,37
1.0,7,37
1.0,26,37
1.0,29,37
1.0,12,38
1.0,26,38
1.0,27,38
1.0,30,38
1.0,31,38
1.0,3,39
1.0,24,39
1.0,28,39
1.0,15,40
1.0,28,40
1.0,32,40
1.0,13,41
1.0,20,41
1.0,35,41
1.0,17,42
1.0,19,42
1.0,28,42
1.0,39,42
1.0,2,43
1.0,6,43
1.0,11,43
1.0,21,43
1.0,5,44
1.0,17,44
1.0,30,44
1.0,34,44
1.0,36,44
1.0,0,45
1.0,8,45
1.0,20,45
1.0,30,45
1.0,40,45
1.0,36,46
1.0,39,46
1.0,42,46
1.0,43,46
1.0,13,47
1.0,16,47
1.0,23,47
1.0,35,47
1.0,41,47
1.0,3,48
1.0,6,48
1.0,26,48
1.0,41,48
1.0,46,48
1.0,14,49
1.0,15,49
1.0,16,49
1.0,28,49
1.0,40,49
