1.0,0,1
1.0,2,7
1.0,4,7
1.0,2,9
1.0,0,11
1.0,2,13
1.0,10,13
1.0,4,14
1.0,9,14
1.0,3,15
1.0,1,16
1.0,6,16
1.0,0,17
1.0,15,17
1.0,16,17
1.0,8,18
1.0,11,18
1.0,8,19
1.0,3,20
1.0,18,20
1.0,11,21
1.0,5,23
1.0,4,24
1.0,19,24
1.0,21,24
1.0,7,25
1.0,18,25
1.0,19,25
1.0,10,26
1.0,12,26
1.0,22,26
1.0,8,27
1.0,11,27
1.0,17,27
1.0,5,28
1.0,7,28
1.0,8,28
1.0,27,28
1.0,17,29
1.0,26,29
1.0,4,30
1.0,9,30
1.0,16,30
1.0,19,30
1.0,26,30
1.0,2,31
1.0,6,31
1.0,20,31
1.0,29,31
1.0,5,32
1.0,15,32
1.0,23,32
1.0,12,33
1.0,23,33
1.0,0,34
1.0,6,34
1.0,11,34
1.0,33,34
1.0,7,35
1.0,13,35
1.0,14,35
1.0,22,35
1.0,25,35
1.0,1,36
1.0,9,36
1.0,23,36
1.0,31,36
1.0,0,37
1.0,3,37
1.0,10,37
1.0,12,37
1.0,23,37
1.0,5,38
1.0,6,38
1.0,16,38
1.0,19,38
1.0,33,38
1.0,21,39
1.0,25,39
1.0,32,39
1.0,34,39
1.0,2,40
1.0,10,40
1.0,12,40
1.0,33,40
1.0,4,41
1.0,6,41
1.0,18,41
1.0,22,41
1.0,8,42
1.0,15,42
1.0,22,42
1.0,32,42
1.0,36,42
1.0,3,43
1.0,14,43
1.0,22,43
1.0,29,43
1.0,13,44
1.0,24,44
1.0,29,44
1.0,41,44
1.0,1,45
1.0,3,45
1.0,9,45
1.0,14,45
1.0,20,45
1.0,5,46
1.0,21,46
1.0,24,46
1.0,15,47
1.0,20,47
1.0,21,47
1.0,28,47
1.0,46,47
1.0,13,48
1.0,39,48
1.0,40,48
1.0,44,48
1.0,46,48
1.0,1,49
1.0,10,49
1.0,12,49
1.0,27,49
1.0,43,49
