1.0,0,2
1.0,5,10
1.0,9,10
1.0,7,11
1.0,2,12
1.0,10,12
1.0,0,13
1.0,6,14
1.0,3,15
1.0,3,16
1.0,8,16
1.0,9,16
1.0,15,16
1.0,8,19
1.0,11,19
1.0,3,20
1.0,14,20
1.0,4,21
1.0,12,22
1.0,18,22
1.0,6,23
1.0,8,23
1.0,11,23
1.0,14,23
1.0,1,24
1.0,10,24
1.0,19,24
1.0,7,25
1.0,21,25
1.0,14,26
1.0,8,27
1.0,10,27
1.0,0,28
1.0,1,28
1.0,8,28
1.0,11,28
1.0,24,28
1.0,1,29
1.0,4,29
1.0,26,29
1.0,27,29
1.0,5,30
1.0,17,30
1.0,24,30
1.0,13,31
1.0,15,31
1.0,25,31
1.0,0,32
1.0,6,32
1.0,6,33
1.0,13,33
1.0,31,33
1.0,20,34
1.0,23,34
1.0,26,34
1.0,29,34
1.0,5,35
1.0,15,35
1.0,17,35
1.0,21,35
1.0,4,36
1.0,5,36
1.0,17,36
1.0,20,36
1.0,30,36
1.0,1,37
1.0,13,37
1.0,33,37
1.0,35,37
1.0,14,38
1.0,18,38
1.0,25,38
1.0,5,39
1.0,9,39
1.0,18,39
1.0,21,39
1.0,37,39
1.0,2,40
1.0,18,40
1.0,22,40
1.0,38,40
1.0,3,41
1.0,9,41
1.0,19,41
1.0,33,41
1.0,40,41
1.0,2,42
1.0,7,42
1.0,12,42
1.0,20,42
1.0,13,43
1.0,17,43
1.0,26,43
1.0,27,43
1.0,32,43
1.0,0,44
1.0,2,44
1.0,15,44
1.0,31,44
1.0,32,44
1.0,1,45
1.0,9,45
1.0,16,45
1.0,25,45
1.0,26,45
1.0,7,46
1.0,17,46
1.0,18,46
1.0,22,46
1.0,38,46
1.0,4,47
1.0,7,47
1.0,21,47
1.0,22,47
1.0,42,47
1.0,6,48
1.0,11,48
1.0,19,48
1.0,27,48
1.0,34,48
1.0,3,49
1.0,4,49
1.0,12,49
1.0,30,49
1.0,32,49
