1.0,1,5
1.0,2,6
1.0,0,7
1.0,7,8
1.0,3,9
1.0,8,9
1.0,8,10
1.0,4,11
1.0,6,11
1.0,2,12
1.0,4,14
1.0,14,15
1.0,9,16
1.0,6,17
1.0,12,17
1.0,13,17
1.0,3,18
1.0,11,18
1.0,17,18
1.0,4,19
1.0,12,19
1.0,1,20
1.0,8,20
1.0,10,20
1.0,4,21
1.0,2,22
1.0,0,23
1.0,11,23
1.0,18,23
1.0,19,23
1.0,2,24
1.0,13,24
1.0,15,24
1.0,21,24
1.0,10,25
1.0,1,26
1.0,10,26
1.0,25,26
1.0,2,27
1.0,9,27
1.0,16,27
1.0,19,27
1.0,3,28
1.0,11,28
1.0,13,28
1.0,0,29
1.0,13,29
1.0,16,29
1.0,14,30
1.0,15,30
1.0,29,30
1.0,12,31
1.0,21,31
1.0,6,32
1.0,20,32
1.0,22,32
1.0,26,32
1.0,29,32
1.0,1,33
1.0,8,33
1.0,15,33
1.0,21,33
1.0,7,34
1.0,14,34
1.0,28,34
1.0,5,35
1.0,18,35
1.0,22,35
1.0,34,35
1.0,1,36
1.0,22,36
1.0,7,37
1.0,10,37
1.0,14,37
1.0,0,38
1.0,5,38
1.0,35,38
1.0,37,38
1.0,0,39
1.0,25,39
1.0,36,39
1.0,12,40
1.0,25,40
1.0,31,40
1.0,37,40
1.0,5,41
1.0,15,41
1.0,22,41
1.0,23,41
1.0,9,42
1.0,19,42
1.0,26,42
1.0,28,42
1.0,36,42
1.0,7,43
1.0,21,43
1.0,31,43
1.0,34,43
1.0,3,44
1.0,27,44
1.0,33,44
1.0,39,44
1.0,3,45
1.0,4,45
1.0,13,45
1.0,30,45
1.0,39,45
1.0,5,46
1.0,16,46
1.0,20,46
1.0,24,46
1.0,44,46
1.0,6,47
1.0,40,47
1.0,41,47
1.0,43,47
1.0,25,48
1.0,36,48
1.0,38,48
1.0,47,48
1.0,16,49
1.0,17,49
1.0,30,49
1.0,31,49
1.0,48,49
