1.0,2,5
1.0,4,6
1.0,1,7
1.0,4,7
1.0,6,7
1.0,1,8
1.0,3,9
1.0,0,11
1.0,3,11
1.0,4,12
1.0,8,12
1.0,2,14
1.0,10,14
1.0,4,15
1.0,13,15
1.0,14,15
1.0,6,17
1.0,12,17
1.0,16,17
1.0,6,18
1.0,8,18
1.0,16,18
1.0,9,19
1.0,1,20
1.0,10,20
1.0,11,21
1.0,4,22
1.0,7,22
1.0,10,23
1.0,17,23
1.0,21,23
1.0,19,24
1.0,24,25
1.0,3,26
1.0,10,26
1.0,16,26
1.0,15,27
1.0,25,27
1.0,26,27
1.0,0,28
1.0,22,28
1.0,20,30
1.0,22,30
1.0,23,30
1.0,20,31
1.0,24,31
1.0,28,31
1.0,29,31
1.0,15,32
1.0,21,32
1.0,22,32
1.0,25,32
1.0,28,32
1.0,0,33
1.0,3,33
1.0,11,33
1.0,12,33
1.0,13,34
1.0,17,34
1.0,29,34
1.0,31,34
1.0,5,35
1.0,16,35
1.0,25,35
1.0,29,35
1.0,11,36
1.0,24,36
1.0,0,37
1.0,2,37
1.0,7,37
1.0,9,37
1.0,19,37
1.0,2,38
1.0,18,38
1.0,20,38
1.0,27,38
1.0,36,38
1.0,5,39
1.0,12,39
1.0,25,39
1.0,27,39
1.0,36,39
1.0,1,40
1.0,14,40
1.0,19,40
1.0,9,41
1.0,40,41
1.0,9,42
1.0,18,42
1.0,26,42
1.0,29,42
1.0,40,42
1.0,5,43
1.0,19,43
1.0,21,43
1.0,8,44
1.0,10,44
1.0,13,44
1.0,14,44
1.0,41,44
1.0,2,45
1.0,13,45
1.0,33,45
1.0,34,45
1.0,43,45
1.0,0,46
1.0,1,46
1.0,29,46
1.0,30,46
1.0,35,46
1.0,5,47
1.0,23,47
1.0,28,47
1.0,41,47
1.0,43,47
1.0,8,48
1.0,21,48
1.0,30,48
1.0,36,48
1.0,41,48
1.0,3,49
1.0,6,49
1.0,13,49
1.0,16,49
1.0,24,49
