1.0,0,2
1.0,1,4
1.0,3,6
1.0,6,8
1.0,4,9
1.0,3,11
1.0,9,11
1.0,1,13
1.0,4,15
1.0,12,15
1.0,3,16
1.0,7,16
1.0,9,16
1.0,14,16
1.0,12,17
1.0,15,18
1.0,17,18
1.0,1,19
1.0,3,19
1.0,4,19
1.0,8,20
1.0,11,20
1.0,18,20
1.0,2,21
1.0,13,21
1.0,14,21
1.0,4,22
1.0,5,22
1.0,14,23
1.0,15,23
1.0,1,24
1.0,10,25
1.0,14,25
1.0,20,25
1.0,18,26
1.0,0,27
1.0,5,27
1.0,12,27
1.0,26,27
1.0,1,28
1.0,12,28
1.0,25,28
1.0,5,29
1.0,10,29
1.0,7,30
1.0,10,30
1.0,29,30
1.0,9,31
1.0,21,31
1.0,23,31
1.0,24,31
1.0,5,32
1.0,13,32
1.0,26,32
1.0,28,32
1.0,0,33
1.0,2,33
1.0,20,33
1.0,8,34
1.0,22,34
1.0,29,34
1.0,7,35
1.0,19,35
1.0,30,35
1.0,0,36
1.0,35,36
1.0,7,37
1.0,15,37
1.0,17,37
1.0,28,38
1.0,34,38
1.0,35,38
1.0,37,38
1.0,8,39
1.0,13,39
1.0,25,39
1.0,33,39
1.0,36,39
1.0,6,40
1.0,17,40
1.0,19,40
1.0,0,41
1.0,12,41
1.0,23,41
1.0,24,41
1.0,27,41
1.0,5,42
1.0,10,42
1.0,21,42
1.0,31,42
1.0,38,42
1.0,8,43
1.0,10,43
1.0,34,43
1.0,37,43
1.0,40,43
1.0,13,44
1.0,16,44
1.0,22,44
1.0,24,44
1.0,36,44
1.0,2,45
1.0,7,45
1.0,11,45
1.0,14,45
1.0,26,45
1.0,2,46
1.0,6,46
1.0,22,46
1.0,24,46
1.0,36,46
1.0,6,47
1.0,9,47
1.0,17,47
1.0,30,47
1.0,32,47
1.0,23,48
1.0,26,48
1.0,29,48
1.0,40,48
1.0,3,49
1.0,11,49
1.0,18,49
1.0,33,49
1.0,48,49
