1.0,4,9
1.0,0,10
1.0,2,10
1.0,3,12
1.0,3,13
1.0,5,13
1.0,6,14
1.0,0,15
1.0,8,16
1.0,14,16
1.0,15,16
1.0,8,17
1.0,15,17
1.0,13,18
1.0,17,18
1.0,4,19
1.0,7,19
1.0,8,19
1.0,9,19
1.0,10,20
1.0,3,21
1.0,6,21
1.0,2,22
1.0,10,22
1.0,5,23
1.0,6,23
1.0,12,25
1.0,2,26
1.0,21,26
1.0,24,26
1.0,1,27
1.0,2,27
1.0,4,27
1.0,11,27
1.0,12,27
1.0,8,28
1.0,11,28
1.0,12,28
1.0,25,28
1.0,6,29
1.0,7,29
1.0,1,30
1.0,4,30
1.0,10,30
1.0,26,30
1.0,20,31
1.0,22,31
1.0,29,31
1.0,9,32
1.0,20,32
1.0,24,32
1.0,0,33
1.0,9,33
1.0,14,33
1.0,26,33
1.0,30,33
1.0,4,34
1.0,22,34
1.0,24,34
1.0,25,34
1.0,2,35
1.0,21,35
1.0,29,35
1.0,32,35
1.0,3,36
1.0,14,36
1.0,23,36
1.0,34,36
1.0,1,37
1.0,5,37
1.0,18,37
1.0,3,38
1.0,5,38
1.0,28,38
1.0,36,38
1.0,14,39
1.0,21,39
1.0,12,40
1.0,15,40
1.0,19,40
1.0,24,40
1.0,39,40
1.0,7,41
1.0,11,41
1.0,13,41
1.0,23,41
1.0,0,42
1.0,29,42
1.0,31,42
1.0,39,42
1.0,0,43
1.0,1,43
1.0,7,43
1.0,17,43
1.0,35,43
1.0,7,44
1.0,8,44
1.0,31,44
1.0,37,44
1.0,42,44
1.0,9,45
1.0,11,45
1.0,16,45
1.0,24,45
1.0,25,45
1.0,5,46
1.0,13,46
1.0,23,46
1.0,25,46
1.0,32,46
1.0,6,47
1.0,18,47
1.0,20,47
1.0,37,47
1.0,41,47
1.0,1,48
1.0,11,48
1.0,17,48
1.0,18,48
1.0,22,48
1.0,15,49
1.0,16,49
1.0,20,49
1.0,38,49
1.0,39,49
