1.0,0,5
1.0,4,6
1.0,5,7
1.0,6,9
1.0,7,9
1.0,8,11
1.0,11,13
1.0,12,13
1.0,2,15
1.0,7,15
1.0,0,17
1.0,12,17
1.0,5,18
1.0,3,19
1.0,8,19
1.0,0,20
1.0,9,20
1.0,4,21
1.0,16,21
1.0,18,21
1.0,20,21
1.0,0,22
1.0,1,22
1.0,17,22
1.0,4,23
1.0,16,23
1.0,21,23
1.0,6,24
1.0,10,24
1.0,12,24
1.0,13,24
1.0,2,25
1.0,6,25
1.0,14,25
1.0,15,25
1.0,16,26
1.0,8,27
1.0,16,27
1.0,12,28
1.0,13,28
1.0,14,28
1.0,9,29
1.0,2,30
1.0,9,30
1.0,8,31
1.0,12,31
1.0,14,31
1.0,22,31
1.0,7,32
1.0,10,32
1.0,19,32
1.0,29,32
1.0,3,33
1.0,29,33
1.0,5,34
1.0,18,34
1.0,26,34
1.0,29,34
1.0,25,35
1.0,31,35
1.0,33,35
1.0,10,36
1.0,17,36
1.0,20,36
1.0,23,36
1.0,26,36
1.0,1,37
1.0,5,37
1.0,11,37
1.0,24,37
1.0,10,38
1.0,15,38
1.0,27,38
1.0,1,39
1.0,4,39
1.0,14,39
1.0,30,39
1.0,35,39
1.0,1,40
1.0,8,40
1.0,23,40
1.0,33,40
1.0,35,40
1.0,2,41
1.0,19,41
1.0,29,41
1.0,37,41
1.0,38,41
1.0,7,42
1.0,16,42
1.0,20,42
1.0,26,42
1.0,2,43
1.0,11,43
1.0,15,43
1.0,27,43
1.0,11,44
1.0,14,44
1.0,18,44
1.0,27,44
1.0,28,44
1.0,3,45
1.0,17,45
1.0,28,45
1.0,30,45
1.0,0,46
1.0,3,46
1.0,6,46
1.0,13,46
1.0,38,46
1.0,3,47
1.0,10,47
1.0,26,47
1.0,30,47
1.0,32,47
1.0,1,48
1.0,4,48
1.0,22,48
1.0,33,48
1.0,45,48
1.0,18,49
1.0,19,49
1.0,34,49
1.0,42,49
1.0,43,49
