1.0,1,3
1.0,3,4
1.0,0,5
1.0,1,8
1.0,2,10
1.0,7,11
1.0,2,12
1.0,7,12
1.0,9,12
1.0,7,13
1.0,12,13
1.0,4,14
1.0,6,15
1.0,14,15
1.0,2,16
1.0,10,16
1.0,8,17
1.0,8,18
1.0,11,18
1.0,3,19
1.0,10,19
1.0,18,19
1.0,17,20
1.0,8,21
1.0,10,21
1.0,15,21
1.0,14,22
1.0,6,23
1.0,9,23
1.0,3,24
1.0,18,24
1.0,0,25
1.0,16,25
1.0,16,26
1.0,17,26
1.0,5,27
1.0,7,27
1.0,9,27
1.0,22,27
1.0,6,28
1.0,11,29
1.0,14,29
1.0,15,29
1.0,0,30
1.0,9,30
1.0,26,30
1.0,28,30
1.0,10,31
1.0,13,31
1.0,20,31
1.0,22,31
1.0,0,32
1.0,5,32
1.0,23,32
1.0,1,33
1.0,3,33
1.0,5,33
1.0,24,33
1.0,21,34
1.0,25,34
1.0,29,34
1.0,31,34
1.0,2,35
1.0,7,35
1.0,15,35
1.0,26,35
1.0,5,36
1.0,20,36
1.0,28,36
1.0,35,36
1.0,4,37
1.0,20,37
1.0,29,37
1.0,30,37
1.0,4,38
1.0,19,38
1.0,21,38
1.0,28,38
1.0,22,39
1.0,23,39
1.0,27,39
1.0,32,39
1.0,6,40
1.0,24,40
1.0,25,40
1.0,38,40
1.0,1,41
1.0,37,41
1.0,40,41
1.0,11,42
1.0,14,42
1.0,23,42
1.0,32,42
1.0,4,43
1.0,13,43
1.0,28,43
1.0,36,43
1.0,0,44
1.0,20,44
1.0,25,44
1.0,41,44
1.0,8,45
1.0,17,45
1.0,18,45
1.0,41,45
1.0,42,45
1.0,1,46
1.0,17,46
1.0,22,46
1.0,44,46
1.0,6,47
1.0,11,47
1.0,12,47
1.0,13,47
1.0,46,47
1.0,2,48
1.0,24,48
1.0,26,48
1.0,33,48
1.0,34,48
1.0,9,49
1.0,16,49
1.0,19,49
1.0,39,49
1.0,43,49
