1.0,0,1
1.0,4,6
1.0,2,9
1.0,4,9
1.0,2,10
1.0,4,11
1.0,1,12
1.0,3,12
1.0,8,12
1.0,3,14
1.0,5,14
1.0,11,14
1.0,0,16
1.0,5,16
1.0,6,16
1.0,0,17
1.0,12,17
1.0,11,18
1.0,17,18
1.0,2,19
1.0,10,19
1.0,14,19
1.0,8,20
1.0,18,20
1.0,10,21
1.0,13,21
1.0,20,21
1.0,2,23
1.0,1,24
1.0,11,24
1.0,22,24
1.0,23,24
1.0,4,25
1.0,7,25
1.0,9,25
1.0,15,25
1.0,7,26
1.0,8,26
1.0,15,26
1.0,19,26
1.0,1,27
1.0,8,27
1.0,9,27
1.0,13,28
1.0,27,28
1.0,8,29
1.0,24,29
1.0,25,29
1.0,5,30
1.0,29,30
1.0,5,31
1.0,15,31
1.0,28,31
1.0,1,32
1.0,11,32
1.0,26,32
1.0,29,33
1.0,30,33
1.0,6,34
1.0,13,34
1.0,18,34
1.0,28,34
1.0,31,34
1.0,6,35
1.0,23,35
1.0,0,36
1.0,7,36
1.0,12,36
1.0,22,36
1.0,2,37
1.0,3,37
1.0,17,37
1.0,21,37
1.0,35,37
1.0,6,38
1.0,7,38
1.0,32,38
1.0,15,39
1.0,30,39
1.0,33,39
1.0,19,40
1.0,23,40
1.0,33,40
1.0,3,41
1.0,27,41
1.0,31,41
1.0,38,41
1.0,16,42
1.0,18,42
1.0,20,42
1.0,22,42
1.0,39,42
1.0,3,43
1.0,5,43
1.0,10,43
1.0,28,43
1.0,30,43
1.0,0,44
1.0,4,44
1.0,13,44
1.0,9,45
1.0,10,45
1.0,20,45
1.0,22,45
1.0,41,45
1.0,7,46
1.0,16,46
1.0,38,46
1.0,39,46
1.0,40,46
1.0,17,47
1.0,23,47
1.0,33,47
1.0,35,47
1.0,40,47
1.0,13,48
1.0,14,48
1.0,21,48
1.0,36,48
1.0,44,48
1.0,15,49
1.0,22,49
1.0,32,49
1.0,35,49
1.0,44,49
