1.0,4,7
1.0,7,10
1.0,9,10
1.0,1,12
1.0,8,12
1.0,8,14
1.0,13,14
1.0,0,15
1.0,6,16
1.0,1,17
1.0,2,18
1.0,3,18
1.0,4,18
1.0,16,18
1.0,2,19
1.0,7,19
1.0,18,19
1.0,4,20
1.0,6,20
1.0,7,21
1.0,16,21
1.0,10,22
1.0,15,22
1.0,17,23
1.0,2,24
1.0,3,24
1.0,22,24
1.0,1,25
1.0,8,25
1.0,13,25
1.0,7,26
1.0,13,26
1.0,23,26
1.0,1,27
1.0,4,27
1.0,6,27
1.0,5,28
1.0,19,28
1.0,23,29
1.0,28,29
1.0,3,30
1.0,8,30
1.0,15,30
1.0,20,30
1.0,5,31
1.0,14,31
1.0,15,31
1.0,17,31
1.0,9,32
1.0,10,32
1.0,11,32
1.0,21,32
1.0,8,33
1.0,12,33
1.0,17,33
1.0,23,33
1.0,29,33
1.0,4,34
1.0,11,34
1.0,20,34
1.0,22,34
1.0,25,34
1.0,0,35
1.0,1,35
1.0,6,35
1.0,13,35
1.0,2,36
1.0,5,36
1.0,16,36
1.0,27,36
1.0,13,37
1.0,16,37
1.0,24,37
1.0,29,37
1.0,6,38
1.0,26,38
1.0,27,38
1.0,28,38
1.0,0,39
1.0,2,39
1.0,11,39
1.0,15,39
1.0,5,40
1.0,14,40
1.0,21,40
1.0,22,40
1.0,36,40
1.0,0,41
1.0,3,41
1.0,9,41
1.0,9,42
1.0,10,42
1.0,12,42
1.0,21,42
1.0,0,43
1.0,14,43
1.0,30,43
1.0,31,43
1.0,38,43
1.0,24,44
1.0,37,44
1.0,42,44
1.0,9,45
1.0,11,45
1.0,26,45
1.0,28,45
1.0,20,46
1.0,35,46
1.0,41,46
1.0,44,46
1.0,12,47
1.0,19,47
1.0,23,47
1.0,25,47
1.0,45,47
1.0,17,48
1.0,29,48
1.0,39,48
1.0,44,48
1.0,46,48
1.0,3,49
1.0,5,49
1.0,11,49
1.0,32,49
1.0,41,49
