1.0,3,5
1.0,1,6
1.0,4,6
1.0,0,8
1.0,4,9
1.0,1,10
1.0,0,11
1.0,5,11
1.0,8,12
1.0,0,13
1.0,10,13
1.0,11,14
1.0,5,15
1.0,8,15
1.0,2,16
1.0,1,17
1.0,3,17
1.0,13,17
1.0,1,18
1.0,9,18
1.0,10,20
1.0,2,21
1.0,0,22
1.0,7,22
1.0,11,22
1.0,4,23
1.0,21,23
1.0,14,24
1.0,18,24
1.0,20,24
1.0,14,25
1.0,1,26
1.0,18,26
1.0,25,26
1.0,10,27
1.0,16,27
1.0,20,27
1.0,5,28
1.0,6,28
1.0,13,28
1.0,25,28
1.0,6,29
1.0,7,29
1.0,19,29
1.0,25,29
1.0,4,30
1.0,13,30
1.0,19,30
1.0,7,31
1.0,21,31
1.0,27,31
1.0,30,31
1.0,0,32
1.0,16,32
1.0,18,32
1.0,24,32
1.0,8,33
1.0,9,33
1.0,19,33
1.0,25,33
1.0,7,34
1.0,17,34
1.0,23,34
1.0,12,35
1.0,20,35
1.0,30,35
1.0,2,36
1.0,9,36
1.0,12,36
1.0,14,36
1.0,20,36
1.0,22,37
1.0,33,37
1.0,15,38
1.0,34,38
1.0,37,38
1.0,14,39
1.0,21,39
1.0,32,39
1.0,38,39
1.0,3,40
1.0,23,40
1.0,27,40
1.0,28,40
1.0,2,41
1.0,4,41
1.0,15,41
1.0,21,41
1.0,2,42
1.0,6,42
1.0,11,42
1.0,40,42
1.0,8,43
1.0,12,43
1.0,19,43
1.0,22,43
1.0,29,43
1.0,3,44
1.0,5,44
1.0,16,44
1.0,38,44
1.0,3,45
1.0,10,45
1.0,26,45
1.0,34,45
1.0,39,45
1.0,12,46
1.0,23,46
1.0,35,46
1.0,37,46
1.0,15,47
1.0,16,47
1.0,17,47
1.0,31,47
1.0,44,47
1.0,7,48
1.0,19,48
1.0,24,48
1.0,26,48
1.0,37,48
1.0,9,49
1.0,35,49
1.0,41,49
1.0,42,49
1.0,46,49
