1.0,1,6
1.0,5,6
1.0,4,7
1.0,8,9
1.0,3,10
1.0,6,10
1.0,7,10
1.0,0,13
1.0,11,14
1.0,12,14
1.0,6,15
1.0,0,16
1.0,1,16
1.0,2,16
1.0,11,16
1.0,0,17
1.0,3,17
1.0,3,18
1.0,12,18
1.0,2,19
1.0,15,19
1.0,5,20
1.0,3,21
1.0,4,21
1.0,8,21
1.0,10,21
1.0,18,23
1.0,21,23
1.0,7,24
1.0,9,24
1.0,13,24
1.0,14,24
1.0,2,25
1.0,11,26
1.0,17,26
1.0,22,26
1.0,2,27
1.0,20,27
1.0,4,28
1.0,15,28
1.0,19,28
1.0,20,28
1.0,18,29
1.0,20,29
1.0,25,29
1.0,1,30
1.0,7,30
1.0,29,30
1.0,5,31
1.0,12,31
1.0,19,31
1.0,26,31
1.0,5,32
1.0,6,32
1.0,24,32
1.0,0,33
1.0,11,33
1.0,14,33
1.0,19,33
1.0,0,34
1.0,10,34
1.0,12,35
1.0,26,35
1.0,5,36
1.0,16,36
1.0,20,36
1.0,8,37
1.0,22,37
1.0,23,37
1.0,31,37
1.0,11,38
1.0,13,38
1.0,22,38
1.0,25,38
1.0,30,38
1.0,4,39
1.0,8,39
1.0,9,39
1.0,35,39
1.0,9,40
1.0,14,40
1.0,17,40
1.0,34,40
1.0,35,40
1.0,1,41
1.0,7,41
1.0,23,41
1.0,28,41
1.0,4,42
1.0,22,42
1.0,33,42
1.0,41,42
1.0,3,43
1.0,15,43
1.0,23,43
1.0,1,44
1.0,8,44
1.0,27,44
1.0,32,44
1.0,36,44
1.0,13,45
1.0,22,45
1.0,25,45
1.0,27,45
1.0,39,45
1.0,12,46
1.0,17,46
1.0,25,46
1.0,35,46
1.0,36,46
1.0,13,47
1.0,29,47
1.0,34,47
1.0,37,47
1.0,43,47
1.0,2,48
1.0,9,48
1.0,34,48
1.0,42,48
1.0,43,48
1.0,15,49
1.0,18,49
1.0,27,49
1.0,30,49
1.0,32,49
