1.0,0,7
1.0,6,7
1.0,4,10
1.0,3,11
1.0,10,11
1.0,0,14
1.0,7,15
1.0,8,15
1.0,3,16
1.0,13,16
1.0,2,17
1.0,4,17
1.0,9,17
1.0,5,18
1.0,11,18
1.0,14,18
1.0,0,19
1.0,3,19
1.0,9,19
1.0,12,20
1.0,16,20
1.0,17,20
1.0,2,21
1.0,4,22
1.0,13,22
1.0,13,24
1.0,12,25
1.0,15,25
1.0,18,25
1.0,24,25
1.0,14,26
1.0,21,26
1.0,24,27
1.0,25,27
1.0,2,28
1.0,8,28
1.0,26,28
1.0,27,28
1.0,1,29
1.0,6,29
1.0,12,29
1.0,15,29
1.0,1,30
1.0,7,30
1.0,8,30
1.0,16,30
1.0,3,31
1.0,10,31
1.0,14,31
1.0,22,31
1.0,15,32
1.0,20,32
1.0,30,32
1.0,13,33
1.0,16,33
1.0,23,33
1.0,24,33
1.0,8,34
1.0,23,34
1.0,26,34
1.0,31,34
1.0,1,35
1.0,19,35
1.0,20,35
1.0,21,35
1.0,1,36
1.0,5,36
1.0,21,36
1.0,22,36
1.0,27,36
1.0,1,37
1.0,3,37
1.0,29,37
1.0,6,38
1.0,10,38
1.0,22,38
1.0,32,38
1.0,8,39
1.0,26,39
1.0,27,39
1.0,4,40
1.0,5,40
1.0,9,40
1.0,13,40
1.0,34,40
1.0,7,41
1.0,9,41
1.0,14,41
1.0,37,41
1.0,39,41
1.0,9,42
1.0,23,42
1.0,39,42
1.0,2,43
1.0,5,43
1.0,12,43
1.0,18,43
1.0,38,43
1.0,0,44
1.0,23,44
1.0,33,44
1.0,37,44
1.0,42,44
1.0,11,45
1.0,12,45
1.0,17,45
1.0,19,45
1.0,2,46
1.0,10,46
1.0,21,46
1.0,23,46
1.0,0,47
1.0,6,47
1.0,32,47
1.0,45,47
1.0,6,48
1.0,24,48
1.0,42,48
1.0,46,48
1.0,47,48
1.0,4,49
1.0,5,49
1.0,11,49
1.0,28,49
1.0,35,49
