1.0,0,3
1.0,0,5
1.0,5,6
1.0,2,7
1.0,0,11
1.0,1,12
1.0,3,12
1.0,10,13
1.0,9,14
1.0,1,15
1.0,9,16
1.0,14,16
1.0,1,17
1.0,12,18
1.0,14,18
1.0,3,19
1.0,6,19
1.0,15,19
1.0,2,20
1.0,9,20
1.0,15,21
1.0,19,21
1.0,0,22
1.0,6,22
1.0,14,22
1.0,5,23
1.0,8,23
1.0,11,23
1.0,8,24
1.0,21,24
1.0,22,24
1.0,2,25
1.0,18,25
1.0,4,26
1.0,16,26
1.0,20,26
1.0,25,26
1.0,1,27
1.0,4,27
1.0,11,27
1.0,1,28
1.0,21,28
1.0,17,29
1.0,24,29
1.0,8,30
1.0,13,30
1.0,17,30
1.0,10,31
1.0,20,31
1.0,29,31
1.0,8,32
1.0,11,32
1.0,23,32
1.0,4,33
1.0,6,33
1.0,21,33
1.0,28,33
1.0,29,33
1.0,13,34
1.0,18,34
1.0,22,34
1.0,23,34
1.0,30,34
1.0,7,35
1.0,9,35
1.0,16,35
1.0,18,35
1.0,31,35
1.0,10,36
1.0,11,36
1.0,15,36
1.0,25,36
1.0,10,37
1.0,12,37
1.0,15,37
1.0,9,38
1.0,10,38
1.0,20,38
1.0,28,38
1.0,8,39
1.0,16,39
1.0,29,39
1.0,4,40
1.0,5,40
1.0,37,40
1.0,0,41
1.0,6,41
1.0,17,41
1.0,40,41
1.0,19,42
1.0,24,42
1.0,27,42
1.0,37,42
1.0,7,43
1.0,12,43
1.0,27,43
1.0,36,43
1.0,39,43
1.0,3,44
1.0,7,44
1.0,14,44
1.0,26,44
1.0,32,44
1.0,3,45
1.0,7,45
1.0,28,45
1.0,32,45
1.0,42,45
1.0,13,46
1.0,38,46
1.0,40,46
1.0,2,47
1.0,4,47
1.0,5,47
1.0,31,47
1.0,17,48
1.0,25,48
1.0,30,48
1.0,41,48
1.0,46,48
1.0,2,49
1.0,13,49
1.0,39,49
1.0,46,49
1.0,47,49
