1.0,2,3
1.0,0,4
1.0,0,5
1.0,6,7
1.0,3,9
1.0,8,11
1.0,10,11
1.0,8,13
1.0,9,13
1.0,12,13
1.0,4,14
1.0,8,14
1.0,4,15
1.0,10,15
1.0,11,15
1.0,11,16
1.0,9,17
1.0,3,18
1.0,8,18
1.0,10,18
1.0,5,19
1.0,16,19
1.0,9,20
1.0,0,21
1.0,19,21
1.0,7,22
1.0,10,23
1.0,22,23
1.0,2,24
1.0,4,24
1.0,17,24
1.0,22,24
1.0,14,25
1.0,15,25
1.0,18,25
1.0,0,26
1.0,18,26
1.0,0,27
1.0,12,27
1.0,20,27
1.0,21,27
1.0,12,28
1.0,17,28
1.0,21,28
1.0,14,29
1.0,16,29
1.0,17,29
1.0,20,29
1.0,22,29
1.0,2,30
1.0,16,30
1.0,22,30
1.0,5,31
1.0,10,31
1.0,17,32
1.0,7,33
1.0,23,33
1.0,25,33
1.0,2,34
1.0,9,34
1.0,15,34
1.0,31,34
1.0,1,35
1.0,27,35
1.0,28,35
1.0,26,36
1.0,30,36
1.0,32,36
1.0,35,36
1.0,5,37
1.0,6,37
1.0,7,37
1.0,12,37
1.0,19,37
1.0,5,38
1.0,23,38
1.0,28,38
1.0,1,39
1.0,6,39
1.0,24,39
1.0,26,39
1.0,38,39
1.0,4,40
1.0,13,40
1.0,31,40
1.0,8,41
1.0,23,41
1.0,32,41
1.0,35,41
1.0,40,42
1.0,41,42
1.0,2,43
1.0,11,43
1.0,16,43
1.0,20,43
1.0,33,43
1.0,7,44
1.0,14,44
1.0,32,44
1.0,42,44
1.0,1,45
1.0,26,45
1.0,32,45
1.0,38,45
1.0,42,45
1.0,6,46
1.0,12,46
1.0,19,46
1.0,36,46
1.0,44,46
1.0,1,47
1.0,25,47
1.0,33,47
1.0,34,47
1.0,42,47
1.0,3,48
1.0,13,48
1.0,30,48
1.0,31,48
1.0,40,48
1.0,1,49
1.0,3,49
1.0,6,49
1.0,20,49
1.0,21,49
