1.0,0,1
1.0,1,2
1.0,1,3
1.0,1,5
1.0,0,9
1.0,2,10
1.0,6,10
1.0,8,12
1.0,6,13
1.0,10,13
1.0,9,14
1.0,11,15
1.0,13,16
1.0,2,17
1.0,5,17
1.0,7,18
1.0,12,18
1.0,4,19
1.0,4,20
1.0,15,20
1.0,2,21
1.0,8,21
1.0,10,21
1.0,14,22
1.0,15,22
1.0,17,22
1.0,0,23
1.0,3,23
1.0,15,23
1.0,4,24
1.0,2,25
1.0,6,25
1.0,11,25
1.0,6,26
1.0,18,26
1.0,20,26
1.0,23,27
1.0,8,28
1.0,12,28
1.0,13,28
1.0,22,28
1.0,7,29
1.0,14,29
1.0,13,30
1.0,27,30
1.0,7,31
1.0,11,31
1.0,19,31
1.0,27,31
1.0,11,32
1.0,16,32
1.0,26,32
1.0,24,33
1.0,32,33
1.0,19,34
1.0,25,34
1.0,1,35
1.0,7,35
1.0,8,35
1.0,29,35
1.0,7,36
1.0,14,36
1.0,16,36
1.0,19,36
1.0,23,36
1.0,4,37
1.0,5,37
1.0,17,37
1.0,35,37
1.0,0,38
1.0,9,38
1.0,18,38
1.0,30,38
1.0,11,39
1.0,24,39
1.0,32,39
1.0,34,39
1.0,3,40
1.0,14,40
1.0,15,40
1.0,17,40
1.0,33,40
1.0,5,41
1.0,18,41
1.0,21,41
1.0,27,41
1.0,34,41
1.0,12,42
1.0,16,42
1.0,27,42
1.0,29,42
1.0,33,42
1.0,6,43
1.0,12,43
1.0,34,43
1.0,37,43
1.0,3,44
1.0,9,44
1.0,22,44
1.0,30,44
1.0,33,44
1.0,4,45
1.0,8,45
1.0,20,45
1.0,43,45
1.0,0,46
1.0,5,46
1.0,10,46
1.0,28,46
1.0,38,46
1.0,16,47
1.0,20,47
1.0,26,47
1.0,29,47
1.0,39,47
1.0,3,48
1.0,9,48
1.0,24,48
1.0,25,48
1.0,31,48
1.0,19,49
1.0,21,49
1.0,24,49
1.0,30,49
1.0,45,49
