1.0,2,4
1.0,2,6
1.0,6,7
1.0,8,9
1.0,3,10
1.0,6,10
1.0,7,10
1.0,1,11
1.0,3,12
1.0,5,12
1.0,11,12
1.0,0,13
1.0,1,13
1.0,7,14
1.0,7,15
1.0,9,15
1.0,11,16
1.0,12,16
1.0,3,17
1.0,13,17
1.0,14,17
1.0,6,18
1.0,16,18
1.0,13,19
1.0,17,20
1.0,19,20
1.0,1,21
1.0,19,22
1.0,4,23
1.0,11,23
1.0,15,23
1.0,16,24
1.0,20,24
1.0,21,24
1.0,13,25
1.0,23,25
1.0,5,26
1.0,10,26
1.0,15,26
1.0,21,26
1.0,22,26
1.0,2,27
1.0,7,27
1.0,19,27
1.0,9,28
1.0,14,28
1.0,23,28
1.0,8,29
1.0,20,29
1.0,8,30
1.0,27,30
1.0,0,31
1.0,6,31
1.0,18,31
1.0,3,32
1.0,15,32
1.0,21,32
1.0,25,32
1.0,4,33
1.0,12,33
1.0,29,33
1.0,31,33
1.0,4,34
1.0,10,34
1.0,16,34
1.0,18,34
1.0,24,34
1.0,3,35
1.0,22,35
1.0,27,35
1.0,11,36
1.0,20,36
1.0,28,36
1.0,30,36
1.0,5,37
1.0,9,37
1.0,35,37
1.0,1,38
1.0,14,38
1.0,37,38
1.0,0,39
1.0,2,39
1.0,8,39
1.0,29,40
1.0,38,40
1.0,39,40
1.0,22,41
1.0,28,41
1.0,33,41
1.0,40,41
1.0,1,42
1.0,17,42
1.0,29,42
1.0,40,42
1.0,5,43
1.0,25,43
1.0,39,43
1.0,14,44
1.0,25,44
1.0,30,44
1.0,42,44
1.0,21,45
1.0,24,45
1.0,31,45
1.0,32,45
1.0,41,45
1.0,0,46
1.0,5,46
1.0,43,46
1.0,44,46
1.0,9,47
1.0,18,47
1.0,19,47
1.0,38,47
1.0,46,47
1.0,8,48
1.0,22,48
1.0,30,48
1.0,35,48
1.0,36,48
1.0,0,49
1.0,2,49
1.0,4,49
1.0,37,49
1.0,43,49
