1.0,0,2
1.0,0,3
1.0,1,6
1.0,1,9
1.0,8,9
1.0,3,10
1.0,2,12
1.0,3,13
1.0,10,13
1.0,13,14
1.0,0,16
1.0,4,16
1.0,11,17
1.0,5,18
1.0,7,19
1.0,12,20
1.0,14,20
1.0,0,21
1.0,1,21
1.0,17,21
1.0,18,21
1.0,6,22
1.0,15,22
1.0,19,22
1.0,2,23
1.0,6,23
1.0,7,23
1.0,19,23
1.0,8,24
1.0,10,24
1.0,13,24
1.0,19,24
1.0,8,25
1.0,13,25
1.0,20,25
1.0,11,26
1.0,8,27
1.0,12,28
1.0,27,28
1.0,1,29
1.0,15,29
1.0,22,29
1.0,2,30
1.0,22,30
1.0,27,30
1.0,29,30
1.0,7,31
1.0,14,31
1.0,18,31
1.0,28,31
1.0,9,32
1.0,10,32
1.0,14,32
1.0,21,32
1.0,4,33
1.0,12,33
1.0,15,33
1.0,16,33
1.0,26,33
1.0,5,34
1.0,11,34
1.0,28,34
1.0,16,35
1.0,20,35
1.0,25,35
1.0,31,35
1.0,6,36
1.0,9,36
1.0,11,36
1.0,26,36
1.0,5,37
1.0,6,37
1.0,7,37
1.0,24,37
1.0,12,38
1.0,18,38
1.0,19,38
1.0,26,38
1.0,1,39
1.0,9,39
1.0,18,39
1.0,32,39
1.0,8,40
1.0,20,40
1.0,36,40
1.0,39,40
1.0,4,41
1.0,15,41
1.0,26,41
1.0,10,42
1.0,15,42
1.0,27,42
1.0,29,42
1.0,34,42
1.0,3,43
1.0,5,43
1.0,23,43
1.0,30,43
1.0,41,43
1.0,7,44
1.0,16,44
1.0,17,44
1.0,35,44
1.0,28,45
1.0,37,45
1.0,38,45
1.0,41,45
1.0,4,46
1.0,5,46
1.0,11,46
1.0,44,46
1.0,3,47
1.0,17,47
1.0,25,47
1.0,27,47
1.0,0,48
1.0,2,48
1.0,4,48
1.0,14,48
1.0,45,48
1.0,17,49
1.0,34,49
1.0,40,49
1.0,46,49
1.0,47,49
