1.0,0,3
1.0,2,5
1.0,3,5
1.0,1,7
1.0,5,7
1.0,0,8
1.0,2,8
1.0,6,8
1.0,1,10
1.0,0,12
1.0,7,12
1.0,12,13
1.0,11,14
1.0,5,15
1.0,6,15
1.0,0,16
1.0,1,16
1.0,9,16
1.0,15,17
1.0,14,18
1.0,16,18
1.0,17,18
1.0,8,19
1.0,11,19
1.0,18,19
1.0,6,20
1.0,10,20
1.0,10,21
1.0,14,21
1.0,17,21
1.0,9,22
1.0,10,22
1.0,13,22
1.0,4,23
1.0,10,23
1.0,4,24
1.0,7,24
1.0,11,24
1.0,7,26
1.0,14,26
1.0,20,26
1.0,9,27
1.0,13,27
1.0,11,28
1.0,19,28
1.0,26,28
1.0,2,29
1.0,4,30
1.0,23,30
1.0,25,30
1.0,28,30
1.0,23,31
1.0,27,32
1.0,29,32
1.0,5,33
1.0,13,33
1.0,25,33
1.0,27,33
1.0,32,33
1.0,12,34
1.0,15,34
1.0,1,35
1.0,2,35
1.0,22,35
1.0,13,36
1.0,16,36
1.0,31,36
1.0,4,37
1.0,25,37
1.0,26,37
1.0,30,37
1.0,21,38
1.0,23,38
1.0,29,38
1.0,34,38
1.0,9,39
1.0,11,39
1.0,12,39
1.0,21,39
1.0,31,39
1.0,4,40
1.0,27,40
1.0,31,40
1.0,34,40
1.0,3,41
1.0,17,41
1.0,25,41
1.0,35,41
1.0,8,42
1.0,14,42
1.0,19,42
1.0,20,42
1.0,15,43
1.0,22,43
1.0,29,43
1.0,35,43
1.0,38,43
1.0,1,44
1.0,6,44
1.0,25,44
1.0,32,44
1.0,41,44
1.0,3,45
1.0,18,45
1.0,20,45
1.0,28,45
1.0,42,45
1.0,31,46
1.0,36,46
1.0,37,46
1.0,40,46
1.0,2,47
1.0,9,47
1.0,36,47
1.0,46,47
1.0,3,48
1.0,17,48
1.0,24,48
1.0,32,48
1.0,34,48
1.0,0,49
1.0,6,49
1.0,24,49
1.0,29,49
1.0,47,49
