1.0,1,2
1.0,1,4
1.0,4,7
1.0,5,7
1.0,5,8
1.0,7,9
1.0,4,11
1.0,1,12
1.0,7,12
1.0,2,13
1.0,3,13
1.0,5,13
1.0,11,13
1.0,5,14
1.0,14,15
1.0,1,16
1.0,6,16
1.0,14,17
1.0,5,18
1.0,2,19
1.0,3,19
1.0,3,20
1.0,10,20
1.0,11,20
1.0,12,22
1.0,0,23
1.0,15,23
1.0,19,23
1.0,12,24
1.0,18,24
1.0,21,24
1.0,22,24
1.0,0,25
1.0,8,26
1.0,15,26
1.0,15,27
1.0,18,27
1.0,25,27
1.0,6,28
1.0,8,28
1.0,11,28
1.0,17,28
1.0,20,28
1.0,0,29
1.0,10,29
1.0,12,29
1.0,16,29
1.0,9,30
1.0,25,30
1.0,10,31
1.0,21,31
1.0,27,31
1.0,0,32
1.0,10,32
1.0,21,32
1.0,26,32
1.0,14,33
1.0,15,33
1.0,22,33
1.0,7,34
1.0,8,34
1.0,22,34
1.0,6,35
1.0,17,35
1.0,21,35
1.0,23,35
1.0,26,35
1.0,6,36
1.0,11,36
1.0,17,36
1.0,32,36
1.0,20,37
1.0,24,37
1.0,31,37
1.0,36,37
1.0,3,38
1.0,16,38
1.0,18,38
1.0,30,38
1.0,9,39
1.0,16,39
1.0,23,39
1.0,9,40
1.0,33,40
1.0,34,40
1.0,4,41
1.0,6,41
1.0,8,41
1.0,34,41
1.0,39,41
1.0,19,42
1.0,26,42
1.0,29,42
1.0,40,42
1.0,18,43
1.0,30,43
1.0,37,43
1.0,40,43
1.0,2,44
1.0,4,44
1.0,14,44
1.0,25,44
1.0,10,45
1.0,25,45
1.0,44,45
1.0,2,46
1.0,9,46
1.0,17,46
1.0,39,46
1.0,45,46
1.0,3,47
1.0,13,47
1.0,33,47
1.0,42,47
1.0,43,47
1.0,0,48
1.0,19,48
1.0,22,48
1.0,30,48
1.0,31,48
1.0,1,49
1.0,21,49
1.0,27,49
1.0,38,49
1.0,45,49
