1.0,2,4
1.0,1,5
1.0,4,6
1.0,7,8
1.0,2,9
1.0,7,11
1.0,11,12
1.0,3,13
1.0,6,13
1.0,11,13
1.0,0,17
1.0,10,17
1.0,0,18
1.0,1,18
1.0,7,18
1.0,4,19
1.0,9,19
1.0,16,19
1.0,3,20
1.0,8,21
1.0,9,21
1.0,14,21
1.0,1,22
1.0,9,22
1.0,14,22
1.0,5,23
1.0,8,23
1.0,15,23
1.0,17,23
1.0,15,24
1.0,17,24
1.0,22,24
1.0,7,25
1.0,10,25
1.0,12,25
1.0,13,26
1.0,16,26
1.0,20,26
1.0,1,27
1.0,4,27
1.0,0,28
1.0,11,28
1.0,16,28
1.0,24,28
1.0,3,29
1.0,14,29
1.0,27,29
1.0,6,30
1.0,15,30
1.0,4,31
1.0,8,31
1.0,22,31
1.0,29,31
1.0,1,32
1.0,15,32
1.0,3,33
1.0,21,33
1.0,28,33
1.0,16,34
1.0,19,34
1.0,10,35
1.0,12,35
1.0,25,35
1.0,16,36
1.0,26,36
1.0,30,36
1.0,34,36
1.0,2,37
1.0,18,37
1.0,20,37
1.0,34,37
1.0,6,38
1.0,14,38
1.0,30,38
1.0,5,39
1.0,11,39
1.0,36,39
1.0,37,39
1.0,38,39
1.0,7,40
1.0,12,40
1.0,27,40
1.0,0,41
1.0,13,41
1.0,20,41
1.0,26,41
1.0,40,41
1.0,2,42
1.0,10,42
1.0,34,42
1.0,35,42
1.0,6,43
1.0,18,43
1.0,19,43
1.0,29,43
1.0,32,43
1.0,5,44
1.0,17,44
1.0,23,44
1.0,25,44
1.0,40,44
1.0,0,45
1.0,8,45
1.0,21,45
1.0,24,45
1.0,32,45
1.0,5,46
1.0,12,46
1.0,14,46
1.0,15,46
1.0,27,46
1.0,2,47
1.0,30,47
1.0,32,47
1.0,33,47
1.0,10,48
1.0,20,48
1.0,31,48
1.0,33,48
1.0,38,48
1.0,3,49
1.0,9,49
1.0,35,49
1.0,42,49
1.0,47,49
