1.0,2,4
1.0,1,9
1.0,3,10
1.0,3,11
1.0,6,11
1.0,1,12
1.0,5,12
1.0,7,12
1.0,3,13
1.0,7,13
1.0,8,13
1.0,11,14
1.0,5,15
1.0,0,16
1.0,0,17
1.0,1,17
1.0,2,17
1.0,5,18
1.0,7,18
1.0,3,19
1.0,6,20
1.0,9,20
1.0,14,20
1.0,15,21
1.0,17,21
1.0,4,22
1.0,8,22
1.0,15,22
1.0,1,23
1.0,0,25
1.0,23,25
1.0,0,26
1.0,21,26
1.0,3,27
1.0,4,27
1.0,8,27
1.0,13,27
1.0,24,27
1.0,10,28
1.0,26,28
1.0,2,29
1.0,4,29
1.0,17,29
1.0,24,29
1.0,20,30
1.0,22,30
1.0,0,31
1.0,15,31
1.0,30,31
1.0,18,32
1.0,8,33
1.0,10,33
1.0,25,33
1.0,4,34
1.0,11,34
1.0,32,34
1.0,2,35
1.0,9,35
1.0,32,35
1.0,19,36
1.0,21,36
1.0,24,36
1.0,25,36
1.0,32,36
1.0,5,37
1.0,18,37
1.0,23,37
1.0,33,37
1.0,35,37
1.0,7,38
1.0,16,38
1.0,20,38
1.0,29,38
1.0,2,39
1.0,6,39
1.0,19,39
1.0,22,39
1.0,34,39
1.0,9,40
1.0,11,40
1.0,14,40
1.0,16,40
1.0,28,40
1.0,16,41
1.0,30,41
1.0,34,41
1.0,7,42
1.0,10,42
1.0,25,42
1.0,41,42
1.0,14,43
1.0,19,43
1.0,24,43
1.0,31,43
1.0,35,43
1.0,1,44
1.0,6,44
1.0,9,44
1.0,18,44
1.0,38,44
1.0,10,45
1.0,12,45
1.0,16,45
1.0,32,45
1.0,41,45
1.0,5,46
1.0,12,46
1.0,13,46
1.0,15,46
1.0,24,46
1.0,23,47
1.0,26,47
1.0,28,47
1.0,30,47
1.0,31,47
1.0,8,48
1.0,19,48
1.0,23,48
1.0,26,48
1.0,42,48
1.0,6,49
1.0,14,49
1.0,21,49
1.0,28,49
1.0,33,49
