1.0,0,3
1.0,3,5
1.0,0,7
1.0,7,10
1.0,6,11
1.0,8,11
1.0,9,11
1.0,2,12
1.0,5,12
1.0,0,13
1.0,12,13
1.0,5,14
1.0,13,15
1.0,14,15
1.0,9,16
1.0,0,17
1.0,14,17
1.0,1,18
1.0,2,18
1.0,7,18
1.0,17,19
1.0,7,20
1.0,17,20
1.0,7,21
1.0,15,21
1.0,19,21
1.0,3,23
1.0,8,23
1.0,15,23
1.0,18,23
1.0,1,24
1.0,3,24
1.0,10,24
1.0,10,25
1.0,11,25
1.0,6,26
1.0,9,26
1.0,4,27
1.0,9,27
1.0,21,27
1.0,24,27
1.0,22,28
1.0,3,29
1.0,25,29
1.0,26,29
1.0,4,30
1.0,8,30
1.0,23,30
1.0,28,30
1.0,1,31
1.0,17,31
1.0,18,31
1.0,0,32
1.0,8,32
1.0,10,32
1.0,20,32
1.0,25,32
1.0,12,33
1.0,20,33
1.0,25,33
1.0,6,34
1.0,16,34
1.0,22,34
1.0,28,34
1.0,2,35
1.0,12,35
1.0,19,35
1.0,9,36
1.0,14,36
1.0,16,36
1.0,26,36
1.0,21,37
1.0,33,37
1.0,6,38
1.0,19,38
1.0,26,38
1.0,29,38
1.0,33,38
1.0,1,39
1.0,10,39
1.0,13,40
1.0,19,40
1.0,31,40
1.0,35,40
1.0,39,40
1.0,2,41
1.0,16,41
1.0,39,41
1.0,4,42
1.0,15,42
1.0,22,42
1.0,28,42
1.0,37,42
1.0,6,43
1.0,8,43
1.0,22,43
1.0,37,43
1.0,41,43
1.0,4,44
1.0,27,44
1.0,28,44
1.0,30,44
1.0,22,45
1.0,24,45
1.0,36,45
1.0,39,45
1.0,5,46
1.0,11,46
1.0,13,46
1.0,41,46
1.0,4,47
1.0,14,47
1.0,29,47
1.0,31,47
1.0,46,47
1.0,1,48
1.0,2,48
1.0,5,48
1.0,20,48
1.0,45,48
1.0,16,49
1.0,34,49
1.0,35,49
1.0,37,49
1.0,44,49
