1.0,0,1
1.0,6,7
1.0,0,8
1.0,6,10
1.0,8,11
1.0,9,11
1.0,5,13
1.0,7,13
1.0,9,14
1.0,8,15
1.0,6,16
1.0,13,16
1.0,13,17
1.0,14,17
1.0,12,18
1.0,2,19
1.0,12,19
1.0,16,19
1.0,10,20
1.0,1,21
1.0,4,21
1.0,14,21
1.0,16,21
1.0,17,22
1.0,8,23
1.0,10,23
1.0,19,23
1.0,5,24
1.0,10,24
1.0,15,24
1.0,3,25
1.0,19,25
1.0,3,26
1.0,9,26
1.0,20,26
1.0,4,27
1.0,6,27
1.0,10,27
1.0,7,28
1.0,13,28
1.0,14,28
1.0,1,29
1.0,7,29
1.0,23,29
1.0,25,29
1.0,20,30
1.0,29,30
1.0,2,31
1.0,5,31
1.0,11,31
1.0,1,32
1.0,3,32
1.0,0,33
1.0,32,33
1.0,0,34
1.0,2,34
1.0,33,34
1.0,3,35
1.0,25,35
1.0,26,35
1.0,27,35
1.0,30,35
1.0,11,36
1.0,18,36
1.0,25,36
1.0,26,36
1.0,30,36
1.0,15,37
1.0,16,37
1.0,21,37
1.0,27,37
1.0,4,38
1.0,8,38
1.0,15,38
1.0,20,38
1.0,0,39
1.0,12,39
1.0,23,39
1.0,32,39
1.0,4,40
1.0,22,40
1.0,31,40
1.0,34,40
1.0,2,41
1.0,11,41
1.0,12,41
1.0,18,41
1.0,5,42
1.0,9,42
1.0,15,42
1.0,17,42
1.0,22,42
1.0,4,43
1.0,24,43
1.0,30,43
1.0,34,43
1.0,40,43
1.0,5,44
1.0,7,44
1.0,18,44
1.0,9,45
1.0,24,45
1.0,28,45
1.0,31,45
1.0,33,45
1.0,14,46
1.0,17,46
1.0,18,46
1.0,38,46
1.0,44,46
1.0,1,47
1.0,22,47
1.0,33,47
1.0,37,47
1.0,44,47
1.0,6,48
1.0,12,48
1.0,22,48
1.0,28,48
1.0,32,48
1.0,2,49
1.0,3,49
1.0,20,49
1.0,39,49
1.0,41,49
