1.0,2,4
1.0,1,6
1.0,5,8
1.0,7,9
1.0,0,10
1.0,1,10
1.0,7,10
1.0,0,11
1.0,12,13
1.0,2,14
1.0,9,16
1.0,5,17
1.0,8,17
1.0,9,17
1.0,9,18
1.0,3,19
1.0,4,19
1.0,13,19
1.0,0,20
1.0,17,20
1.0,2,21
1.0,8,21
1.0,16,21
1.0,1,22
1.0,11,22
1.0,13,22
1.0,0,23
1.0,21,23
1.0,2,24
1.0,3,24
1.0,5,25
1.0,23,25
1.0,1,26
1.0,18,26
1.0,4,27
1.0,11,27
1.0,18,27
1.0,3,28
1.0,20,28
1.0,26,28
1.0,4,29
1.0,15,29
1.0,13,30
1.0,13,31
1.0,14,31
1.0,16,31
1.0,23,31
1.0,7,32
1.0,19,33
1.0,24,33
1.0,25,33
1.0,29,33
1.0,1,34
1.0,8,34
1.0,11,34
1.0,30,34
1.0,32,34
1.0,4,35
1.0,7,35
1.0,22,35
1.0,29,35
1.0,5,36
1.0,15,36
1.0,20,36
1.0,21,36
1.0,32,36
1.0,10,37
1.0,12,37
1.0,15,37
1.0,17,37
1.0,25,37
1.0,12,38
1.0,16,38
1.0,14,39
1.0,25,39
1.0,30,39
1.0,31,39
1.0,38,39
1.0,6,40
1.0,11,40
1.0,18,40
1.0,22,40
1.0,3,41
1.0,6,41
1.0,15,41
1.0,29,41
1.0,35,41
1.0,2,42
1.0,19,42
1.0,24,42
1.0,28,42
1.0,30,42
1.0,3,43
1.0,6,43
1.0,14,43
1.0,26,43
1.0,0,44
1.0,12,44
1.0,14,44
1.0,28,44
1.0,32,44
1.0,5,45
1.0,16,45
1.0,18,45
1.0,20,45
1.0,27,45
1.0,6,46
1.0,8,46
1.0,10,46
1.0,15,46
1.0,40,46
1.0,7,47
1.0,23,47
1.0,33,47
1.0,38,47
1.0,43,47
1.0,9,48
1.0,12,48
1.0,26,48
1.0,32,48
1.0,24,49
1.0,27,49
1.0,30,49
1.0,38,49
1.0,48,49
