1.0,1,2
1.0,1,3
1.0,1,4
1.0,2,4
1.0,3,5
1.0,3,7
1.0,0,8
1.0,5,10
1.0,7,10
1.0,0,11
1.0,8,11
1.0,10,12
1.0,8,13
1.0,2,14
1.0,9,14
1.0,12,14
1.0,2,16
1.0,3,16
1.0,0,17
1.0,14,17
1.0,6,18
1.0,5,20
1.0,6,20
1.0,13,20
1.0,17,20
1.0,5,21
1.0,14,21
1.0,15,21
1.0,6,22
1.0,9,22
1.0,19,22
1.0,4,23
1.0,1,24
1.0,9,24
1.0,11,24
1.0,13,24
1.0,7,25
1.0,9,25
1.0,18,25
1.0,8,26
1.0,26,27
1.0,1,28
1.0,13,28
1.0,9,29
1.0,20,29
1.0,25,29
1.0,15,30
1.0,23,30
1.0,19,31
1.0,22,31
1.0,5,32
1.0,17,32
1.0,24,32
1.0,7,33
1.0,11,33
1.0,12,33
1.0,4,34
1.0,31,34
1.0,0,35
1.0,16,35
1.0,26,35
1.0,30,35
1.0,34,35
1.0,26,36
1.0,28,36
1.0,31,36
1.0,10,37
1.0,15,37
1.0,34,37
1.0,0,38
1.0,6,38
1.0,12,38
1.0,30,38
1.0,8,39
1.0,12,39
1.0,28,39
1.0,31,39
1.0,16,40
1.0,23,40
1.0,33,40
1.0,37,40
1.0,6,41
1.0,18,41
1.0,26,41
1.0,28,41
1.0,36,41
1.0,13,42
1.0,18,42
1.0,22,42
1.0,23,42
1.0,40,42
1.0,19,43
1.0,27,43
1.0,29,43
1.0,30,43
1.0,36,43
1.0,2,44
1.0,11,44
1.0,17,44
1.0,27,44
1.0,7,45
1.0,18,45
1.0,19,45
1.0,27,45
1.0,32,45
1.0,3,46
1.0,10,46
1.0,21,46
1.0,25,46
1.0,37,46
1.0,4,47
1.0,15,47
1.0,27,47
1.0,34,47
1.0,44,47
1.0,15,48
1.0,19,48
1.0,21,48
1.0,23,48
1.0,33,48
1.0,16,49
1.0,29,49
1.0,32,49
1.0,38,49
1.0,39,49
