1.0,1,4
1.0,2,7
1.0,1,9
1.0,1,11
1.0,6,12
1.0,5,13
1.0,7,13
1.0,10,13
1.0,5,14
1.0,7,14
1.0,2,15
1.0,9,15
1.0,7,16
1.0,8,16
1.0,10,17
1.0,6,18
1.0,17,18
1.0,3,19
1.0,5,19
1.0,12,19
1.0,2,20
1.0,8,20
1.0,11,20
1.0,16,20
1.0,2,21
1.0,6,21
1.0,15,21
1.0,5,22
1.0,12,22
1.0,8,23
1.0,10,23
1.0,15,23
1.0,4,24
1.0,18,24
1.0,21,24
1.0,6,25
1.0,20,25
1.0,4,26
1.0,11,26
1.0,14,26
1.0,25,26
1.0,8,27
1.0,10,27
1.0,25,27
1.0,8,28
1.0,10,28
1.0,23,28
1.0,11,29
1.0,13,29
1.0,22,29
1.0,16,30
1.0,1,31
1.0,14,31
1.0,16,31
1.0,0,32
1.0,3,32
1.0,27,32
1.0,30,32
1.0,9,33
1.0,18,33
1.0,31,33
1.0,0,34
1.0,4,34
1.0,32,34
1.0,9,35
1.0,17,35
1.0,18,36
1.0,21,36
1.0,0,37
1.0,4,37
1.0,9,37
1.0,11,37
1.0,30,37
1.0,13,38
1.0,31,38
1.0,26,39
1.0,34,39
1.0,36,39
1.0,17,40
1.0,24,40
1.0,27,40
1.0,30,40
1.0,2,41
1.0,6,41
1.0,35,41
1.0,36,41
1.0,38,41
1.0,14,42
1.0,28,42
1.0,30,42
1.0,35,42
1.0,38,42
1.0,0,43
1.0,3,43
1.0,12,43
1.0,19,43
1.0,24,43
1.0,15,44
1.0,22,44
1.0,29,44
1.0,33,44
1.0,0,45
1.0,17,45
1.0,25,45
1.0,39,45
1.0,44,45
1.0,3,46
1.0,7,46
1.0,23,46
1.0,28,46
1.0,39,46
1.0,3,47
1.0,22,47
1.0,29,47
1.0,33,47
1.0,5,48
1.0,12,48
1.0,34,48
1.0,38,48
1.0,47,48
1.0,1,49
1.0,19,49
1.0,35,49
1.0,36,49
1.0,40,49
