1.0,0,5
1.0,2,6
1.0,1,7
1.0,4,9
1.0,6,9
1.0,8,9
1.0,7,11
1.0,3,12
1.0,4,13
1.0,5,14
1.0,8,14
1.0,11,15
1.0,4,16
1.0,10,16
1.0,5,17
1.0,10,18
1.0,11,18
1.0,10,19
1.0,15,19
1.0,17,19
1.0,3,20
1.0,6,20
1.0,15,20
1.0,2,21
1.0,7,21
1.0,13,21
1.0,3,22
1.0,18,22
1.0,0,23
1.0,10,23
1.0,1,24
1.0,11,24
1.0,12,24
1.0,13,24
1.0,1,25
1.0,18,25
1.0,14,26
1.0,6,27
1.0,10,27
1.0,3,28
1.0,4,28
1.0,14,29
1.0,22,29
1.0,0,30
1.0,11,30
1.0,15,30
1.0,26,30
1.0,29,30
1.0,8,31
1.0,9,31
1.0,13,31
1.0,26,31
1.0,12,32
1.0,14,32
1.0,17,32
1.0,5,33
1.0,16,33
1.0,18,33
1.0,0,34
1.0,21,34
1.0,22,34
1.0,27,34
1.0,2,35
1.0,5,35
1.0,6,35
1.0,8,35
1.0,28,35
1.0,1,36
1.0,3,36
1.0,25,36
1.0,12,37
1.0,15,37
1.0,17,37
1.0,33,37
1.0,36,37
1.0,12,38
1.0,25,38
1.0,33,38
1.0,7,39
1.0,8,39
1.0,16,40
1.0,21,40
1.0,27,40
1.0,34,40
1.0,38,40
1.0,20,41
1.0,28,41
1.0,29,41
1.0,31,41
1.0,9,42
1.0,23,42
1.0,28,42
1.0,29,42
1.0,20,43
1.0,23,43
1.0,26,43
1.0,32,43
1.0,16,44
1.0,26,44
1.0,32,44
1.0,38,44
1.0,39,44
1.0,0,45
1.0,17,45
1.0,23,45
1.0,39,45
1.0,41,45
1.0,7,46
1.0,36,46
1.0,43,46
1.0,19,47
1.0,24,47
1.0,27,47
1.0,39,47
1.0,46,47
1.0,2,48
1.0,4,48
1.0,13,48
1.0,19,48
1.0,25,48
1.0,1,49
1.0,2,49
1.0,22,49
1.0,42,49
1.0,46,49
