1.0,0,2
1.0,2,5
1.0,4,6
1.0,4,7
1.0,6,9
1.0,0,10
1.0,6,11
1.0,2,12
1.0,7,12
1.0,6,13
1.0,10,13
1.0,14,16
1.0,11,17
1.0,12,18
1.0,4,19
1.0,13,19
1.0,6,20
1.0,10,21
1.0,2,22
1.0,16,22
1.0,18,22
1.0,1,23
1.0,8,23
1.0,17,23
1.0,11,24
1.0,20,24
1.0,5,25
1.0,10,25
1.0,21,25
1.0,7,26
1.0,13,26
1.0,14,26
1.0,3,27
1.0,15,27
1.0,19,27
1.0,7,28
1.0,9,28
1.0,20,28
1.0,3,29
1.0,18,29
1.0,23,29
1.0,17,30
1.0,25,30
1.0,12,31
1.0,13,31
1.0,26,31
1.0,30,31
1.0,17,32
1.0,24,32
1.0,30,32
1.0,1,33
1.0,10,33
1.0,12,33
1.0,28,33
1.0,0,34
1.0,3,34
1.0,5,34
1.0,8,34
1.0,33,34
1.0,2,35
1.0,14,35
1.0,30,35
1.0,3,36
1.0,4,36
1.0,9,36
1.0,14,36
1.0,17,36
1.0,16,37
1.0,26,37
1.0,28,37
1.0,3,38
1.0,19,38
1.0,29,38
1.0,0,39
1.0,1,39
1.0,16,39
1.0,38,39
1.0,1,40
1.0,4,40
1.0,8,40
1.0,20,40
1.0,25,40
1.0,8,41
1.0,9,41
1.0,15,41
1.0,21,41
1.0,15,42
1.0,23,42
1.0,32,42
1.0,37,42
1.0,9,43
1.0,11,43
1.0,14,43
1.0,27,43
1.0,29,43
1.0,0,44
1.0,15,44
1.0,24,44
1.0,31,44
1.0,42,44
1.0,5,45
1.0,15,45
1.0,22,45
1.0,27,45
1.0,35,45
1.0,5,46
1.0,7,46
1.0,11,46
1.0,20,46
1.0,21,46
1.0,16,47
1.0,18,47
1.0,19,47
1.0,37,47
1.0,38,47
1.0,1,48
1.0,8,48
1.0,18,48
1.0,21,48
1.0,32,48
1.0,22,49
1.0,24,49
1.0,35,49
1.0,39,49
1.0,41,49
