1.0,2,4
1.0,3,6
1.0,4,7
1.0,6,8
1.0,2,9
1.0,5,10
1.0,6,10
1.0,8,10
1.0,1,11
1.0,5,13
1.0,8,13
1.0,7,14
1.0,1,15
1.0,12,16
1.0,15,17
1.0,16,17
1.0,1,18
1.0,6,18
1.0,13,18
1.0,14,19
1.0,12,20
1.0,2,21
1.0,12,21
1.0,14,21
1.0,15,21
1.0,16,22
1.0,1,23
1.0,18,23
1.0,4,24
1.0,1,25
1.0,16,25
1.0,17,25
1.0,20,25
1.0,9,26
1.0,20,26
1.0,24,26
1.0,0,27
1.0,6,27
1.0,11,27
1.0,23,27
1.0,2,28
1.0,8,28
1.0,22,28
1.0,0,29
1.0,23,29
1.0,5,30
1.0,10,30
1.0,12,30
1.0,14,31
1.0,20,31
1.0,15,32
1.0,25,32
1.0,29,32
1.0,31,32
1.0,7,33
1.0,24,33
1.0,30,33
1.0,31,33
1.0,32,33
1.0,3,34
1.0,4,34
1.0,11,34
1.0,17,34
1.0,24,34
1.0,9,35
1.0,16,35
1.0,17,35
1.0,13,36
1.0,30,36
1.0,11,37
1.0,15,37
1.0,22,37
1.0,23,37
1.0,19,38
1.0,21,38
1.0,35,38
1.0,36,38
1.0,3,39
1.0,7,39
1.0,24,39
1.0,37,39
1.0,4,40
1.0,9,40
1.0,28,40
1.0,7,41
1.0,14,41
1.0,18,41
1.0,22,41
1.0,36,41
1.0,0,42
1.0,11,42
1.0,19,42
1.0,29,42
1.0,36,42
1.0,2,43
1.0,3,43
1.0,12,43
1.0,19,44
1.0,26,44
1.0,31,44
1.0,38,44
1.0,0,45
1.0,8,45
1.0,13,45
1.0,28,45
1.0,5,46
1.0,20,46
1.0,26,46
1.0,29,46
1.0,40,46
1.0,0,47
1.0,10,47
1.0,27,47
1.0,39,47
1.0,43,47
1.0,5,48
1.0,19,48
1.0,35,48
1.0,40,48
1.0,44,48
1.0,3,49
1.0,9,49
1.0,22,49
1.0,43,49
1.0,45,49
