1.0,0,6
1.0,0,7
1.0,2,9
1.0,0,10
1.0,4,10
1.0,6,10
1.0,8,11
1.0,9,11
1.0,2,13
1.0,4,14
1.0,6,14
1.0,11,15
1.0,2,16
1.0,9,16
1.0,14,16
1.0,8,17
1.0,5,18
1.0,4,19
1.0,9,19
1.0,16,20
1.0,4,21
1.0,10,21
1.0,15,21
1.0,1,22
1.0,2,22
1.0,7,22
1.0,9,22
1.0,8,23
1.0,12,23
1.0,7,24
1.0,18,24
1.0,19,25
1.0,2,26
1.0,5,26
1.0,19,26
1.0,23,26
1.0,24,26
1.0,3,27
1.0,11,27
1.0,14,27
1.0,22,27
1.0,8,28
1.0,24,28
1.0,3,29
1.0,5,29
1.0,23,29
1.0,25,29
1.0,28,29
1.0,17,30
1.0,24,30
1.0,7,31
1.0,13,31
1.0,18,31
1.0,21,31
1.0,1,32
1.0,12,32
1.0,17,32
1.0,1,33
1.0,12,33
1.0,16,33
1.0,3,34
1.0,11,34
1.0,18,34
1.0,20,34
1.0,10,35
1.0,13,35
1.0,20,35
1.0,23,35
1.0,5,36
1.0,13,36
1.0,25,36
1.0,0,37
1.0,19,37
1.0,32,37
1.0,33,37
1.0,25,38
1.0,27,38
1.0,33,38
1.0,37,38
1.0,5,39
1.0,15,39
1.0,25,39
1.0,30,39
1.0,31,39
1.0,6,40
1.0,7,40
1.0,28,41
1.0,36,41
1.0,38,41
1.0,4,42
1.0,12,42
1.0,32,42
1.0,35,42
1.0,0,43
1.0,3,43
1.0,36,43
1.0,41,43
1.0,42,43
1.0,1,44
1.0,15,44
1.0,30,44
1.0,12,45
1.0,17,45
1.0,20,45
1.0,44,45
1.0,3,46
1.0,6,46
1.0,13,46
1.0,21,46
1.0,30,46
1.0,8,47
1.0,15,47
1.0,17,47
1.0,40,47
1.0,44,47
1.0,14,48
1.0,18,48
1.0,40,48
1.0,41,48
1.0,45,48
1.0,1,49
1.0,20,49
1.0,28,49
1.0,34,49
1.0,40,49
