1.0,0,3
1.0,3,5
1.0,4,6
1.0,7,8
1.0,0,10
1.0,8,11
1.0,10,11
1.0,9,12
1.0,5,13
1.0,1,14
1.0,12,14
1.0,5,15
1.0,8,16
1.0,10,16
1.0,13,16
1.0,1,17
1.0,4,17
1.0,15,17
1.0,0,18
1.0,4,18
1.0,0,19
1.0,9,19
1.0,2,20
1.0,15,20
1.0,6,22
1.0,8,22
1.0,12,22
1.0,0,23
1.0,2,23
1.0,18,23
1.0,4,24
1.0,9,24
1.0,21,24
1.0,3,25
1.0,1,26
1.0,19,26
1.0,24,26
1.0,25,26
1.0,7,27
1.0,10,27
1.0,14,27
1.0,6,28
1.0,13,28
1.0,16,28
1.0,27,28
1.0,2,29
1.0,5,29
1.0,19,29
1.0,22,30
1.0,17,31
1.0,26,31
1.0,1,32
1.0,3,32
1.0,10,32
1.0,12,32
1.0,21,32
1.0,4,33
1.0,7,33
1.0,19,33
1.0,21,33
1.0,30,33
1.0,7,34
1.0,13,34
1.0,18,34
1.0,21,34
1.0,15,35
1.0,16,35
1.0,27,35
1.0,28,35
1.0,20,36
1.0,2,37
1.0,18,37
1.0,22,37
1.0,31,37
1.0,6,38
1.0,7,38
1.0,11,38
1.0,36,38
1.0,2,39
1.0,3,39
1.0,6,39
1.0,25,39
1.0,31,39
1.0,24,40
1.0,35,40
1.0,36,40
1.0,38,40
1.0,12,41
1.0,14,41
1.0,30,41
1.0,13,42
1.0,21,42
1.0,30,42
1.0,34,42
1.0,11,43
1.0,23,43
1.0,29,43
1.0,1,44
1.0,9,44
1.0,37,44
1.0,40,44
1.0,41,44
1.0,11,45
1.0,17,45
1.0,30,45
1.0,36,45
1.0,14,46
1.0,15,46
1.0,20,46
1.0,23,46
1.0,36,46
1.0,5,47
1.0,8,47
1.0,20,47
1.0,25,47
1.0,43,47
1.0,9,48
1.0,42,48
1.0,43,48
1.0,45,48
1.0,25,49
1.0,29,49
1.0,31,49
1.0,41,49
1.0,48,49
