1.0,0,2
1.0,2,4
1.0,3,4
1.0,1,8
1.0,7,9
1.0,5,10
1.0,5,11
1.0,7,12
1.0,11,12
1.0,8,13
1.0,12,13
1.0,4,14
1.0,3,15
1.0,6,16
1.0,11,16
1.0,15,16
1.0,8,17
1.0,12,17
1.0,0,18
1.0,2,18
1.0,0,19
1.0,0,20
1.0,6,21
1.0,11,21
1.0,1,22
1.0,9,22
1.0,20,22
1.0,6,23
1.0,14,23
1.0,15,23
1.0,16,23
1.0,5,24
1.0,13,24
1.0,20,24
1.0,22,24
1.0,3,25
1.0,9,25
1.0,22,25
1.0,10,26
1.0,15,26
1.0,2,27
1.0,5,27
1.0,21,27
1.0,5,28
1.0,12,29
1.0,13,29
1.0,17,29
1.0,20,29
1.0,14,30
1.0,19,30
1.0,27,30
1.0,2,31
1.0,9,31
1.0,13,31
1.0,25,31
1.0,25,32
1.0,27,32
1.0,4,33
1.0,23,33
1.0,6,34
1.0,8,34
1.0,9,34
1.0,26,34
1.0,4,35
1.0,11,35
1.0,17,35
1.0,26,35
1.0,19,36
1.0,21,36
1.0,28,36
1.0,30,36
1.0,33,36
1.0,7,37
1.0,14,37
1.0,20,37
1.0,35,37
1.0,6,38
1.0,7,38
1.0,32,38
1.0,33,38
1.0,0,39
1.0,10,39
1.0,17,39
1.0,19,39
1.0,24,39
1.0,19,40
1.0,21,40
1.0,26,40
1.0,34,40
1.0,1,41
1.0,3,41
1.0,15,42
1.0,18,42
1.0,28,42
1.0,3,43
1.0,28,43
1.0,31,43
1.0,41,43
1.0,1,44
1.0,7,44
1.0,18,44
1.0,32,44
1.0,42,44
1.0,29,45
1.0,40,45
1.0,41,45
1.0,43,45
1.0,1,46
1.0,10,46
1.0,14,46
1.0,32,46
1.0,10,47
1.0,38,47
1.0,42,47
1.0,45,47
1.0,16,48
1.0,18,48
1.0,33,48
1.0,37,48
1.0,41,48
1.0,8,49
1.0,28,49
1.0,30,49
1.0,46,49
1.0,47,49
