1.0,0,4
1.0,1,5
1.0,0,10
1.0,1,10
1.0,7,11
1.0,1,13
1.0,7,13
1.0,0,14
1.0,2,14
1.0,9,15
1.0,12,15
1.0,14,16
1.0,3,17
1.0,8,17
1.0,12,17
1.0,6,18
1.0,7,18
1.0,9,18
1.0,3,19
1.0,8,19
1.0,3,20
1.0,3,21
1.0,6,21
1.0,7,22
1.0,21,22
1.0,0,23
1.0,9,23
1.0,10,23
1.0,21,23
1.0,2,24
1.0,3,24
1.0,6,24
1.0,15,25
1.0,20,25
1.0,11,26
1.0,14,26
1.0,22,26
1.0,5,27
1.0,8,27
1.0,23,27
1.0,4,28
1.0,20,28
1.0,2,29
1.0,28,29
1.0,16,30
1.0,26,30
1.0,6,31
1.0,25,31
1.0,28,31
1.0,30,31
1.0,5,32
1.0,13,32
1.0,21,32
1.0,1,33
1.0,5,33
1.0,6,33
1.0,19,33
1.0,22,33
1.0,18,34
1.0,20,34
1.0,32,34
1.0,0,35
1.0,11,35
1.0,13,35
1.0,8,36
1.0,11,36
1.0,30,36
1.0,16,37
1.0,22,37
1.0,32,37
1.0,4,38
1.0,10,38
1.0,25,38
1.0,27,38
1.0,37,38
1.0,12,39
1.0,16,39
1.0,19,39
1.0,24,39
1.0,26,39
1.0,11,40
1.0,12,40
1.0,35,40
1.0,36,40
1.0,4,41
1.0,17,41
1.0,28,41
1.0,29,41
1.0,1,42
1.0,9,42
1.0,15,42
1.0,34,42
1.0,41,42
1.0,7,43
1.0,13,43
1.0,14,43
1.0,24,43
1.0,4,44
1.0,5,44
1.0,8,44
1.0,29,44
1.0,15,45
1.0,20,45
1.0,29,45
1.0,35,45
1.0,44,45
1.0,10,46
1.0,12,46
1.0,40,46
1.0,43,46
1.0,2,47
1.0,25,47
1.0,30,47
1.0,36,47
1.0,37,47
1.0,16,48
1.0,17,48
1.0,18,48
1.0,31,48
1.0,46,48
1.0,2,49
1.0,9,49
1.0,19,49
1.0,27,49
1.0,34,49
