1.0,3,4
1.0,3,7
1.0,2,8
1.0,6,9
1.0,1,12
1.0,4,12
1.0,8,13
1.0,4,14
1.0,10,14
1.0,13,15
1.0,1,16
1.0,10,16
1.0,4,18
1.0,0,19
1.0,8,19
1.0,9,19
1.0,18,19
1.0,11,20
1.0,10,21
1.0,9,22
1.0,11,22
1.0,3,23
1.0,5,23
1.0,7,23
1.0,12,23
1.0,13,24
1.0,15,25
1.0,24,25
1.0,10,26
1.0,18,26
1.0,20,26
1.0,8,27
1.0,11,27
1.0,24,27
1.0,7,28
1.0,13,28
1.0,21,28
1.0,24,28
1.0,27,28
1.0,14,29
1.0,15,29
1.0,16,29
1.0,25,29
1.0,5,30
1.0,18,30
1.0,25,30
1.0,27,30
1.0,15,31
1.0,17,31
1.0,21,31
1.0,24,31
1.0,2,32
1.0,14,32
1.0,21,32
1.0,26,32
1.0,4,33
1.0,18,33
1.0,20,33
1.0,5,34
1.0,6,34
1.0,29,34
1.0,0,35
1.0,5,35
1.0,8,35
1.0,6,36
1.0,17,36
1.0,22,36
1.0,34,36
1.0,11,37
1.0,20,37
1.0,21,37
1.0,33,37
1.0,36,37
1.0,0,38
1.0,1,38
1.0,2,38
1.0,13,38
1.0,11,39
1.0,25,39
1.0,1,40
1.0,2,40
1.0,22,40
1.0,26,40
1.0,31,40
1.0,0,41
1.0,17,41
1.0,23,41
1.0,35,41
1.0,0,42
1.0,9,42
1.0,16,42
1.0,38,42
1.0,39,42
1.0,7,43
1.0,17,43
1.0,35,43
1.0,39,43
1.0,6,44
1.0,9,44
1.0,10,44
1.0,32,44
1.0,39,44
1.0,3,45
1.0,12,45
1.0,19,45
1.0,20,45
1.0,43,45
1.0,1,46
1.0,5,46
1.0,6,46
1.0,12,46
1.0,7,47
1.0,16,47
1.0,22,47
1.0,33,47
1.0,2,48
1.0,14,48
1.0,15,48
1.0,30,48
1.0,34,48
1.0,3,49
1.0,17,49
1.0,41,49
1.0,46,49
1.0,47,49
