1.0,3,6
1.0,4,7
1.0,5,7
1.0,4,9
1.0,0,10
1.0,7,10
1.0,2,11
1.0,3,11
1.0,12,13
1.0,6,14
1.0,13,14
1.0,10,15
1.0,0,16
1.0,2,16
1.0,9,17
1.0,12,17
1.0,13,17
1.0,8,18
1.0,16,18
1.0,17,18
1.0,18,19
1.0,8,20
1.0,12,20
1.0,8,21
1.0,9,21
1.0,19,21
1.0,15,22
1.0,5,23
1.0,13,23
1.0,22,23
1.0,0,24
1.0,19,24
1.0,15,25
1.0,19,25
1.0,3,26
1.0,9,26
1.0,25,26
1.0,1,27
1.0,5,27
1.0,14,27
1.0,25,28
1.0,3,29
1.0,6,29
1.0,18,29
1.0,24,29
1.0,1,30
1.0,2,30
1.0,27,30
1.0,28,30
1.0,3,31
1.0,23,31
1.0,2,32
1.0,22,32
1.0,7,33
1.0,24,33
1.0,28,33
1.0,29,33
1.0,8,34
1.0,22,34
1.0,31,34
1.0,4,35
1.0,7,35
1.0,11,35
1.0,20,35
1.0,32,35
1.0,1,36
1.0,13,36
1.0,32,36
1.0,0,37
1.0,25,37
1.0,34,37
1.0,10,38
1.0,15,38
1.0,19,38
1.0,4,39
1.0,5,39
1.0,17,39
1.0,27,39
1.0,32,39
1.0,1,40
1.0,15,40
1.0,21,40
1.0,24,40
1.0,28,40
1.0,16,41
1.0,22,41
1.0,28,41
1.0,0,42
1.0,9,42
1.0,12,42
1.0,16,42
1.0,31,42
1.0,4,43
1.0,14,43
1.0,21,43
1.0,37,43
1.0,11,44
1.0,14,44
1.0,20,44
1.0,36,44
1.0,41,44
1.0,1,45
1.0,2,45
1.0,8,45
1.0,34,45
1.0,6,46
1.0,12,46
1.0,23,46
1.0,26,46
1.0,37,46
1.0,10,47
1.0,20,47
1.0,30,47
1.0,33,47
1.0,36,47
1.0,5,48
1.0,6,48
1.0,31,48
1.0,38,48
1.0,41,48
1.0,11,49
1.0,26,49
1.0,38,49
1.0,43,49
1.0,45,49
