1.0,2,3
1.0,0,5
1.0,4,5
1.0,3,6
1.0,0,9
1.0,3,10
1.0,1,14
1.0,4,15
1.0,8,16
1.0,9,16
1.0,7,17
1.0,13,17
1.0,16,17
1.0,4,18
1.0,7,19
1.0,8,19
1.0,13,19
1.0,18,19
1.0,8,20
1.0,15,20
1.0,16,20
1.0,1,21
1.0,6,21
1.0,10,21
1.0,1,22
1.0,18,22
1.0,7,23
1.0,9,23
1.0,10,23
1.0,16,23
1.0,0,24
1.0,4,24
1.0,10,24
1.0,2,25
1.0,5,25
1.0,15,25
1.0,12,26
1.0,22,27
1.0,25,27
1.0,6,28
1.0,11,28
1.0,24,28
1.0,8,29
1.0,14,29
1.0,26,29
1.0,21,30
1.0,4,31
1.0,14,31
1.0,20,31
1.0,5,32
1.0,12,32
1.0,29,32
1.0,27,33
1.0,30,33
1.0,0,34
1.0,25,34
1.0,30,34
1.0,6,35
1.0,11,35
1.0,12,35
1.0,17,35
1.0,20,36
1.0,33,36
1.0,34,36
1.0,2,37
1.0,13,37
1.0,26,37
1.0,28,37
1.0,2,38
1.0,12,38
1.0,14,38
1.0,17,38
1.0,22,38
1.0,27,39
1.0,30,39
1.0,34,39
1.0,35,39
1.0,36,39
1.0,3,40
1.0,7,40
1.0,32,40
1.0,36,40
1.0,2,41
1.0,9,41
1.0,19,41
1.0,26,41
1.0,29,41
1.0,8,42
1.0,12,42
1.0,21,42
1.0,31,42
1.0,40,42
1.0,5,43
1.0,11,43
1.0,23,43
1.0,28,43
1.0,1,44
1.0,3,44
1.0,9,44
1.0,14,44
1.0,24,44
1.0,11,45
1.0,27,45
1.0,30,45
1.0,33,45
1.0,0,46
1.0,1,46
1.0,6,46
1.0,13,46
1.0,32,46
1.0,15,47
1.0,26,47
1.0,31,47
1.0,33,47
1.0,43,47
1.0,7,48
1.0,11,48
1.0,13,48
1.0,18,48
1.0,45,48
1.0,10,49
1.0,15,49
1.0,18,49
1.0,22,49
1.0,37,49
