1.0,4,8
1.0,2,9
1.0,7,9
1.0,3,10
1.0,4,10
1.0,2,12
1.0,5,13
1.0,6,13
1.0,7,13
1.0,9,13
1.0,10,14
1.0,12,16
1.0,11,17
1.0,2,18
1.0,6,18
1.0,14,18
1.0,16,18
1.0,0,19
1.0,16,20
1.0,1,21
1.0,4,21
1.0,16,21
1.0,2,22
1.0,3,22
1.0,6,22
1.0,15,22
1.0,1,23
1.0,9,23
1.0,17,23
1.0,19,24
1.0,20,24
1.0,0,25
1.0,1,25
1.0,15,25
1.0,19,26
1.0,21,26
1.0,0,27
1.0,17,27
1.0,4,28
1.0,11,28
1.0,14,28
1.0,20,28
1.0,3,29
1.0,8,29
1.0,16,29
1.0,27,29
1.0,5,30
1.0,21,30
1.0,24,30
1.0,15,31
1.0,26,31
1.0,3,32
1.0,7,32
1.0,1,33
1.0,8,33
1.0,32,33
1.0,5,34
1.0,27,34
1.0,23,35
1.0,24,35
1.0,25,35
1.0,33,35
1.0,7,36
1.0,22,36
1.0,23,36
1.0,0,37
1.0,2,37
1.0,8,37
1.0,24,37
1.0,17,38
1.0,32,38
1.0,34,38
1.0,35,38
1.0,8,39
1.0,19,39
1.0,20,39
1.0,34,39
1.0,0,40
1.0,3,40
1.0,18,40
1.0,29,40
1.0,30,40
1.0,11,41
1.0,14,41
1.0,25,41
1.0,30,41
1.0,36,41
1.0,10,42
1.0,11,42
1.0,12,42
1.0,33,42
1.0,39,42
1.0,6,43
1.0,9,43
1.0,14,43
1.0,31,43
1.0,32,43
1.0,4,44
1.0,5,44
1.0,17,44
1.0,27,44
1.0,34,44
1.0,10,45
1.0,12,45
1.0,19,45
1.0,26,45
1.0,36,45
1.0,5,46
1.0,15,46
1.0,31,46
1.0,38,46
1.0,6,47
1.0,7,47
1.0,15,47
1.0,26,47
1.0,1,48
1.0,11,48
1.0,13,48
1.0,37,48
1.0,47,48
1.0,12,49
1.0,20,49
1.0,28,49
1.0,31,49
1.0,46,49
