1.0,4,5
1.0,6,8
1.0,4,9
1.0,1,10
1.0,4,10
1.0,9,10
1.0,8,11
1.0,0,12
1.0,5,12
1.0,3,13
1.0,12,15
1.0,6,16
1.0,7,17
1.0,8,17
1.0,15,17
1.0,4,18
1.0,13,19
1.0,14,19
1.0,2,20
1.0,4,20
1.0,5,20
1.0,7,20
1.0,17,21
1.0,18,21
1.0,16,22
1.0,15,23
1.0,19,23
1.0,1,24
1.0,5,24
1.0,13,24
1.0,19,24
1.0,14,25
1.0,23,25
1.0,6,26
1.0,16,26
1.0,22,26
1.0,12,27
1.0,0,28
1.0,6,28
1.0,27,28
1.0,1,29
1.0,7,29
1.0,21,29
1.0,23,29
1.0,0,30
1.0,3,30
1.0,15,30
1.0,24,30
1.0,11,31
1.0,18,31
1.0,21,31
1.0,1,32
1.0,3,32
1.0,10,32
1.0,22,32
1.0,0,33
1.0,11,33
1.0,26,33
1.0,8,34
1.0,23,34
1.0,25,34
1.0,7,35
1.0,22,35
1.0,25,35
1.0,0,36
1.0,9,36
1.0,12,36
1.0,14,36
1.0,32,36
1.0,6,37
1.0,14,37
1.0,21,37
1.0,34,37
1.0,3,38
1.0,16,38
1.0,20,38
1.0,37,38
1.0,13,39
1.0,8,40
1.0,26,40
1.0,27,40
1.0,35,40
1.0,39,40
1.0,2,41
1.0,14,41
1.0,16,41
1.0,27,41
1.0,31,41
1.0,2,42
1.0,5,42
1.0,7,42
1.0,11,42
1.0,13,43
1.0,18,43
1.0,27,43
1.0,31,43
1.0,3,44
1.0,15,44
1.0,25,44
1.0,39,44
1.0,2,45
1.0,17,45
1.0,28,45
1.0,30,45
1.0,39,45
1.0,2,46
1.0,9,46
1.0,28,46
1.0,33,46
1.0,43,46
1.0,1,47
1.0,9,47
1.0,33,47
1.0,35,47
1.0,38,47
1.0,19,48
1.0,34,48
1.0,39,48
1.0,42,48
1.0,44,48
1.0,10,49
1.0,11,49
1.0,18,49
1.0,22,49
1.0,29,49
