1.0,1,2
1.0,0,3
1.0,4,9
1.0,1,12
1.0,5,13
1.0,3,14
1.0,13,14
1.0,0,15
1.0,4,15
1.0,2,17
1.0,0,18
1.0,5,18
1.0,8,18
1.0,11,19
1.0,13,19
1.0,4,20
1.0,16,20
1.0,18,20
1.0,3,21
1.0,9,21
1.0,12,21
1.0,5,22
1.0,7,22
1.0,14,22
1.0,22,23
1.0,2,24
1.0,6,24
1.0,3,25
1.0,9,25
1.0,16,25
1.0,14,26
1.0,15,26
1.0,17,26
1.0,21,26
1.0,10,27
1.0,19,27
1.0,22,27
1.0,23,27
1.0,25,28
1.0,6,29
1.0,17,29
1.0,28,29
1.0,11,30
1.0,15,30
1.0,20,30
1.0,6,31
1.0,12,31
1.0,19,31
1.0,21,31
1.0,27,31
1.0,16,32
1.0,10,33
1.0,25,33
1.0,6,34
1.0,13,34
1.0,29,34
1.0,33,34
1.0,9,35
1.0,23,35
1.0,28,35
1.0,1,36
1.0,7,36
1.0,10,36
1.0,12,36
1.0,0,37
1.0,11,37
1.0,32,37
1.0,12,38
1.0,23,38
1.0,24,38
1.0,33,38
1.0,35,38
1.0,3,39
1.0,4,39
1.0,8,39
1.0,13,39
1.0,32,39
1.0,10,40
1.0,16,40
1.0,24,40
1.0,29,40
1.0,4,41
1.0,26,41
1.0,28,41
1.0,32,41
1.0,0,42
1.0,8,42
1.0,17,42
1.0,33,42
1.0,37,42
1.0,2,43
1.0,14,43
1.0,19,43
1.0,28,43
1.0,35,43
1.0,7,44
1.0,8,44
1.0,15,44
1.0,23,44
1.0,32,44
1.0,7,45
1.0,20,45
1.0,24,45
1.0,30,45
1.0,34,45
1.0,8,46
1.0,30,46
1.0,37,46
1.0,40,46
1.0,41,46
1.0,6,47
1.0,7,47
1.0,10,47
1.0,11,47
1.0,18,47
1.0,1,48
1.0,2,48
1.0,5,48
1.0,9,48
1.0,17,48
1.0,1,49
1.0,5,49
1.0,11,49
1.0,16,49
1.0,36,49
