1.0,2,3
1.0,0,4
1.0,2,4
1.0,3,7
1.0,1,8
1.0,4,8
1.0,6,8
1.0,8,9
1.0,1,10
1.0,9,10
1.0,0,11
1.0,3,12
1.0,3,13
1.0,6,13
1.0,1,15
1.0,14,15
1.0,1,16
1.0,6,16
1.0,12,17
1.0,13,17
1.0,7,18
1.0,0,19
1.0,2,19
1.0,16,19
1.0,16,20
1.0,1,21
1.0,2,21
1.0,20,21
1.0,14,22
1.0,5,23
1.0,13,23
1.0,8,24
1.0,22,24
1.0,5,25
1.0,13,25
1.0,16,25
1.0,21,25
1.0,15,26
1.0,20,26
1.0,15,27
1.0,17,27
1.0,10,28
1.0,20,28
1.0,6,29
1.0,12,29
1.0,27,29
1.0,0,30
1.0,14,30
1.0,26,30
1.0,18,31
1.0,19,31
1.0,23,31
1.0,28,31
1.0,30,31
1.0,5,32
1.0,9,32
1.0,14,32
1.0,17,32
1.0,4,33
1.0,19,33
1.0,20,33
1.0,10,34
1.0,26,34
1.0,7,35
1.0,11,35
1.0,23,35
1.0,28,35
1.0,7,36
1.0,24,36
1.0,29,36
1.0,35,36
1.0,7,37
1.0,11,37
1.0,14,37
1.0,17,38
1.0,28,38
1.0,9,39
1.0,18,39
1.0,26,39
1.0,30,39
1.0,5,40
1.0,22,40
1.0,29,40
1.0,34,40
1.0,23,41
1.0,24,41
1.0,33,41
1.0,34,41
1.0,38,41
1.0,0,42
1.0,12,42
1.0,22,42
1.0,37,42
1.0,9,43
1.0,32,43
1.0,38,43
1.0,39,43
1.0,10,44
1.0,22,44
1.0,27,44
1.0,36,44
1.0,42,44
1.0,18,45
1.0,25,45
1.0,27,45
1.0,37,45
1.0,21,46
1.0,24,46
1.0,40,46
1.0,45,46
1.0,2,47
1.0,4,47
1.0,5,47
1.0,15,47
1.0,34,47
1.0,11,48
1.0,18,48
1.0,33,48
1.0,38,48
1.0,46,48
1.0,3,49
1.0,6,49
1.0,11,49
1.0,12,49
1.0,43,49
