1.0,0,3
1.0,4,5
1.0,0,6
1.0,3,6
1.0,1,7
1.0,6,11
1.0,9,12
1.0,5,13
1.0,6,14
1.0,10,15
1.0,2,16
1.0,13,16
1.0,3,17
1.0,5,17
1.0,7,17
1.0,16,17
1.0,10,18
1.0,15,18
1.0,8,19
1.0,2,20
1.0,8,21
1.0,13,22
1.0,19,22
1.0,4,23
1.0,9,23
1.0,12,23
1.0,20,23
1.0,8,24
1.0,22,24
1.0,7,25
1.0,16,25
1.0,15,26
1.0,15,27
1.0,21,27
1.0,2,28
1.0,5,28
1.0,13,28
1.0,22,28
1.0,0,29
1.0,1,29
1.0,18,29
1.0,19,30
1.0,24,30
1.0,25,30
1.0,10,31
1.0,14,31
1.0,16,31
1.0,23,31
1.0,9,32
1.0,11,32
1.0,10,33
1.0,11,33
1.0,24,33
1.0,26,33
1.0,5,34
1.0,21,34
1.0,27,34
1.0,6,35
1.0,8,35
1.0,12,35
1.0,20,35
1.0,18,36
1.0,26,36
1.0,27,36
1.0,30,36
1.0,34,36
1.0,3,37
1.0,12,37
1.0,22,37
1.0,28,37
1.0,14,38
1.0,19,38
1.0,21,38
1.0,30,38
1.0,0,39
1.0,17,39
1.0,29,39
1.0,38,39
1.0,0,40
1.0,1,40
1.0,7,40
1.0,14,40
1.0,29,40
1.0,1,41
1.0,8,41
1.0,18,41
1.0,33,41
1.0,1,42
1.0,11,42
1.0,15,42
1.0,24,42
1.0,34,42
1.0,2,43
1.0,4,43
1.0,25,43
1.0,26,43
1.0,32,43
1.0,4,44
1.0,19,44
1.0,32,44
1.0,39,44
1.0,7,45
1.0,9,45
1.0,14,45
1.0,27,45
1.0,41,45
1.0,11,46
1.0,25,46
1.0,31,46
1.0,32,46
1.0,2,47
1.0,10,47
1.0,13,47
1.0,37,47
1.0,46,47
1.0,3,48
1.0,9,48
1.0,20,48
1.0,21,48
1.0,26,48
1.0,4,49
1.0,12,49
1.0,20,49
1.0,35,49
1.0,44,49
