1.0,1,4
1.0,3,6
1.0,3,7
1.0,5,8
1.0,5,9
1.0,7,9
1.0,4,11
1.0,7,11
1.0,1,12
1.0,12,13
1.0,2,14
1.0,3,15
1.0,10,15
1.0,11,15
1.0,13,15
1.0,10,16
1.0,6,17
1.0,16,17
1.0,4,18
1.0,17,18
1.0,3,19
1.0,0,20
1.0,6,20
1.0,19,20
1.0,3,21
1.0,13,22
1.0,18,22
1.0,5,23
1.0,12,23
1.0,9,24
1.0,14,24
1.0,18,24
1.0,2,25
1.0,8,26
1.0,16,26
1.0,22,26
1.0,9,27
1.0,15,27
1.0,17,27
1.0,22,27
1.0,0,28
1.0,11,28
1.0,18,28
1.0,19,28
1.0,8,29
1.0,26,29
1.0,19,30
1.0,22,30
1.0,0,31
1.0,0,32
1.0,10,32
1.0,12,32
1.0,20,32
1.0,24,32
1.0,1,33
1.0,11,33
1.0,25,33
1.0,30,33
1.0,14,34
1.0,28,34
1.0,29,34
1.0,30,34
1.0,9,35
1.0,31,35
1.0,4,36
1.0,7,36
1.0,10,36
1.0,23,36
1.0,6,37
1.0,24,37
1.0,25,37
1.0,27,37
1.0,1,38
1.0,10,38
1.0,12,38
1.0,14,38
1.0,36,38
1.0,2,39
1.0,20,39
1.0,16,40
1.0,21,40
1.0,31,40
1.0,33,40
1.0,35,40
1.0,0,41
1.0,5,41
1.0,19,41
1.0,23,41
1.0,1,42
1.0,4,42
1.0,25,42
1.0,37,42
1.0,39,42
1.0,13,43
1.0,26,43
1.0,31,43
1.0,39,43
1.0,7,44
1.0,16,44
1.0,21,44
1.0,29,44
1.0,6,45
1.0,8,45
1.0,21,45
1.0,35,45
1.0,43,45
1.0,14,46
1.0,34,46
1.0,39,46
1.0,44,46
1.0,17,47
1.0,21,47
1.0,25,47
1.0,41,47
1.0,46,47
1.0,2,48
1.0,5,48
1.0,13,48
1.0,30,48
1.0,31,48
1.0,2,49
1.0,8,49
1.0,23,49
1.0,29,49
1.0,35,49
