1.0,2,4
1.0,0,7
1.0,5,7
1.0,7,8
1.0,4,9
1.0,7,9
1.0,5,10
1.0,5,11
1.0,8,12
1.0,0,13
1.0,4,13
1.0,4,14
1.0,10,14
1.0,5,15
1.0,13,15
1.0,14,15
1.0,11,16
1.0,1,18
1.0,12,18
1.0,5,19
1.0,17,19
1.0,8,20
1.0,6,21
1.0,14,21
1.0,17,21
1.0,20,22
1.0,18,23
1.0,22,23
1.0,12,24
1.0,10,25
1.0,22,25
1.0,6,26
1.0,11,26
1.0,21,26
1.0,12,27
1.0,16,27
1.0,23,27
1.0,1,28
1.0,2,28
1.0,23,28
1.0,9,29
1.0,10,29
1.0,27,29
1.0,9,30
1.0,16,30
1.0,25,30
1.0,3,31
1.0,10,31
1.0,14,31
1.0,26,31
1.0,30,31
1.0,1,32
1.0,6,32
1.0,26,32
1.0,3,33
1.0,21,33
1.0,19,34
1.0,30,34
1.0,32,34
1.0,33,34
1.0,1,35
1.0,2,35
1.0,8,35
1.0,16,35
1.0,24,35
1.0,2,36
1.0,3,36
1.0,6,36
1.0,19,36
1.0,0,37
1.0,12,37
1.0,17,37
1.0,18,37
1.0,1,38
1.0,16,38
1.0,27,38
1.0,28,38
1.0,9,39
1.0,20,39
1.0,29,39
1.0,32,39
1.0,2,40
1.0,13,40
1.0,15,40
1.0,0,41
1.0,23,41
1.0,36,41
1.0,37,41
1.0,38,41
1.0,15,42
1.0,17,42
1.0,24,42
1.0,40,42
1.0,18,43
1.0,20,43
1.0,28,43
1.0,40,43
1.0,0,44
1.0,3,44
1.0,11,44
1.0,22,44
1.0,3,45
1.0,8,45
1.0,20,45
1.0,24,45
1.0,43,45
1.0,19,46
1.0,25,46
1.0,33,46
1.0,34,46
1.0,39,46
1.0,6,47
1.0,13,47
1.0,17,47
1.0,25,47
1.0,7,48
1.0,11,48
1.0,29,48
1.0,42,48
1.0,44,48
1.0,4,49
1.0,22,49
1.0,24,49
1.0,33,49
1.0,47,49
