1.0,3,4
1.0,2,7
1.0,4,9
1.0,6,10
1.0,3,11
1.0,4,11
1.0,6,11
1.0,1,12
1.0,5,12
1.0,1,13
1.0,5,13
1.0,8,13
1.0,9,13
1.0,1,14
1.0,10,14
1.0,12,14
1.0,6,16
1.0,7,17
1.0,8,17
1.0,1,18
1.0,7,18
1.0,14,18
1.0,12,19
1.0,16,19
1.0,18,19
1.0,2,20
1.0,10,20
1.0,13,20
1.0,0,21
1.0,11,21
1.0,3,22
1.0,6,22
1.0,14,22
1.0,19,22
1.0,4,23
1.0,0,24
1.0,15,24
1.0,16,24
1.0,3,26
1.0,21,26
1.0,25,26
1.0,2,27
1.0,12,27
1.0,17,27
1.0,26,27
1.0,8,28
1.0,21,28
1.0,2,29
1.0,25,29
1.0,7,30
1.0,8,30
1.0,28,30
1.0,23,31
1.0,25,31
1.0,0,32
1.0,4,32
1.0,5,32
1.0,1,33
1.0,20,33
1.0,21,33
1.0,26,33
1.0,10,34
1.0,15,34
1.0,16,34
1.0,29,34
1.0,10,35
1.0,19,35
1.0,28,35
1.0,32,35
1.0,0,36
1.0,15,36
1.0,29,36
1.0,9,37
1.0,22,37
1.0,25,37
1.0,30,37
1.0,24,38
1.0,29,38
1.0,31,38
1.0,6,39
1.0,9,39
1.0,32,39
1.0,38,39
1.0,8,40
1.0,17,40
1.0,31,40
1.0,0,41
1.0,25,41
1.0,28,41
1.0,35,41
1.0,17,42
1.0,38,42
1.0,41,42
1.0,15,43
1.0,23,43
1.0,33,43
1.0,36,43
1.0,2,44
1.0,5,44
1.0,20,44
1.0,27,44
1.0,40,44
1.0,7,45
1.0,23,45
1.0,24,45
1.0,39,45
1.0,11,46
1.0,34,46
1.0,40,46
1.0,42,46
1.0,15,47
1.0,23,47
1.0,36,47
1.0,37,47
1.0,42,47
1.0,5,48
1.0,30,48
1.0,43,48
1.0,45,48
1.0,46,48
1.0,3,49
1.0,9,49
1.0,16,49
1.0,18,49
1.0,31,49
