1.0,0,3
1.0,0,5
1.0,4,6
1.0,6,7
1.0,5,8
1.0,2,10
1.0,3,10
1.0,2,12
1.0,6,13
1.0,12,13
1.0,10,14
1.0,1,15
1.0,10,15
1.0,9,16
1.0,14,17
1.0,3,18
1.0,4,18
1.0,17,18
1.0,7,19
1.0,9,19
1.0,11,19
1.0,16,20
1.0,19,20
1.0,12,21
1.0,20,21
1.0,5,22
1.0,15,23
1.0,18,23
1.0,0,24
1.0,8,25
1.0,11,25
1.0,19,25
1.0,23,25
1.0,4,26
1.0,8,26
1.0,9,26
1.0,21,26
1.0,24,27
1.0,25,27
1.0,16,28
1.0,20,28
1.0,1,29
1.0,4,29
1.0,27,29
1.0,2,30
1.0,13,30
1.0,28,30
1.0,6,31
1.0,27,31
1.0,29,31
1.0,5,32
1.0,17,32
1.0,31,32
1.0,6,33
1.0,11,33
1.0,12,33
1.0,14,33
1.0,22,33
1.0,0,34
1.0,20,34
1.0,21,34
1.0,22,34
1.0,7,35
1.0,8,35
1.0,28,35
1.0,3,36
1.0,27,37
1.0,35,37
1.0,36,37
1.0,2,38
1.0,10,38
1.0,21,38
1.0,36,38
1.0,18,39
1.0,22,39
1.0,24,39
1.0,26,39
1.0,36,39
1.0,1,40
1.0,11,40
1.0,13,40
1.0,28,40
1.0,29,41
1.0,32,41
1.0,38,41
1.0,4,42
1.0,17,42
1.0,30,42
1.0,31,42
1.0,41,42
1.0,1,43
1.0,14,43
1.0,22,43
1.0,23,43
1.0,37,43
1.0,3,44
1.0,7,44
1.0,12,44
1.0,16,44
1.0,30,44
1.0,5,45
1.0,13,45
1.0,15,45
1.0,37,45
1.0,40,45
1.0,1,46
1.0,16,46
1.0,32,46
1.0,36,46
1.0,41,46
1.0,2,47
1.0,7,47
1.0,14,47
1.0,23,47
1.0,34,47
1.0,0,48
1.0,8,48
1.0,9,48
1.0,11,48
1.0,24,48
1.0,9,49
1.0,15,49
1.0,17,49
1.0,24,49
1.0,35,49
