1.0,0,6
1.0,1,6
1.0,5,7
1.0,1,9
1.0,3,9
1.0,8,9
1.0,2,11
1.0,11,12
1.0,4,14
1.0,6,14
1.0,8,14
1.0,3,15
1.0,8,15
1.0,15,16
1.0,0,17
1.0,9,17
1.0,11,17
1.0,0,18
1.0,1,18
1.0,10,18
1.0,16,19
1.0,7,20
1.0,15,21
1.0,20,21
1.0,1,22
1.0,10,22
1.0,17,22
1.0,13,23
1.0,21,23
1.0,22,23
1.0,4,24
1.0,12,24
1.0,1,25
1.0,7,25
1.0,8,25
1.0,16,25
1.0,7,26
1.0,26,27
1.0,7,28
1.0,12,28
1.0,18,28
1.0,5,29
1.0,6,29
1.0,21,29
1.0,26,29
1.0,15,30
1.0,26,30
1.0,5,31
1.0,10,31
1.0,29,31
1.0,4,32
1.0,14,32
1.0,18,32
1.0,27,32
1.0,30,32
1.0,13,33
1.0,16,33
1.0,19,33
1.0,0,34
1.0,3,34
1.0,19,34
1.0,26,34
1.0,27,35
1.0,31,35
1.0,28,36
1.0,31,36
1.0,5,37
1.0,17,37
1.0,20,37
1.0,33,37
1.0,4,38
1.0,10,38
1.0,13,38
1.0,11,39
1.0,12,39
1.0,14,39
1.0,20,39
1.0,35,39
1.0,2,40
1.0,27,40
1.0,36,40
1.0,37,40
1.0,38,40
1.0,11,41
1.0,22,41
1.0,28,41
1.0,35,41
1.0,3,42
1.0,5,42
1.0,16,42
1.0,21,42
1.0,24,42
1.0,4,43
1.0,8,43
1.0,30,43
1.0,33,43
1.0,35,43
1.0,30,44
1.0,36,44
1.0,38,44
1.0,2,45
1.0,9,45
1.0,13,45
1.0,34,45
1.0,44,45
1.0,6,46
1.0,12,46
1.0,20,46
1.0,23,46
1.0,24,46
1.0,13,47
1.0,27,47
1.0,36,47
1.0,41,47
1.0,44,47
1.0,2,48
1.0,3,48
1.0,10,48
1.0,19,48
1.0,24,48
1.0,0,49
1.0,2,49
1.0,19,49
1.0,23,49
1.0,25,49
