1.0,0,4
1.0,2,4
1.0,3,6
1.0,3,7
1.0,0,9
1.0,0,11
1.0,10,11
1.0,4,12
1.0,7,12
1.0,2,13
1.0,4,13
1.0,5,14
1.0,8,14
1.0,13,14
1.0,0,15
1.0,13,15
1.0,9,18
1.0,3,19
1.0,8,19
1.0,14,19
1.0,7,20
1.0,5,21
1.0,6,21
1.0,15,21
1.0,16,22
1.0,21,22
1.0,1,23
1.0,8,23
1.0,7,25
1.0,20,25
1.0,23,25
1.0,1,26
1.0,13,26
1.0,19,26
1.0,24,26
1.0,3,27
1.0,9,27
1.0,10,27
1.0,12,27
1.0,24,27
1.0,18,28
1.0,20,28
1.0,17,29
1.0,7,30
1.0,9,30
1.0,15,30
1.0,1,31
1.0,5,31
1.0,0,32
1.0,2,32
1.0,29,32
1.0,2,33
1.0,8,33
1.0,28,33
1.0,32,33
1.0,5,34
1.0,6,34
1.0,12,34
1.0,16,34
1.0,19,34
1.0,6,35
1.0,18,35
1.0,24,35
1.0,28,35
1.0,30,35
1.0,2,36
1.0,17,36
1.0,29,36
1.0,31,36
1.0,33,36
1.0,15,37
1.0,22,37
1.0,23,37
1.0,14,38
1.0,21,38
1.0,25,38
1.0,28,38
1.0,10,39
1.0,12,39
1.0,17,39
1.0,10,40
1.0,11,40
1.0,20,40
1.0,5,41
1.0,10,41
1.0,17,41
1.0,18,41
1.0,29,41
1.0,1,42
1.0,9,42
1.0,16,42
1.0,32,42
1.0,39,42
1.0,20,43
1.0,24,43
1.0,31,43
1.0,39,43
1.0,6,44
1.0,11,44
1.0,24,44
1.0,1,45
1.0,22,45
1.0,37,45
1.0,43,45
1.0,44,45
1.0,11,46
1.0,16,46
1.0,37,46
1.0,40,46
1.0,44,46
1.0,3,47
1.0,16,47
1.0,22,47
1.0,23,47
1.0,25,47
1.0,8,48
1.0,26,48
1.0,29,48
1.0,31,48
1.0,38,48
1.0,4,49
1.0,17,49
1.0,18,49
1.0,30,49
1.0,40,49
