1.0,3,5
1.0,4,5
1.0,0,7
1.0,5,7
1.0,6,8
1.0,0,10
1.0,1,10
1.0,8,10
1.0,3,11
1.0,8,12
1.0,11,12
1.0,3,13
1.0,4,15
1.0,6,15
1.0,2,16
1.0,6,16
1.0,7,16
1.0,9,17
1.0,11,17
1.0,10,18
1.0,13,19
1.0,9,21
1.0,18,21
1.0,0,22
1.0,4,23
1.0,7,23
1.0,8,23
1.0,13,24
1.0,21,24
1.0,5,25
1.0,12,25
1.0,14,25
1.0,19,25
1.0,23,25
1.0,12,26
1.0,22,26
1.0,2,27
1.0,1,28
1.0,3,28
1.0,0,29
1.0,2,29
1.0,9,29
1.0,11,29
1.0,2,30
1.0,19,30
1.0,22,30
1.0,3,31
1.0,19,31
1.0,20,31
1.0,24,31
1.0,1,32
1.0,4,32
1.0,20,32
1.0,27,32
1.0,6,33
1.0,18,33
1.0,27,33
1.0,8,34
1.0,11,34
1.0,22,34
1.0,27,34
1.0,28,34
1.0,14,35
1.0,15,35
1.0,16,35
1.0,18,35
1.0,33,35
1.0,4,36
1.0,9,36
1.0,10,36
1.0,28,36
1.0,32,36
1.0,17,37
1.0,6,38
1.0,17,38
1.0,21,38
1.0,37,38
1.0,1,39
1.0,14,39
1.0,26,39
1.0,37,39
1.0,2,40
1.0,9,40
1.0,17,40
1.0,26,40
1.0,1,41
1.0,14,41
1.0,20,41
1.0,22,41
1.0,31,41
1.0,14,42
1.0,20,42
1.0,24,42
1.0,37,42
1.0,40,42
1.0,7,43
1.0,19,43
1.0,20,43
1.0,13,44
1.0,18,44
1.0,29,44
1.0,30,44
1.0,0,45
1.0,28,45
1.0,30,45
1.0,44,45
1.0,13,46
1.0,15,46
1.0,23,46
1.0,33,46
1.0,38,46
1.0,12,47
1.0,21,47
1.0,27,47
1.0,45,47
1.0,5,48
1.0,16,48
1.0,39,48
1.0,43,48
1.0,47,48
1.0,15,49
1.0,24,49
1.0,26,49
1.0,37,49
1.0,43,49
