1.0,1,3
1.0,3,4
1.0,1,5
1.0,3,7
1.0,1,8
1.0,0,10
1.0,2,10
1.0,9,11
1.0,10,11
1.0,9,12
1.0,6,13
1.0,4,14
1.0,4,15
1.0,8,15
1.0,14,16
1.0,5,17
1.0,4,18
1.0,7,18
1.0,14,18
1.0,17,18
1.0,17,19
1.0,4,20
1.0,5,20
1.0,11,20
1.0,13,20
1.0,6,21
1.0,13,21
1.0,14,21
1.0,2,22
1.0,5,22
1.0,22,23
1.0,3,24
1.0,10,24
1.0,2,25
1.0,12,25
1.0,16,25
1.0,24,25
1.0,0,26
1.0,1,26
1.0,22,26
1.0,0,27
1.0,6,27
1.0,16,27
1.0,19,27
1.0,1,28
1.0,23,28
1.0,9,29
1.0,12,29
1.0,19,29
1.0,26,29
1.0,8,30
1.0,17,30
1.0,30,31
1.0,5,32
1.0,8,32
1.0,12,33
1.0,24,33
1.0,28,33
1.0,11,34
1.0,13,34
1.0,30,34
1.0,16,35
1.0,18,35
1.0,31,35
1.0,6,36
1.0,17,36
1.0,33,36
1.0,35,36
1.0,7,37
1.0,9,37
1.0,11,37
1.0,28,37
1.0,32,37
1.0,16,38
1.0,19,38
1.0,21,38
1.0,23,38
1.0,34,38
1.0,0,39
1.0,6,39
1.0,20,39
1.0,31,39
1.0,9,40
1.0,13,40
1.0,29,40
1.0,32,40
1.0,12,41
1.0,23,41
1.0,27,41
1.0,30,41
1.0,8,42
1.0,15,42
1.0,3,43
1.0,14,43
1.0,25,43
1.0,26,43
1.0,42,43
1.0,2,44
1.0,24,44
1.0,32,44
1.0,35,44
1.0,7,45
1.0,31,45
1.0,34,45
1.0,42,45
1.0,44,45
1.0,15,46
1.0,21,46
1.0,31,46
1.0,39,46
1.0,41,46
1.0,2,47
1.0,15,47
1.0,23,47
1.0,42,47
1.0,7,48
1.0,10,48
1.0,28,48
1.0,33,48
1.0,47,48
1.0,0,49
1.0,19,49
1.0,22,49
1.0,36,49
1.0,40,49
