1.0,0,1
1.0,0,4
1.0,1,5
1.0,3,5
1.0,2,8
1.0,5,10
1.0,7,11
1.0,0,12
1.0,6,13
1.0,9,13
1.0,7,14
1.0,8,14
1.0,0,15
1.0,2,16
1.0,12,16
1.0,2,17
1.0,4,17
1.0,13,19
1.0,11,20
1.0,12,20
1.0,3,21
1.0,15,21
1.0,10,22
1.0,18,22
1.0,12,23
1.0,21,23
1.0,9,24
1.0,10,24
1.0,14,24
1.0,6,25
1.0,19,25
1.0,20,25
1.0,1,26
1.0,2,26
1.0,23,26
1.0,1,27
1.0,4,27
1.0,15,27
1.0,1,28
1.0,18,28
1.0,19,28
1.0,3,29
1.0,2,30
1.0,13,30
1.0,18,30
1.0,24,30
1.0,3,31
1.0,7,31
1.0,16,31
1.0,24,31
1.0,7,32
1.0,15,32
1.0,17,32
1.0,11,33
1.0,7,34
1.0,22,34
1.0,25,34
1.0,29,34
1.0,32,34
1.0,4,35
1.0,19,35
1.0,27,35
1.0,11,36
1.0,18,36
1.0,22,36
1.0,23,36
1.0,29,36
1.0,10,37
1.0,14,37
1.0,31,37
1.0,33,37
1.0,35,37
1.0,8,38
1.0,12,38
1.0,33,38
1.0,3,39
1.0,8,39
1.0,26,39
1.0,27,39
1.0,38,39
1.0,4,40
1.0,5,40
1.0,15,40
1.0,29,40
1.0,20,41
1.0,21,41
1.0,26,41
1.0,28,41
1.0,6,42
1.0,9,42
1.0,10,42
1.0,23,42
1.0,33,42
1.0,6,43
1.0,8,43
1.0,9,43
1.0,19,43
1.0,28,43
1.0,13,44
1.0,16,44
1.0,21,44
1.0,41,44
1.0,9,45
1.0,18,45
1.0,30,45
1.0,38,45
1.0,14,46
1.0,16,46
1.0,17,46
1.0,22,46
1.0,44,46
1.0,20,47
1.0,25,47
1.0,29,47
1.0,35,47
1.0,45,47
1.0,0,48
1.0,6,48
1.0,32,48
1.0,40,48
1.0,5,49
1.0,11,49
1.0,17,49
1.0,33,49
1.0,48,49
