1.0,3,4
1.0,3,8
1.0,7,9
1.0,3,10
1.0,2,13
1.0,7,13
1.0,11,14
1.0,12,14
1.0,5,15
1.0,8,15
1.0,10,15
1.0,2,16
1.0,3,16
1.0,5,16
1.0,12,16
1.0,2,17
1.0,4,17
1.0,10,17
1.0,9,18
1.0,10,18
1.0,12,18
1.0,1,19
1.0,13,20
1.0,9,22
1.0,19,22
1.0,21,22
1.0,8,23
1.0,0,24
1.0,9,24
1.0,15,25
1.0,21,25
1.0,22,25
1.0,4,26
1.0,23,26
1.0,3,27
1.0,6,27
1.0,12,27
1.0,20,27
1.0,5,28
1.0,16,28
1.0,20,28
1.0,11,29
1.0,21,29
1.0,26,29
1.0,6,30
1.0,9,30
1.0,1,31
1.0,11,31
1.0,13,32
1.0,18,32
1.0,28,32
1.0,7,33
1.0,14,33
1.0,23,33
1.0,26,33
1.0,30,33
1.0,0,34
1.0,5,34
1.0,13,34
1.0,20,34
1.0,23,34
1.0,2,35
1.0,10,35
1.0,24,35
1.0,29,35
1.0,31,35
1.0,11,36
1.0,15,36
1.0,19,36
1.0,31,36
1.0,0,37
1.0,1,37
1.0,26,37
1.0,6,38
1.0,17,38
1.0,19,38
1.0,32,38
1.0,4,39
1.0,29,39
1.0,30,39
1.0,6,40
1.0,7,40
1.0,22,40
1.0,38,40
1.0,24,41
1.0,28,41
1.0,30,41
1.0,37,41
1.0,6,42
1.0,8,42
1.0,21,42
1.0,39,42
1.0,41,42
1.0,4,43
1.0,5,43
1.0,20,43
1.0,25,43
1.0,0,44
1.0,17,44
1.0,36,44
1.0,40,44
1.0,0,45
1.0,1,45
1.0,2,45
1.0,25,45
1.0,27,45
1.0,18,46
1.0,23,46
1.0,24,46
1.0,37,46
1.0,7,47
1.0,19,47
1.0,39,47
1.0,43,47
1.0,46,47
1.0,11,48
1.0,12,48
1.0,14,48
1.0,21,48
1.0,31,48
1.0,1,49
1.0,8,49
1.0,14,49
1.0,32,49
1.0,44,49
