1.0,2,3
1.0,5,6
1.0,2,7
1.0,3,9
1.0,0,10
1.0,8,11
1.0,11,12
1.0,1,14
1.0,3,14
1.0,12,14
1.0,0,16
1.0,1,16
1.0,7,17
1.0,11,18
1.0,16,18
1.0,1,19
1.0,8,19
1.0,11,19
1.0,14,19
1.0,3,20
1.0,13,20
1.0,15,20
1.0,4,21
1.0,2,22
1.0,6,22
1.0,10,22
1.0,0,23
1.0,9,23
1.0,13,23
1.0,18,23
1.0,4,24
1.0,5,25
1.0,13,25
1.0,21,25
1.0,5,26
1.0,10,26
1.0,12,26
1.0,17,26
1.0,8,27
1.0,16,27
1.0,2,28
1.0,6,28
1.0,20,28
1.0,10,29
1.0,16,29
1.0,6,30
1.0,17,30
1.0,12,31
1.0,0,32
1.0,7,32
1.0,11,32
1.0,30,33
1.0,32,33
1.0,1,34
1.0,8,34
1.0,17,34
1.0,24,34
1.0,4,35
1.0,12,35
1.0,17,35
1.0,24,35
1.0,30,35
1.0,4,36
1.0,13,36
1.0,15,36
1.0,20,36
1.0,7,37
1.0,32,37
1.0,5,38
1.0,24,38
1.0,25,38
1.0,27,38
1.0,2,39
1.0,9,39
1.0,18,39
1.0,27,39
1.0,30,39
1.0,8,40
1.0,14,40
1.0,28,40
1.0,37,40
1.0,5,41
1.0,15,41
1.0,28,41
1.0,31,41
1.0,33,41
1.0,10,42
1.0,19,42
1.0,22,42
1.0,31,42
1.0,33,42
1.0,7,43
1.0,9,43
1.0,15,43
1.0,29,43
1.0,1,44
1.0,24,44
1.0,26,44
1.0,31,44
1.0,34,44
1.0,13,45
1.0,15,45
1.0,25,45
1.0,31,45
1.0,36,45
1.0,6,46
1.0,27,46
1.0,29,46
1.0,37,46
1.0,43,46
1.0,0,47
1.0,18,47
1.0,21,47
1.0,22,47
1.0,33,47
1.0,3,48
1.0,21,48
1.0,29,48
1.0,37,48
1.0,40,48
1.0,4,49
1.0,9,49
1.0,21,49
1.0,23,49
1.0,38,49
