1.0,1,2
1.0,3,6
1.0,0,7
1.0,2,9
1.0,5,10
1.0,9,10
1.0,6,11
1.0,7,11
1.0,6,12
1.0,10,12
1.0,0,13
1.0,3,14
1.0,1,15
1.0,4,16
1.0,9,16
1.0,0,17
1.0,16,17
1.0,7,18
1.0,12,18
1.0,4,19
1.0,8,19
1.0,9,19
1.0,15,19
1.0,0,20
1.0,2,21
1.0,6,21
1.0,12,21
1.0,14,21
1.0,1,22
1.0,3,23
1.0,15,23
1.0,4,24
1.0,5,24
1.0,8,24
1.0,22,25
1.0,0,26
1.0,3,26
1.0,7,26
1.0,10,26
1.0,20,26
1.0,19,27
1.0,13,28
1.0,24,28
1.0,25,28
1.0,16,29
1.0,23,29
1.0,14,30
1.0,5,31
1.0,8,31
1.0,13,31
1.0,29,31
1.0,6,32
1.0,8,32
1.0,11,32
1.0,22,32
1.0,27,32
1.0,4,33
1.0,14,33
1.0,25,33
1.0,30,33
1.0,5,34
1.0,16,34
1.0,11,35
1.0,17,35
1.0,23,35
1.0,33,35
1.0,34,35
1.0,15,36
1.0,18,36
1.0,4,37
1.0,10,37
1.0,13,37
1.0,27,37
1.0,1,38
1.0,2,38
1.0,29,39
1.0,36,39
1.0,15,40
1.0,21,40
1.0,30,40
1.0,34,40
1.0,20,41
1.0,27,41
1.0,28,41
1.0,39,41
1.0,17,42
1.0,20,42
1.0,30,42
1.0,36,42
1.0,37,42
1.0,9,43
1.0,11,43
1.0,23,43
1.0,38,43
1.0,39,43
1.0,1,44
1.0,5,44
1.0,17,44
1.0,25,44
1.0,27,44
1.0,7,45
1.0,12,45
1.0,13,45
1.0,24,45
1.0,40,45
1.0,8,46
1.0,14,46
1.0,20,46
1.0,25,46
1.0,30,46
1.0,28,47
1.0,29,47
1.0,36,47
1.0,39,47
1.0,41,47
1.0,18,48
1.0,22,48
1.0,31,48
1.0,34,48
1.0,38,48
1.0,2,49
1.0,3,49
1.0,18,49
1.0,22,49
1.0,38,49
