1.0,2,3
1.0,5,7
1.0,5,8
1.0,6,10
1.0,2,11
1.0,3,11
1.0,5,11
1.0,4,12
1.0,1,13
1.0,9,13
1.0,3,14
1.0,2,15
1.0,9,16
1.0,0,17
1.0,13,17
1.0,12,18
1.0,14,18
1.0,15,18
1.0,5,19
1.0,17,19
1.0,0,20
1.0,7,20
1.0,12,20
1.0,7,21
1.0,10,21
1.0,16,21
1.0,19,21
1.0,4,22
1.0,8,22
1.0,8,23
1.0,16,23
1.0,7,24
1.0,8,25
1.0,12,26
1.0,14,26
1.0,6,27
1.0,10,27
1.0,5,28
1.0,6,28
1.0,9,28
1.0,19,28
1.0,8,29
1.0,14,29
1.0,17,29
1.0,22,29
1.0,7,30
1.0,24,30
1.0,0,31
1.0,6,31
1.0,16,31
1.0,15,32
1.0,18,32
1.0,0,33
1.0,10,33
1.0,28,33
1.0,2,34
1.0,12,34
1.0,13,34
1.0,30,34
1.0,1,35
1.0,15,35
1.0,19,35
1.0,34,35
1.0,22,36
1.0,24,36
1.0,27,36
1.0,1,37
1.0,23,37
1.0,32,37
1.0,33,37
1.0,0,38
1.0,15,38
1.0,32,38
1.0,36,38
1.0,1,39
1.0,2,39
1.0,9,39
1.0,38,39
1.0,23,40
1.0,24,40
1.0,25,40
1.0,27,40
1.0,30,40
1.0,10,41
1.0,11,41
1.0,32,41
1.0,36,41
1.0,37,41
1.0,17,42
1.0,18,42
1.0,21,42
1.0,24,42
1.0,4,43
1.0,20,43
1.0,25,43
1.0,26,43
1.0,11,44
1.0,25,44
1.0,26,44
1.0,42,44
1.0,3,45
1.0,4,45
1.0,23,45
1.0,25,45
1.0,27,45
1.0,3,46
1.0,6,46
1.0,14,46
1.0,22,46
1.0,33,46
1.0,4,47
1.0,9,47
1.0,26,47
1.0,30,47
1.0,39,47
1.0,1,48
1.0,13,48
1.0,20,48
1.0,31,48
1.0,43,48
1.0,16,49
1.0,29,49
1.0,31,49
1.0,35,49
1.0,44,49
