1.0,0,3
1.0,3,6
1.0,2,10
1.0,6,11
1.0,0,12
1.0,1,13
1.0,3,15
1.0,8,15
1.0,7,16
1.0,11,17
1.0,1,18
1.0,13,18
1.0,16,18
1.0,7,19
1.0,16,19
1.0,4,20
1.0,6,20
1.0,5,21
1.0,15,21
1.0,6,22
1.0,9,22
1.0,18,22
1.0,21,22
1.0,0,23
1.0,4,23
1.0,22,23
1.0,4,24
1.0,15,24
1.0,21,24
1.0,5,25
1.0,10,25
1.0,5,26
1.0,17,26
1.0,25,26
1.0,9,27
1.0,11,27
1.0,16,27
1.0,23,27
1.0,4,28
1.0,8,28
1.0,20,28
1.0,7,29
1.0,9,29
1.0,1,30
1.0,7,30
1.0,24,30
1.0,29,30
1.0,2,31
1.0,10,31
1.0,0,32
1.0,3,32
1.0,25,32
1.0,19,33
1.0,27,33
1.0,28,33
1.0,29,33
1.0,10,34
1.0,20,34
1.0,30,34
1.0,12,35
1.0,14,35
1.0,19,35
1.0,21,35
1.0,2,36
1.0,8,36
1.0,18,36
1.0,20,36
1.0,32,36
1.0,3,37
1.0,6,37
1.0,14,37
1.0,34,37
1.0,9,38
1.0,13,38
1.0,15,38
1.0,26,38
1.0,29,38
1.0,17,39
1.0,28,39
1.0,31,39
1.0,5,40
1.0,9,40
1.0,11,40
1.0,14,40
1.0,12,41
1.0,13,41
1.0,17,41
1.0,35,41
1.0,40,41
1.0,13,42
1.0,19,42
1.0,26,42
1.0,39,42
1.0,5,43
1.0,12,43
1.0,14,43
1.0,34,43
1.0,0,44
1.0,2,44
1.0,25,44
1.0,43,44
1.0,1,45
1.0,7,45
1.0,8,45
1.0,11,45
1.0,44,45
1.0,4,46
1.0,23,46
1.0,31,46
1.0,33,46
1.0,2,47
1.0,10,47
1.0,12,47
1.0,14,47
1.0,46,47
1.0,1,48
1.0,8,48
1.0,24,48
1.0,39,48
1.0,42,48
1.0,16,49
1.0,17,49
1.0,31,49
1.0,32,49
1.0,37,49
