1.0,2,7
1.0,0,10
1.0,4,11
1.0,3,12
1.0,11,12
1.0,0,13
1.0,3,13
1.0,6,14
1.0,7,14
1.0,0,15
1.0,6,15
1.0,3,16
1.0,4,17
1.0,16,17
1.0,9,18
1.0,14,19
1.0,5,20
1.0,11,20
1.0,14,20
1.0,16,20
1.0,3,21
1.0,6,21
1.0,8,21
1.0,1,22
1.0,15,22
1.0,18,22
1.0,1,23
1.0,5,23
1.0,14,23
1.0,8,24
1.0,19,24
1.0,21,24
1.0,6,25
1.0,9,25
1.0,12,25
1.0,19,25
1.0,5,26
1.0,13,26
1.0,2,27
1.0,4,27
1.0,13,27
1.0,19,27
1.0,20,27
1.0,2,28
1.0,19,28
1.0,8,29
1.0,22,29
1.0,10,30
1.0,28,30
1.0,8,31
1.0,11,31
1.0,26,31
1.0,4,32
1.0,7,32
1.0,26,32
1.0,1,33
1.0,7,33
1.0,23,33
1.0,29,33
1.0,17,34
1.0,24,34
1.0,8,35
1.0,17,35
1.0,29,35
1.0,31,35
1.0,6,36
1.0,10,36
1.0,15,36
1.0,34,36
1.0,4,37
1.0,23,37
1.0,28,37
1.0,31,37
1.0,32,37
1.0,9,38
1.0,11,38
1.0,12,38
1.0,3,39
1.0,26,39
1.0,21,40
1.0,30,40
1.0,34,40
1.0,39,40
1.0,1,41
1.0,7,41
1.0,17,41
1.0,24,41
1.0,35,41
1.0,0,42
1.0,5,42
1.0,22,42
1.0,36,42
1.0,38,42
1.0,5,43
1.0,13,43
1.0,28,43
1.0,32,43
1.0,1,44
1.0,2,44
1.0,29,44
1.0,30,44
1.0,43,44
1.0,9,45
1.0,15,45
1.0,18,45
1.0,25,45
1.0,38,45
1.0,9,46
1.0,12,46
1.0,33,46
1.0,39,46
1.0,40,46
1.0,2,47
1.0,10,47
1.0,18,47
1.0,34,47
1.0,0,48
1.0,16,48
1.0,18,48
1.0,47,48
1.0,10,49
1.0,16,49
1.0,30,49
1.0,39,49
1.0,48,49
