1.0,0,1
1.0,2,3
1.0,4,6
1.0,0,7
1.0,6,7
1.0,1,8
1.0,2,8
1.0,7,13
1.0,8,13
1.0,9,14
1.0,3,15
1.0,8,15
1.0,0,16
1.0,2,16
1.0,2,17
1.0,11,17
1.0,2,18
1.0,6,18
1.0,5,19
1.0,18,19
1.0,4,20
1.0,11,20
1.0,15,20
1.0,9,21
1.0,15,21
1.0,0,22
1.0,1,22
1.0,11,22
1.0,1,23
1.0,4,24
1.0,10,24
1.0,3,25
1.0,12,25
1.0,23,25
1.0,5,26
1.0,10,26
1.0,13,26
1.0,23,26
1.0,3,27
1.0,16,27
1.0,22,27
1.0,16,28
1.0,12,29
1.0,17,29
1.0,24,29
1.0,17,30
1.0,19,30
1.0,28,30
1.0,8,31
1.0,27,31
1.0,28,31
1.0,11,32
1.0,14,32
1.0,20,32
1.0,13,33
1.0,23,33
1.0,28,33
1.0,30,33
1.0,9,34
1.0,14,34
1.0,31,34
1.0,5,35
1.0,11,35
1.0,12,35
1.0,12,36
1.0,23,36
1.0,31,36
1.0,32,36
1.0,34,36
1.0,0,37
1.0,6,37
1.0,4,38
1.0,10,38
1.0,19,38
1.0,20,38
1.0,35,38
1.0,7,39
1.0,9,39
1.0,27,39
1.0,35,39
1.0,9,40
1.0,25,40
1.0,29,40
1.0,30,40
1.0,37,40
1.0,19,41
1.0,25,41
1.0,29,41
1.0,37,41
1.0,4,42
1.0,14,42
1.0,24,42
1.0,26,42
1.0,5,43
1.0,17,43
1.0,18,43
1.0,32,43
1.0,42,43
1.0,1,44
1.0,14,44
1.0,21,44
1.0,22,45
1.0,24,45
1.0,28,45
1.0,34,45
1.0,44,45
1.0,5,46
1.0,6,46
1.0,12,46
1.0,21,46
1.0,44,46
1.0,10,47
1.0,13,47
1.0,16,47
1.0,33,47
1.0,3,48
1.0,7,48
1.0,15,48
1.0,21,48
1.0,41,48
1.0,10,49
1.0,18,49
1.0,37,49
1.0,39,49
1.0,47,49
