1.0,1,2
1.0,2,3
1.0,0,6
1.0,4,7
1.0,0,10
1.0,1,11
1.0,2,13
1.0,8,13
1.0,0,14
1.0,5,14
1.0,9,14
1.0,9,15
1.0,6,16
1.0,7,16
1.0,8,17
1.0,9,17
1.0,15,17
1.0,16,18
1.0,9,19
1.0,13,19
1.0,16,19
1.0,3,21
1.0,12,21
1.0,4,22
1.0,8,22
1.0,15,22
1.0,3,23
1.0,6,23
1.0,10,23
1.0,11,23
1.0,3,25
1.0,5,25
1.0,7,25
1.0,0,26
1.0,8,26
1.0,15,26
1.0,4,27
1.0,17,27
1.0,1,28
1.0,19,28
1.0,22,28
1.0,7,29
1.0,20,29
1.0,21,29
1.0,17,30
1.0,21,30
1.0,26,30
1.0,4,31
1.0,12,31
1.0,25,31
1.0,11,32
1.0,26,32
1.0,30,32
1.0,1,33
1.0,2,33
1.0,6,33
1.0,25,33
1.0,27,33
1.0,5,34
1.0,13,34
1.0,29,34
1.0,0,35
1.0,20,35
1.0,24,35
1.0,29,35
1.0,1,36
1.0,21,36
1.0,24,36
1.0,35,36
1.0,10,37
1.0,20,37
1.0,23,37
1.0,31,37
1.0,5,38
1.0,7,38
1.0,12,38
1.0,13,38
1.0,34,38
1.0,10,39
1.0,14,39
1.0,22,39
1.0,30,39
1.0,14,40
1.0,18,40
1.0,19,40
1.0,31,40
1.0,9,41
1.0,12,41
1.0,36,41
1.0,11,42
1.0,12,42
1.0,34,42
1.0,41,42
1.0,6,43
1.0,16,43
1.0,24,43
1.0,28,43
1.0,41,43
1.0,4,44
1.0,20,44
1.0,37,44
1.0,40,44
1.0,2,45
1.0,5,45
1.0,32,45
1.0,42,45
1.0,3,46
1.0,15,46
1.0,20,46
1.0,45,46
1.0,10,47
1.0,18,47
1.0,28,47
1.0,32,47
1.0,44,47
1.0,8,48
1.0,18,48
1.0,24,48
1.0,27,48
1.0,46,48
1.0,11,49
1.0,18,49
1.0,24,49
1.0,27,49
1.0,39,49
