1.0,0,2
1.0,1,6
1.0,5,7
1.0,8,9
1.0,0,10
1.0,6,11
1.0,10,11
1.0,5,12
1.0,13,14
1.0,0,15
1.0,9,15
1.0,8,16
1.0,10,17
1.0,7,18
1.0,8,18
1.0,17,18
1.0,6,19
1.0,15,19
1.0,2,20
1.0,3,20
1.0,13,21
1.0,20,21
1.0,7,22
1.0,12,22
1.0,2,23
1.0,20,23
1.0,3,24
1.0,9,24
1.0,17,24
1.0,2,25
1.0,3,25
1.0,4,25
1.0,9,25
1.0,1,26
1.0,12,26
1.0,14,26
1.0,19,26
1.0,7,27
1.0,15,27
1.0,23,27
1.0,12,28
1.0,13,28
1.0,19,28
1.0,14,29
1.0,9,30
1.0,23,30
1.0,26,30
1.0,5,31
1.0,12,31
1.0,27,31
1.0,11,32
1.0,14,32
1.0,16,32
1.0,19,32
1.0,28,32
1.0,6,33
1.0,29,33
1.0,16,34
1.0,18,34
1.0,24,34
1.0,5,35
1.0,15,35
1.0,17,35
1.0,27,35
1.0,13,36
1.0,20,36
1.0,24,36
1.0,29,36
1.0,22,37
1.0,29,37
1.0,31,37
1.0,34,37
1.0,21,38
1.0,23,38
1.0,33,38
1.0,36,38
1.0,2,39
1.0,8,39
1.0,11,39
1.0,37,39
1.0,1,40
1.0,3,40
1.0,6,40
1.0,13,40
1.0,18,40
1.0,22,41
1.0,30,41
1.0,0,42
1.0,1,42
1.0,16,42
1.0,31,42
1.0,41,42
1.0,4,43
1.0,5,43
1.0,8,43
1.0,39,43
1.0,1,44
1.0,14,44
1.0,16,44
1.0,17,44
1.0,21,44
1.0,0,45
1.0,21,45
1.0,22,45
1.0,25,45
1.0,35,45
1.0,4,46
1.0,10,46
1.0,38,46
1.0,41,46
1.0,7,47
1.0,10,47
1.0,28,47
1.0,30,47
1.0,33,47
1.0,3,48
1.0,4,48
1.0,11,48
1.0,34,48
1.0,46,48
1.0,4,49
1.0,29,49
1.0,33,49
1.0,41,49
1.0,43,49
