1.0,0,5
1.0,4,5
1.0,1,6
1.0,5,6
1.0,4,7
1.0,2,11
1.0,2,12
1.0,3,12
1.0,4,12
1.0,12,13
1.0,6,14
1.0,7,14
1.0,9,14
1.0,11,15
1.0,6,16
1.0,13,16
1.0,16,17
1.0,8,18
1.0,12,18
1.0,17,18
1.0,2,20
1.0,8,21
1.0,9,21
1.0,10,21
1.0,15,21
1.0,2,22
1.0,8,22
1.0,9,22
1.0,20,23
1.0,2,24
1.0,11,24
1.0,10,25
1.0,14,25
1.0,3,26
1.0,5,26
1.0,24,26
1.0,13,27
1.0,19,27
1.0,22,27
1.0,17,29
1.0,19,29
1.0,23,29
1.0,27,29
1.0,1,30
1.0,7,30
1.0,23,30
1.0,28,30
1.0,3,31
1.0,5,31
1.0,16,31
1.0,0,32
1.0,13,32
1.0,20,32
1.0,22,32
1.0,3,33
1.0,4,33
1.0,31,33
1.0,10,34
1.0,13,34
1.0,14,34
1.0,9,35
1.0,20,35
1.0,23,35
1.0,11,36
1.0,20,36
1.0,28,36
1.0,33,36
1.0,19,37
1.0,21,37
1.0,30,37
1.0,34,37
1.0,8,38
1.0,25,38
1.0,34,38
1.0,9,39
1.0,10,39
1.0,17,39
1.0,27,39
1.0,3,40
1.0,15,40
1.0,26,40
1.0,35,40
1.0,37,40
1.0,1,41
1.0,15,41
1.0,23,41
1.0,24,41
1.0,29,41
1.0,0,42
1.0,7,42
1.0,25,42
1.0,0,43
1.0,16,43
1.0,18,43
1.0,25,43
1.0,35,43
1.0,1,44
1.0,4,44
1.0,28,44
1.0,31,44
1.0,32,44
1.0,6,45
1.0,8,45
1.0,17,45
1.0,28,45
1.0,0,46
1.0,10,46
1.0,19,46
1.0,26,46
1.0,38,46
1.0,1,47
1.0,11,47
1.0,15,47
1.0,39,47
1.0,42,47
1.0,7,48
1.0,18,48
1.0,28,48
1.0,36,48
1.0,45,48
1.0,19,49
1.0,24,49
1.0,33,49
1.0,38,49
1.0,42,49
