1.0,5,6
1.0,6,7
1.0,2,10
1.0,1,12
1.0,11,13
1.0,2,14
1.0,5,15
1.0,9,16
1.0,10,16
1.0,11,17
1.0,1,18
1.0,3,18
1.0,14,18
1.0,8,20
1.0,1,21
1.0,11,21
1.0,0,22
1.0,20,22
1.0,4,23
1.0,9,23
1.0,3,24
1.0,5,24
1.0,13,24
1.0,14,24
1.0,22,24
1.0,10,25
1.0,13,25
1.0,15,25
1.0,20,25
1.0,0,26
1.0,2,26
1.0,11,26
1.0,18,26
1.0,5,27
1.0,0,28
1.0,9,28
1.0,10,28
1.0,12,28
1.0,16,28
1.0,13,29
1.0,19,29
1.0,20,29
1.0,3,30
1.0,14,30
1.0,29,30
1.0,3,31
1.0,15,31
1.0,17,31
1.0,27,31
1.0,4,32
1.0,8,32
1.0,21,32
1.0,26,32
1.0,5,33
1.0,7,33
1.0,15,33
1.0,19,33
1.0,3,34
1.0,19,34
1.0,20,34
1.0,30,34
1.0,1,35
1.0,8,35
1.0,16,35
1.0,19,35
1.0,6,36
1.0,14,36
1.0,17,36
1.0,27,36
1.0,1,37
1.0,10,37
1.0,13,37
1.0,25,37
1.0,0,38
1.0,4,38
1.0,8,38
1.0,16,38
1.0,21,38
1.0,4,39
1.0,7,39
1.0,15,39
1.0,22,39
1.0,23,39
1.0,0,40
1.0,6,40
1.0,18,40
1.0,19,40
1.0,31,40
1.0,21,41
1.0,23,41
1.0,35,41
1.0,27,42
1.0,29,42
1.0,4,43
1.0,23,43
1.0,32,43
1.0,41,43
1.0,42,43
1.0,2,44
1.0,12,44
1.0,30,44
1.0,36,44
1.0,37,44
1.0,6,45
1.0,7,45
1.0,33,45
1.0,41,45
1.0,2,46
1.0,12,46
1.0,17,46
1.0,42,46
1.0,7,47
1.0,9,47
1.0,11,47
1.0,22,47
1.0,34,47
1.0,8,48
1.0,17,48
1.0,27,48
1.0,45,48
1.0,9,49
1.0,12,49
1.0,42,49
1.0,46,49
1.0,48,49
