1.0,0,1
1.0,1,6
1.0,2,8
1.0,7,8
1.0,2,9
1.0,5,9
1.0,4,11
1.0,6,12
1.0,9,13
1.0,2,15
1.0,5,15
1.0,11,17
1.0,14,17
1.0,4,18
1.0,13,18
1.0,5,19
1.0,16,19
1.0,8,20
1.0,10,21
1.0,13,21
1.0,20,21
1.0,3,22
1.0,6,22
1.0,7,22
1.0,13,22
1.0,3,23
1.0,13,23
1.0,4,24
1.0,5,25
1.0,14,25
1.0,21,25
1.0,5,26
1.0,7,26
1.0,18,26
1.0,2,27
1.0,6,27
1.0,20,28
1.0,21,28
1.0,24,28
1.0,3,29
1.0,19,29
1.0,20,29
1.0,14,30
1.0,27,30
1.0,3,31
1.0,10,31
1.0,15,31
1.0,17,31
1.0,1,32
1.0,7,32
1.0,26,32
1.0,4,33
1.0,10,33
1.0,23,33
1.0,1,34
1.0,2,34
1.0,11,34
1.0,12,34
1.0,33,34
1.0,12,35
1.0,16,35
1.0,17,35
1.0,29,35
1.0,33,35
1.0,0,36
1.0,11,36
1.0,23,36
1.0,0,37
1.0,7,37
1.0,12,37
1.0,14,37
1.0,31,37
1.0,1,38
1.0,8,38
1.0,16,38
1.0,26,38
1.0,30,38
1.0,0,39
1.0,14,39
1.0,22,39
1.0,32,39
1.0,17,40
1.0,19,40
1.0,32,40
1.0,9,41
1.0,19,41
1.0,24,41
1.0,8,42
1.0,18,42
1.0,25,42
1.0,27,42
1.0,10,43
1.0,15,43
1.0,23,43
1.0,27,43
1.0,40,43
1.0,30,44
1.0,39,44
1.0,41,44
1.0,42,44
1.0,12,45
1.0,16,45
1.0,20,45
1.0,24,45
1.0,28,45
1.0,4,46
1.0,9,46
1.0,18,46
1.0,36,46
1.0,44,46
1.0,3,47
1.0,11,47
1.0,29,47
1.0,30,47
1.0,36,47
1.0,0,48
1.0,10,48
1.0,16,48
1.0,28,48
1.0,40,48
1.0,6,49
1.0,15,49
1.0,24,49
1.0,25,49
1.0,41,49
