1.0,1,3
1.0,1,8
1.0,1,9
1.0,9,10
1.0,2,14
1.0,6,14
1.0,9,14
1.0,12,14
1.0,10,15
1.0,12,15
1.0,7,17
1.0,16,17
1.0,11,18
1.0,12,18
1.0,17,18
1.0,15,19
1.0,8,20
1.0,12,20
1.0,15,20
1.0,4,21
1.0,20,21
1.0,4,22
1.0,16,23
1.0,19,23
1.0,22,23
1.0,4,24
1.0,7,24
1.0,6,25
1.0,9,25
1.0,11,25
1.0,23,25
1.0,24,25
1.0,5,26
1.0,10,26
1.0,22,26
1.0,3,27
1.0,15,27
1.0,26,27
1.0,2,28
1.0,7,28
1.0,19,28
1.0,2,29
1.0,6,29
1.0,9,29
1.0,16,29
1.0,19,29
1.0,1,30
1.0,18,30
1.0,5,31
1.0,13,31
1.0,28,31
1.0,3,32
1.0,27,32
1.0,6,33
1.0,30,33
1.0,8,34
1.0,13,34
1.0,21,34
1.0,1,35
1.0,7,35
1.0,10,35
1.0,24,35
1.0,31,35
1.0,0,36
1.0,6,36
1.0,14,36
1.0,30,36
1.0,32,36
1.0,5,37
1.0,8,37
1.0,17,37
1.0,19,37
1.0,24,37
1.0,4,38
1.0,8,38
1.0,13,38
1.0,18,38
1.0,0,39
1.0,7,39
1.0,11,39
1.0,16,39
1.0,20,39
1.0,0,40
1.0,11,40
1.0,2,41
1.0,12,41
1.0,33,41
1.0,13,42
1.0,26,42
1.0,31,42
1.0,41,42
1.0,0,43
1.0,3,43
1.0,13,43
1.0,21,43
1.0,28,43
1.0,11,44
1.0,23,44
1.0,32,44
1.0,33,44
1.0,40,44
1.0,4,45
1.0,16,45
1.0,30,45
1.0,34,45
1.0,42,45
1.0,5,46
1.0,21,46
1.0,34,46
1.0,38,46
1.0,40,46
1.0,0,47
1.0,5,47
1.0,17,47
1.0,22,47
1.0,2,48
1.0,10,48
1.0,27,48
1.0,32,48
1.0,41,48
1.0,3,49
1.0,22,49
1.0,33,49
1.0,40,49
1.0,47,49
