1.0,1,8
1.0,2,9
1.0,9,10
1.0,0,11
1.0,7,11
1.0,9,13
1.0,10,13
1.0,11,13
1.0,2,14
1.0,8,14
1.0,3,17
1.0,5,17
1.0,9,17
1.0,5,18
1.0,12,18
1.0,1,19
1.0,5,20
1.0,8,20
1.0,20,21
1.0,7,22
1.0,15,22
1.0,19,22
1.0,7,23
1.0,11,23
1.0,21,23
1.0,6,24
1.0,20,24
1.0,2,25
1.0,3,25
1.0,4,25
1.0,18,25
1.0,0,26
1.0,9,26
1.0,17,26
1.0,18,26
1.0,22,26
1.0,3,27
1.0,14,27
1.0,2,28
1.0,15,28
1.0,21,28
1.0,7,29
1.0,15,29
1.0,5,30
1.0,10,30
1.0,13,30
1.0,21,30
1.0,0,31
1.0,4,31
1.0,6,31
1.0,23,31
1.0,4,32
1.0,16,32
1.0,27,32
1.0,5,33
1.0,16,33
1.0,17,33
1.0,24,33
1.0,29,33
1.0,3,34
1.0,12,34
1.0,20,34
1.0,21,34
1.0,24,34
1.0,2,35
1.0,6,35
1.0,24,35
1.0,0,36
1.0,6,36
1.0,12,36
1.0,31,36
1.0,19,37
1.0,29,37
1.0,36,37
1.0,3,38
1.0,12,38
1.0,16,38
1.0,35,38
1.0,10,39
1.0,13,39
1.0,15,39
1.0,16,39
1.0,25,39
1.0,12,40
1.0,14,40
1.0,19,40
1.0,32,40
1.0,1,41
1.0,4,41
1.0,16,41
1.0,38,41
1.0,27,42
1.0,28,42
1.0,7,43
1.0,11,43
1.0,14,43
1.0,32,43
1.0,42,43
1.0,0,44
1.0,28,44
1.0,37,44
1.0,1,45
1.0,6,45
1.0,15,45
1.0,29,45
1.0,40,45
1.0,8,46
1.0,10,46
1.0,30,46
1.0,35,46
1.0,1,47
1.0,8,47
1.0,41,47
1.0,42,47
1.0,44,47
1.0,4,48
1.0,18,48
1.0,37,48
1.0,44,48
1.0,46,48
1.0,19,49
1.0,22,49
1.0,23,49
1.0,27,49
1.0,42,49
