1.0,1,2
1.0,2,4
1.0,3,4
1.0,2,7
1.0,6,7
1.0,5,8
1.0,1,10
1.0,3,10
1.0,0,12
1.0,6,12
1.0,11,12
1.0,1,13
1.0,5,14
1.0,10,15
1.0,12,15
1.0,2,16
1.0,5,16
1.0,8,16
1.0,12,16
1.0,7,17
1.0,9,17
1.0,0,18
1.0,11,18
1.0,15,18
1.0,17,18
1.0,6,19
1.0,9,20
1.0,10,20
1.0,15,20
1.0,11,21
1.0,7,22
1.0,21,22
1.0,7,23
1.0,22,24
1.0,0,25
1.0,5,25
1.0,23,25
1.0,3,26
1.0,4,27
1.0,14,27
1.0,24,27
1.0,19,28
1.0,22,28
1.0,23,28
1.0,0,29
1.0,26,29
1.0,28,30
1.0,0,31
1.0,1,31
1.0,8,31
1.0,13,32
1.0,29,32
1.0,31,32
1.0,11,33
1.0,14,33
1.0,27,33
1.0,5,34
1.0,9,34
1.0,21,34
1.0,24,34
1.0,6,35
1.0,14,35
1.0,19,35
1.0,29,35
1.0,8,36
1.0,17,36
1.0,19,36
1.0,2,37
1.0,8,37
1.0,9,37
1.0,32,37
1.0,21,38
1.0,24,38
1.0,25,38
1.0,30,38
1.0,4,39
1.0,11,39
1.0,16,39
1.0,26,39
1.0,6,40
1.0,13,40
1.0,26,40
1.0,29,40
1.0,36,40
1.0,4,41
1.0,13,41
1.0,30,41
1.0,38,41
1.0,3,42
1.0,13,42
1.0,20,42
1.0,23,42
1.0,31,42
1.0,25,43
1.0,30,43
1.0,33,43
1.0,36,43
1.0,37,43
1.0,15,44
1.0,17,44
1.0,21,44
1.0,23,44
1.0,34,44
1.0,10,45
1.0,22,45
1.0,33,45
1.0,39,45
1.0,3,46
1.0,20,46
1.0,26,46
1.0,45,46
1.0,1,47
1.0,9,47
1.0,19,47
1.0,32,47
1.0,46,47
1.0,18,48
1.0,24,48
1.0,30,48
1.0,41,48
1.0,14,49
1.0,27,49
1.0,28,49
1.0,35,49
1.0,48,49
