1.0,2,4
1.0,1,7
1.0,3,8
1.0,6,8
1.0,1,9
1.0,3,9
1.0,4,10
1.0,7,11
1.0,10,11
1.0,2,12
1.0,6,12
1.0,6,13
1.0,5,14
1.0,12,14
1.0,4,15
1.0,14,15
1.0,0,16
1.0,3,16
1.0,5,16
1.0,7,16
1.0,5,17
1.0,10,17
1.0,13,17
1.0,8,18
1.0,12,18
1.0,13,19
1.0,16,20
1.0,6,21
1.0,19,21
1.0,8,22
1.0,14,22
1.0,17,22
1.0,10,23
1.0,21,23
1.0,2,24
1.0,11,24
1.0,17,25
1.0,1,26
1.0,15,26
1.0,21,26
1.0,18,27
1.0,21,27
1.0,20,28
1.0,15,29
1.0,27,29
1.0,1,30
1.0,18,30
1.0,24,31
1.0,25,31
1.0,28,31
1.0,13,32
1.0,25,32
1.0,29,32
1.0,4,33
1.0,9,33
1.0,11,33
1.0,23,33
1.0,26,33
1.0,20,34
1.0,22,34
1.0,26,34
1.0,31,34
1.0,0,35
1.0,3,35
1.0,32,35
1.0,4,36
1.0,9,36
1.0,19,36
1.0,25,36
1.0,9,37
1.0,27,37
1.0,28,37
1.0,0,38
1.0,7,38
1.0,12,38
1.0,2,39
1.0,6,39
1.0,20,39
1.0,23,39
1.0,25,39
1.0,2,40
1.0,10,40
1.0,11,40
1.0,35,40
1.0,36,40
1.0,0,41
1.0,29,41
1.0,30,41
1.0,34,41
1.0,37,41
1.0,7,42
1.0,19,42
1.0,23,42
1.0,30,42
1.0,3,43
1.0,28,43
1.0,29,43
1.0,38,43
1.0,5,44
1.0,14,44
1.0,27,44
1.0,30,44
1.0,15,45
1.0,20,45
1.0,37,45
1.0,42,45
1.0,0,46
1.0,5,46
1.0,13,46
1.0,32,46
1.0,45,46
1.0,18,47
1.0,28,47
1.0,43,47
1.0,44,47
1.0,8,48
1.0,22,48
1.0,24,48
1.0,31,48
1.0,47,48
1.0,1,49
1.0,19,49
1.0,24,49
1.0,35,49
1.0,38,49
