1.0,0,3
1.0,1,3
1.0,2,10
1.0,5,10
1.0,2,11
1.0,6,11
1.0,0,12
1.0,5,12
1.0,11,12
1.0,9,13
1.0,10,13
1.0,4,15
1.0,4,16
1.0,9,16
1.0,13,16
1.0,3,17
1.0,14,17
1.0,15,17
1.0,6,18
1.0,9,18
1.0,10,18
1.0,7,19
1.0,2,20
1.0,17,20
1.0,18,20
1.0,7,21
1.0,14,21
1.0,12,22
1.0,5,23
1.0,12,23
1.0,5,24
1.0,11,24
1.0,1,25
1.0,9,25
1.0,18,25
1.0,2,26
1.0,22,26
1.0,0,27
1.0,19,27
1.0,1,28
1.0,4,28
1.0,13,28
1.0,14,28
1.0,26,28
1.0,7,29
1.0,8,29
1.0,19,29
1.0,15,30
1.0,7,31
1.0,9,31
1.0,17,31
1.0,19,31
1.0,1,32
1.0,4,32
1.0,6,32
1.0,6,33
1.0,8,33
1.0,30,33
1.0,14,34
1.0,15,34
1.0,24,34
1.0,32,34
1.0,4,35
1.0,6,35
1.0,13,35
1.0,20,35
1.0,32,35
1.0,21,36
1.0,23,36
1.0,30,36
1.0,33,36
1.0,0,37
1.0,3,37
1.0,0,38
1.0,21,38
1.0,23,38
1.0,24,38
1.0,2,39
1.0,16,39
1.0,27,39
1.0,30,39
1.0,1,40
1.0,7,40
1.0,8,40
1.0,30,40
1.0,22,41
1.0,26,41
1.0,31,41
1.0,37,41
1.0,8,42
1.0,25,42
1.0,33,42
1.0,38,42
1.0,10,43
1.0,11,43
1.0,14,43
1.0,15,43
1.0,20,43
1.0,5,44
1.0,22,44
1.0,24,44
1.0,29,44
1.0,37,44
1.0,8,45
1.0,19,45
1.0,23,45
1.0,40,45
1.0,3,46
1.0,16,46
1.0,27,46
1.0,29,46
1.0,36,46
1.0,26,47
1.0,27,47
1.0,37,47
1.0,39,47
1.0,22,48
1.0,25,48
1.0,34,48
1.0,42,48
1.0,21,49
1.0,41,49
1.0,45,49
1.0,47,49
1.0,48,49
