1.0,0,6
1.0,2,7
1.0,7,9
1.0,8,10
1.0,6,11
1.0,7,11
1.0,9,12
1.0,1,13
1.0,3,13
1.0,6,13
1.0,10,14
1.0,1,15
1.0,5,15
1.0,0,16
1.0,5,17
1.0,11,17
1.0,2,18
1.0,3,18
1.0,2,19
1.0,12,19
1.0,14,19
1.0,8,20
1.0,13,20
1.0,8,21
1.0,3,22
1.0,7,22
1.0,4,23
1.0,11,23
1.0,12,23
1.0,6,24
1.0,9,24
1.0,21,24
1.0,11,25
1.0,15,25
1.0,18,25
1.0,21,25
1.0,23,26
1.0,0,27
1.0,8,27
1.0,6,28
1.0,17,28
1.0,13,29
1.0,15,29
1.0,17,30
1.0,23,30
1.0,27,30
1.0,1,31
1.0,7,31
1.0,21,31
1.0,25,31
1.0,5,32
1.0,20,32
1.0,31,32
1.0,16,33
1.0,20,33
1.0,26,33
1.0,1,34
1.0,3,34
1.0,19,34
1.0,0,35
1.0,1,35
1.0,12,35
1.0,16,35
1.0,29,35
1.0,4,36
1.0,14,36
1.0,30,36
1.0,32,36
1.0,5,37
1.0,9,37
1.0,18,37
1.0,34,37
1.0,10,38
1.0,14,38
1.0,22,38
1.0,27,38
1.0,15,39
1.0,20,39
1.0,22,39
1.0,4,40
1.0,18,40
1.0,22,40
1.0,26,40
1.0,29,40
1.0,10,41
1.0,14,41
1.0,16,41
1.0,17,41
1.0,30,41
1.0,4,42
1.0,9,42
1.0,10,42
1.0,16,42
1.0,21,42
1.0,4,43
1.0,24,43
1.0,27,43
1.0,29,43
1.0,3,44
1.0,8,44
1.0,12,44
1.0,26,44
1.0,39,44
1.0,2,45
1.0,5,45
1.0,33,45
1.0,43,45
1.0,19,46
1.0,32,46
1.0,39,46
1.0,26,47
1.0,28,47
1.0,34,47
1.0,45,47
1.0,46,47
1.0,0,48
1.0,24,48
1.0,28,48
1.0,36,48
1.0,46,48
1.0,2,49
1.0,28,49
1.0,33,49
1.0,37,49
1.0,38,49
