1.0,0,1
1.0,2,6
1.0,0,7
1.0,4,8
1.0,4,9
1.0,7,9
1.0,3,10
1.0,10,12
1.0,11,12
1.0,0,13
1.0,1,14
1.0,8,14
1.0,13,14
1.0,0,15
1.0,5,16
1.0,11,16
1.0,1,17
1.0,3,17
1.0,3,18
1.0,1,19
1.0,4,20
1.0,13,20
1.0,5,21
1.0,20,21
1.0,4,22
1.0,12,22
1.0,3,23
1.0,7,23
1.0,9,23
1.0,8,24
1.0,11,24
1.0,13,24
1.0,14,24
1.0,12,25
1.0,15,26
1.0,16,26
1.0,21,26
1.0,6,27
1.0,10,27
1.0,5,28
1.0,15,28
1.0,18,28
1.0,25,28
1.0,7,29
1.0,2,30
1.0,14,30
1.0,29,30
1.0,6,31
1.0,16,31
1.0,23,31
1.0,30,31
1.0,2,32
1.0,8,32
1.0,17,32
1.0,28,32
1.0,4,33
1.0,5,33
1.0,10,33
1.0,19,33
1.0,5,34
1.0,7,34
1.0,8,34
1.0,29,34
1.0,2,35
1.0,9,35
1.0,31,35
1.0,32,35
1.0,3,36
1.0,15,36
1.0,20,36
1.0,26,36
1.0,33,36
1.0,9,37
1.0,10,37
1.0,23,37
1.0,27,37
1.0,29,37
1.0,11,38
1.0,16,38
1.0,25,38
1.0,35,38
1.0,17,39
1.0,20,39
1.0,21,40
1.0,26,40
1.0,38,40
1.0,39,40
1.0,12,41
1.0,15,41
1.0,21,41
1.0,39,41
1.0,6,42
1.0,18,42
1.0,24,42
1.0,11,43
1.0,39,43
1.0,18,44
1.0,19,44
1.0,22,44
1.0,43,44
1.0,19,45
1.0,22,45
1.0,27,45
1.0,34,45
1.0,40,45
1.0,1,46
1.0,18,46
1.0,19,46
1.0,27,46
1.0,43,46
1.0,17,47
1.0,25,47
1.0,29,47
1.0,42,47
1.0,43,47
1.0,2,48
1.0,6,48
1.0,25,48
1.0,41,48
1.0,42,48
1.0,0,49
1.0,13,49
1.0,22,49
1.0,30,49
1.0,44,49
