1.0,0,3
1.0,1,6
1.0,2,8
1.0,0,9
1.0,2,10
1.0,6,10
1.0,7,11
1.0,1,13
1.0,4,14
1.0,7,15
1.0,8,15
1.0,13,16
1.0,4,17
1.0,6,17
1.0,14,17
1.0,16,17
1.0,0,18
1.0,3,18
1.0,10,19
1.0,3,20
1.0,3,21
1.0,13,21
1.0,16,21
1.0,11,22
1.0,5,23
1.0,12,23
1.0,19,23
1.0,22,23
1.0,0,24
1.0,7,25
1.0,11,25
1.0,21,25
1.0,24,25
1.0,17,26
1.0,22,26
1.0,8,27
1.0,9,27
1.0,11,27
1.0,15,27
1.0,25,27
1.0,13,28
1.0,16,28
1.0,19,28
1.0,5,29
1.0,8,30
1.0,26,30
1.0,29,30
1.0,8,31
1.0,10,31
1.0,12,31
1.0,14,31
1.0,9,32
1.0,20,32
1.0,31,32
1.0,2,33
1.0,14,33
1.0,18,33
1.0,24,33
1.0,1,34
1.0,2,34
1.0,20,34
1.0,22,34
1.0,29,34
1.0,11,35
1.0,12,35
1.0,24,35
1.0,4,36
1.0,12,36
1.0,3,37
1.0,24,37
1.0,28,37
1.0,1,38
1.0,7,38
1.0,12,38
1.0,29,38
1.0,35,38
1.0,5,39
1.0,15,39
1.0,35,39
1.0,36,39
1.0,18,40
1.0,19,40
1.0,37,40
1.0,2,41
1.0,10,41
1.0,22,41
1.0,23,41
1.0,0,42
1.0,19,42
1.0,20,42
1.0,40,42
1.0,5,43
1.0,6,43
1.0,26,43
1.0,36,43
1.0,37,43
1.0,1,44
1.0,5,44
1.0,9,44
1.0,26,44
1.0,42,44
1.0,4,45
1.0,16,45
1.0,20,45
1.0,30,45
1.0,32,45
1.0,7,46
1.0,14,46
1.0,15,46
1.0,41,46
1.0,4,47
1.0,6,47
1.0,21,47
1.0,29,47
1.0,40,47
1.0,9,48
1.0,28,48
1.0,36,48
1.0,39,48
1.0,46,48
1.0,13,49
1.0,18,49
1.0,30,49
1.0,32,49
1.0,33,49
