1.0,1,8
1.0,3,8
1.0,5,8
1.0,8,11
1.0,10,12
1.0,11,13
1.0,12,13
1.0,3,14
1.0,7,14
1.0,5,15
1.0,3,16
1.0,6,16
1.0,7,16
1.0,1,17
1.0,11,17
1.0,14,17
1.0,6,19
1.0,9,19
1.0,7,20
1.0,14,20
1.0,15,20
1.0,2,21
1.0,13,21
1.0,12,22
1.0,16,22
1.0,2,24
1.0,3,24
1.0,9,24
1.0,18,25
1.0,19,25
1.0,23,25
1.0,0,27
1.0,10,27
1.0,15,27
1.0,21,27
1.0,1,29
1.0,9,29
1.0,26,29
1.0,4,30
1.0,15,30
1.0,23,30
1.0,24,30
1.0,0,31
1.0,13,31
1.0,29,31
1.0,3,32
1.0,5,32
1.0,6,32
1.0,16,32
1.0,23,32
1.0,7,33
1.0,12,33
1.0,17,33
1.0,26,33
1.0,27,33
1.0,4,34
1.0,10,34
1.0,24,34
1.0,8,35
1.0,14,35
1.0,15,35
1.0,21,35
1.0,28,35
1.0,9,36
1.0,18,36
1.0,19,36
1.0,20,36
1.0,6,37
1.0,11,37
1.0,12,37
1.0,36,37
1.0,0,38
1.0,10,38
1.0,22,38
1.0,28,38
1.0,1,39
1.0,6,39
1.0,21,39
1.0,22,39
1.0,25,39
1.0,2,40
1.0,4,40
1.0,31,40
1.0,0,41
1.0,18,41
1.0,25,41
1.0,28,41
1.0,5,42
1.0,9,42
1.0,10,42
1.0,30,42
1.0,34,42
1.0,1,43
1.0,2,43
1.0,4,43
1.0,31,43
1.0,0,44
1.0,4,44
1.0,5,44
1.0,22,44
1.0,29,44
1.0,26,45
1.0,28,45
1.0,37,45
1.0,40,45
1.0,7,46
1.0,13,46
1.0,18,46
1.0,34,46
1.0,40,46
1.0,18,47
1.0,19,47
1.0,26,47
1.0,41,47
1.0,45,47
1.0,17,48
1.0,23,48
1.0,26,48
1.0,28,48
1.0,38,48
1.0,2,49
1.0,11,49
1.0,20,49
1.0,23,49
1.0,43,49
