1.0,0,4
1.0,2,4
1.0,1,5
1.0,1,6
1.0,8,10
1.0,0,12
1.0,8,12
1.0,9,12
1.0,10,12
1.0,10,13
1.0,6,16
1.0,15,16
1.0,0,17
1.0,5,18
1.0,12,18
1.0,13,18
1.0,3,19
1.0,13,19
1.0,17,19
1.0,7,20
1.0,17,20
1.0,2,21
1.0,4,22
1.0,9,22
1.0,3,23
1.0,7,23
1.0,14,23
1.0,21,23
1.0,5,24
1.0,9,24
1.0,0,25
1.0,2,25
1.0,13,25
1.0,13,26
1.0,19,26
1.0,15,27
1.0,20,27
1.0,10,28
1.0,16,28
1.0,22,28
1.0,24,28
1.0,1,29
1.0,11,29
1.0,17,29
1.0,10,30
1.0,18,30
1.0,2,31
1.0,14,31
1.0,25,31
1.0,30,31
1.0,8,32
1.0,21,32
1.0,26,32
1.0,30,32
1.0,4,33
1.0,11,33
1.0,27,33
1.0,19,34
1.0,20,34
1.0,5,35
1.0,7,35
1.0,22,35
1.0,34,35
1.0,3,36
1.0,11,36
1.0,14,36
1.0,9,37
1.0,11,37
1.0,20,37
1.0,33,37
1.0,36,37
1.0,8,38
1.0,15,38
1.0,24,38
1.0,4,39
1.0,7,39
1.0,22,39
1.0,27,39
1.0,33,39
1.0,14,40
1.0,16,40
1.0,21,40
1.0,35,40
1.0,6,41
1.0,11,41
1.0,17,41
1.0,29,41
1.0,32,41
1.0,7,42
1.0,18,42
1.0,23,42
1.0,30,42
1.0,1,43
1.0,15,43
1.0,21,43
1.0,34,43
1.0,0,44
1.0,3,44
1.0,25,44
1.0,31,44
1.0,34,44
1.0,24,45
1.0,26,45
1.0,29,45
1.0,38,45
1.0,3,46
1.0,5,46
1.0,6,46
1.0,36,46
1.0,40,46
1.0,9,47
1.0,15,47
1.0,16,47
1.0,27,47
1.0,28,47
1.0,6,48
1.0,26,48
1.0,38,48
1.0,43,48
1.0,45,48
1.0,1,49
1.0,2,49
1.0,8,49
1.0,14,49
1.0,42,49
