1.0,0,3
1.0,3,4
1.0,4,5
1.0,4,7
1.0,3,9
1.0,6,9
1.0,3,10
1.0,8,10
1.0,2,11
1.0,6,12
1.0,13,14
1.0,0,17
1.0,15,17
1.0,2,18
1.0,6,18
1.0,11,18
1.0,1,20
1.0,4,20
1.0,5,20
1.0,10,20
1.0,13,21
1.0,14,21
1.0,16,21
1.0,1,22
1.0,19,22
1.0,15,23
1.0,19,23
1.0,0,24
1.0,2,24
1.0,13,24
1.0,14,24
1.0,14,25
1.0,23,25
1.0,1,26
1.0,7,26
1.0,9,26
1.0,15,27
1.0,17,27
1.0,5,28
1.0,6,28
1.0,8,28
1.0,27,28
1.0,7,29
1.0,8,29
1.0,11,29
1.0,23,29
1.0,6,30
1.0,16,30
1.0,24,30
1.0,7,31
1.0,9,31
1.0,17,32
1.0,27,32
1.0,29,32
1.0,2,33
1.0,8,33
1.0,15,33
1.0,25,33
1.0,10,34
1.0,19,34
1.0,28,34
1.0,16,35
1.0,21,35
1.0,22,35
1.0,0,36
1.0,21,36
1.0,25,36
1.0,35,36
1.0,7,37
1.0,10,37
1.0,23,37
1.0,12,38
1.0,27,38
1.0,30,38
1.0,31,38
1.0,4,39
1.0,5,39
1.0,26,39
1.0,34,39
1.0,3,40
1.0,16,40
1.0,18,40
1.0,31,40
1.0,13,41
1.0,15,41
1.0,16,41
1.0,17,41
1.0,36,41
1.0,0,42
1.0,19,42
1.0,22,42
1.0,31,42
1.0,40,42
1.0,12,43
1.0,14,43
1.0,22,43
1.0,25,43
1.0,12,44
1.0,33,44
1.0,37,44
1.0,43,44
1.0,2,45
1.0,11,45
1.0,13,45
1.0,32,45
1.0,18,46
1.0,20,46
1.0,32,46
1.0,44,46
1.0,45,46
1.0,5,47
1.0,9,47
1.0,30,47
1.0,34,47
1.0,39,47
1.0,1,48
1.0,11,48
1.0,12,48
1.0,37,48
1.0,38,48
1.0,1,49
1.0,8,49
1.0,19,49
1.0,26,49
1.0,35,49
