1.0,0,6
1.0,5,7
1.0,3,8
1.0,8,10
1.0,4,11
1.0,9,12
1.0,10,13
1.0,11,13
1.0,3,14
1.0,3,15
1.0,9,15
1.0,12,15
1.0,7,16
1.0,10,16
1.0,5,17
1.0,6,17
1.0,0,18
1.0,5,18
1.0,11,18
1.0,12,18
1.0,1,19
1.0,12,19
1.0,4,20
1.0,11,20
1.0,19,20
1.0,2,21
1.0,6,21
1.0,17,21
1.0,16,22
1.0,17,22
1.0,18,22
1.0,16,23
1.0,22,23
1.0,14,24
1.0,9,25
1.0,12,25
1.0,19,25
1.0,24,25
1.0,9,26
1.0,22,26
1.0,0,27
1.0,13,27
1.0,15,27
1.0,20,27
1.0,2,28
1.0,7,28
1.0,2,29
1.0,8,29
1.0,6,31
1.0,7,31
1.0,14,31
1.0,24,31
1.0,30,31
1.0,1,32
1.0,4,32
1.0,19,32
1.0,21,32
1.0,7,33
1.0,10,33
1.0,30,33
1.0,2,34
1.0,25,34
1.0,28,34
1.0,2,35
1.0,13,35
1.0,29,35
1.0,33,35
1.0,3,36
1.0,4,36
1.0,26,36
1.0,30,36
1.0,5,37
1.0,14,37
1.0,26,37
1.0,32,37
1.0,0,38
1.0,8,38
1.0,11,38
1.0,15,39
1.0,20,39
1.0,27,39
1.0,21,40
1.0,23,40
1.0,24,40
1.0,29,40
1.0,39,40
1.0,1,41
1.0,17,41
1.0,28,41
1.0,30,41
1.0,16,42
1.0,23,42
1.0,37,42
1.0,39,42
1.0,5,43
1.0,36,43
1.0,41,43
1.0,8,44
1.0,9,44
1.0,29,44
1.0,43,44
1.0,0,45
1.0,3,45
1.0,6,45
1.0,24,45
1.0,43,45
1.0,1,46
1.0,13,46
1.0,28,46
1.0,38,46
1.0,10,47
1.0,30,47
1.0,33,47
1.0,44,47
1.0,46,47
1.0,1,48
1.0,4,48
1.0,23,48
1.0,34,48
1.0,35,48
1.0,14,49
1.0,26,49
1.0,34,49
1.0,38,49
1.0,42,49
