1.0,1,2
1.0,3,4
1.0,6,9
1.0,1,10
1.0,10,11
1.0,3,12
1.0,2,13
1.0,9,13
1.0,1,14
1.0,1,15
1.0,7,15
1.0,8,15
1.0,10,16
1.0,13,18
1.0,5,19
1.0,7,19
1.0,5,20
1.0,8,20
1.0,16,20
1.0,14,21
1.0,17,21
1.0,6,22
1.0,12,22
1.0,15,22
1.0,19,22
1.0,0,23
1.0,11,23
1.0,18,23
1.0,20,23
1.0,21,23
1.0,5,25
1.0,11,25
1.0,16,25
1.0,0,26
1.0,4,26
1.0,14,26
1.0,18,26
1.0,6,27
1.0,7,27
1.0,19,27
1.0,24,27
1.0,3,28
1.0,9,28
1.0,18,28
1.0,21,28
1.0,0,29
1.0,3,29
1.0,2,30
1.0,6,30
1.0,7,30
1.0,10,31
1.0,17,31
1.0,12,32
1.0,27,32
1.0,29,32
1.0,10,33
1.0,17,33
1.0,31,33
1.0,6,34
1.0,25,34
1.0,28,34
1.0,9,35
1.0,14,35
1.0,16,35
1.0,18,35
1.0,34,35
1.0,2,36
1.0,17,36
1.0,24,36
1.0,12,37
1.0,22,37
1.0,31,37
1.0,0,38
1.0,9,38
1.0,24,38
1.0,32,38
1.0,33,38
1.0,7,39
1.0,21,39
1.0,30,39
1.0,4,40
1.0,5,40
1.0,14,40
1.0,32,40
1.0,8,41
1.0,13,41
1.0,20,41
1.0,36,41
1.0,8,42
1.0,11,42
1.0,12,42
1.0,29,42
1.0,31,42
1.0,4,43
1.0,5,43
1.0,17,43
1.0,24,43
1.0,37,43
1.0,1,44
1.0,3,44
1.0,39,44
1.0,4,45
1.0,24,45
1.0,26,45
1.0,34,45
1.0,37,45
1.0,15,46
1.0,19,46
1.0,29,46
1.0,41,46
1.0,44,46
1.0,13,47
1.0,25,47
1.0,30,47
1.0,39,47
1.0,0,48
1.0,11,48
1.0,36,48
1.0,40,48
1.0,44,48
1.0,2,49
1.0,8,49
1.0,16,49
1.0,33,49
1.0,47,49
