1.0,0,1
1.0,2,3
1.0,0,4
1.0,0,5
1.0,0,7
1.0,2,7
1.0,4,9
1.0,1,10
1.0,7,10
1.0,2,11
1.0,2,13
1.0,9,13
1.0,11,14
1.0,12,14
1.0,12,15
1.0,13,15
1.0,6,17
1.0,14,17
1.0,1,18
1.0,16,19
1.0,1,20
1.0,6,20
1.0,1,21
1.0,8,21
1.0,12,21
1.0,9,23
1.0,5,24
1.0,6,24
1.0,14,24
1.0,7,25
1.0,18,25
1.0,19,25
1.0,7,26
1.0,15,26
1.0,18,26
1.0,9,27
1.0,12,27
1.0,3,28
1.0,22,28
1.0,25,29
1.0,3,30
1.0,16,30
1.0,23,30
1.0,0,31
1.0,3,31
1.0,11,31
1.0,16,31
1.0,22,32
1.0,29,32
1.0,29,33
1.0,10,34
1.0,18,34
1.0,28,34
1.0,30,34
1.0,32,34
1.0,5,35
1.0,13,35
1.0,17,35
1.0,20,35
1.0,33,35
1.0,5,36
1.0,11,36
1.0,27,36
1.0,28,36
1.0,20,37
1.0,26,37
1.0,29,37
1.0,32,37
1.0,4,38
1.0,15,38
1.0,23,38
1.0,33,38
1.0,6,39
1.0,18,39
1.0,30,39
1.0,33,39
1.0,8,40
1.0,19,40
1.0,24,40
1.0,27,40
1.0,28,40
1.0,19,41
1.0,22,41
1.0,31,41
1.0,33,41
1.0,36,41
1.0,9,42
1.0,17,42
1.0,20,42
1.0,24,42
1.0,32,42
1.0,10,43
1.0,16,43
1.0,22,43
1.0,26,43
1.0,38,43
1.0,4,44
1.0,5,44
1.0,8,44
1.0,15,44
1.0,29,44
1.0,19,45
1.0,21,45
1.0,22,45
1.0,23,45
1.0,27,45
1.0,3,46
1.0,10,46
1.0,17,46
1.0,21,46
1.0,37,46
1.0,4,47
1.0,6,47
1.0,8,47
1.0,13,47
1.0,2,48
1.0,8,48
1.0,23,48
1.0,39,48
1.0,47,48
1.0,11,49
1.0,12,49
1.0,14,49
1.0,16,49
1.0,25,49
