1.0,0,1
1.0,3,4
1.0,0,5
1.0,2,8
1.0,3,8
1.0,4,8
1.0,9,10
1.0,7,11
1.0,1,12
1.0,0,13
1.0,10,13
1.0,6,15
1.0,14,15
1.0,10,16
1.0,13,16
1.0,15,16
1.0,5,17
1.0,2,18
1.0,6,19
1.0,11,19
1.0,3,20
1.0,13,20
1.0,16,20
1.0,19,20
1.0,7,21
1.0,4,22
1.0,18,22
1.0,4,24
1.0,8,24
1.0,14,24
1.0,22,24
1.0,19,25
1.0,24,25
1.0,2,26
1.0,12,26
1.0,17,26
1.0,0,27
1.0,6,27
1.0,16,27
1.0,17,27
1.0,26,27
1.0,11,28
1.0,21,28
1.0,22,28
1.0,5,29
1.0,13,29
1.0,22,29
1.0,4,30
1.0,9,30
1.0,12,30
1.0,19,31
1.0,21,31
1.0,11,32
1.0,18,32
1.0,23,32
1.0,28,32
1.0,9,33
1.0,15,33
1.0,17,33
1.0,23,33
1.0,25,33
1.0,14,34
1.0,20,34
1.0,30,34
1.0,2,35
1.0,10,35
1.0,21,35
1.0,31,35
1.0,12,36
1.0,32,36
1.0,34,36
1.0,10,37
1.0,12,37
1.0,34,37
1.0,7,38
1.0,21,38
1.0,23,38
1.0,35,38
1.0,1,39
1.0,7,39
1.0,8,39
1.0,25,39
1.0,30,40
1.0,37,40
1.0,39,40
1.0,3,41
1.0,6,41
1.0,9,41
1.0,25,41
1.0,36,41
1.0,1,42
1.0,9,42
1.0,26,42
1.0,31,42
1.0,40,42
1.0,1,43
1.0,14,43
1.0,15,43
1.0,23,43
1.0,7,44
1.0,18,44
1.0,29,44
1.0,31,44
1.0,2,45
1.0,17,45
1.0,38,45
1.0,3,46
1.0,14,46
1.0,28,46
1.0,37,46
1.0,43,46
1.0,6,47
1.0,11,47
1.0,18,47
1.0,23,47
1.0,36,47
1.0,0,48
1.0,5,48
1.0,29,48
1.0,45,48
1.0,5,49
1.0,40,49
1.0,44,49
1.0,45,49
1.0,48,49
