1.0,1,4
1.0,6,9
1.0,7,10
1.0,8,10
1.0,3,11
1.0,0,12
1.0,6,13
1.0,2,15
1.0,4,17
1.0,11,17
1.0,14,17
1.0,2,18
1.0,3,19
1.0,8,19
1.0,15,19
1.0,4,20
1.0,14,20
1.0,17,20
1.0,0,21
1.0,5,21
1.0,16,21
1.0,5,22
1.0,16,22
1.0,6,23
1.0,2,24
1.0,15,24
1.0,20,24
1.0,10,25
1.0,12,25
1.0,7,26
1.0,10,26
1.0,18,26
1.0,19,26
1.0,25,26
1.0,2,27
1.0,10,27
1.0,16,27
1.0,22,27
1.0,23,27
1.0,3,28
1.0,5,28
1.0,3,29
1.0,4,29
1.0,11,29
1.0,18,29
1.0,24,29
1.0,13,30
1.0,14,30
1.0,25,30
1.0,5,31
1.0,6,31
1.0,9,31
1.0,19,32
1.0,22,32
1.0,23,32
1.0,1,33
1.0,8,33
1.0,11,33
1.0,13,33
1.0,18,33
1.0,3,34
1.0,18,34
1.0,22,34
1.0,12,35
1.0,28,35
1.0,31,35
1.0,6,36
1.0,11,36
1.0,13,37
1.0,23,37
1.0,9,38
1.0,15,38
1.0,20,38
1.0,34,38
1.0,36,38
1.0,16,39
1.0,28,39
1.0,37,39
1.0,14,40
1.0,23,40
1.0,24,40
1.0,35,40
1.0,0,41
1.0,12,41
1.0,25,41
1.0,36,41
1.0,37,41
1.0,0,42
1.0,1,42
1.0,9,42
1.0,17,42
1.0,34,42
1.0,5,43
1.0,16,43
1.0,21,43
1.0,31,43
1.0,32,43
1.0,7,44
1.0,8,44
1.0,9,44
1.0,30,44
1.0,39,44
1.0,0,45
1.0,7,45
1.0,12,45
1.0,15,45
1.0,30,45
1.0,1,46
1.0,28,46
1.0,32,46
1.0,35,46
1.0,4,47
1.0,8,47
1.0,14,47
1.0,36,47
1.0,37,47
1.0,2,48
1.0,13,48
1.0,39,48
1.0,46,48
1.0,1,49
1.0,7,49
1.0,21,49
1.0,40,49
1.0,48,49
