1.0,0,1
1.0,3,4
1.0,6,7
1.0,6,9
1.0,1,10
1.0,0,11
1.0,5,11
1.0,0,14
1.0,12,14
1.0,2,15
1.0,14,15
1.0,1,17
1.0,9,17
1.0,10,18
1.0,6,19
1.0,9,19
1.0,12,20
1.0,13,20
1.0,16,21
1.0,18,21
1.0,20,21
1.0,13,22
1.0,5,23
1.0,15,24
1.0,4,25
1.0,8,25
1.0,12,25
1.0,4,26
1.0,6,26
1.0,16,26
1.0,22,26
1.0,1,27
1.0,13,27
1.0,22,27
1.0,18,28
1.0,25,28
1.0,18,29
1.0,23,29
1.0,24,29
1.0,0,30
1.0,8,30
1.0,7,31
1.0,8,31
1.0,22,31
1.0,30,31
1.0,3,32
1.0,17,32
1.0,24,32
1.0,28,32
1.0,29,32
1.0,7,33
1.0,8,33
1.0,9,33
1.0,10,33
1.0,27,33
1.0,4,34
1.0,5,34
1.0,24,34
1.0,2,35
1.0,16,35
1.0,24,35
1.0,28,35
1.0,3,36
1.0,4,36
1.0,12,36
1.0,13,36
1.0,21,36
1.0,1,37
1.0,34,37
1.0,2,38
1.0,3,38
1.0,7,38
1.0,23,38
1.0,2,39
1.0,19,39
1.0,21,39
1.0,29,39
1.0,31,39
1.0,3,40
1.0,13,40
1.0,14,40
1.0,30,40
1.0,2,41
1.0,11,41
1.0,12,41
1.0,15,41
1.0,6,42
1.0,11,42
1.0,16,42
1.0,30,42
1.0,34,42
1.0,14,43
1.0,19,43
1.0,25,43
1.0,37,43
1.0,5,44
1.0,11,44
1.0,17,44
1.0,27,44
1.0,37,44
1.0,0,45
1.0,20,45
1.0,26,45
1.0,35,45
1.0,41,45
1.0,8,46
1.0,16,46
1.0,17,46
1.0,20,46
1.0,28,46
1.0,7,47
1.0,15,47
1.0,23,47
1.0,37,47
1.0,40,47
1.0,10,48
1.0,19,48
1.0,22,48
1.0,38,48
1.0,43,48
1.0,5,49
1.0,9,49
1.0,10,49
1.0,18,49
1.0,23,49
