1.0,1,5
1.0,4,5
1.0,3,8
1.0,6,8
1.0,0,9
1.0,4,10
1.0,6,11
1.0,9,12
1.0,8,14
1.0,1,15
1.0,9,15
1.0,1,16
1.0,2,16
1.0,4,16
1.0,7,17
1.0,8,17
1.0,14,17
1.0,7,18
1.0,1,19
1.0,18,19
1.0,11,20
1.0,12,20
1.0,0,21
1.0,2,21
1.0,19,21
1.0,3,22
1.0,13,23
1.0,19,23
1.0,0,24
1.0,9,24
1.0,14,24
1.0,15,24
1.0,10,25
1.0,16,25
1.0,22,25
1.0,0,26
1.0,11,26
1.0,15,26
1.0,22,26
1.0,13,27
1.0,15,27
1.0,17,27
1.0,22,27
1.0,3,28
1.0,18,28
1.0,25,28
1.0,4,29
1.0,12,29
1.0,21,29
1.0,1,30
1.0,17,30
1.0,24,30
1.0,5,31
1.0,10,31
1.0,23,31
1.0,26,31
1.0,18,32
1.0,28,32
1.0,31,32
1.0,3,33
1.0,13,34
1.0,19,34
1.0,33,34
1.0,7,35
1.0,18,35
1.0,21,35
1.0,28,35
1.0,5,36
1.0,7,36
1.0,10,36
1.0,12,36
1.0,34,36
1.0,2,37
1.0,6,37
1.0,22,37
1.0,29,37
1.0,35,37
1.0,11,38
1.0,33,38
1.0,7,39
1.0,12,39
1.0,16,39
1.0,30,39
1.0,0,40
1.0,5,40
1.0,6,40
1.0,25,40
1.0,32,40
1.0,3,41
1.0,29,41
1.0,34,41
1.0,9,42
1.0,23,42
1.0,39,42
1.0,8,43
1.0,10,43
1.0,33,43
1.0,42,43
1.0,2,44
1.0,6,44
1.0,11,44
1.0,14,44
1.0,4,45
1.0,20,45
1.0,38,45
1.0,13,46
1.0,14,46
1.0,23,46
1.0,32,46
1.0,38,46
1.0,2,47
1.0,13,47
1.0,20,47
1.0,30,47
1.0,41,47
1.0,20,48
1.0,38,48
1.0,41,48
1.0,43,48
1.0,45,48
1.0,27,49
1.0,33,49
1.0,42,49
1.0,44,49
1.0,45,49
