1.0,0,4
1.0,2,4
1.0,3,6
1.0,5,7
1.0,0,9
1.0,1,10
1.0,0,11
1.0,5,11
1.0,6,11
1.0,0,13
1.0,3,13
1.0,9,14
1.0,12,14
1.0,13,14
1.0,7,15
1.0,8,16
1.0,7,17
1.0,12,18
1.0,14,18
1.0,3,20
1.0,4,20
1.0,0,21
1.0,1,21
1.0,19,21
1.0,4,22
1.0,7,22
1.0,15,22
1.0,6,23
1.0,11,23
1.0,18,23
1.0,20,23
1.0,18,24
1.0,5,25
1.0,8,25
1.0,21,25
1.0,12,26
1.0,15,26
1.0,17,26
1.0,3,27
1.0,24,27
1.0,15,28
1.0,20,28
1.0,10,29
1.0,17,29
1.0,9,30
1.0,24,30
1.0,1,31
1.0,2,31
1.0,7,31
1.0,2,32
1.0,3,32
1.0,14,32
1.0,16,32
1.0,4,33
1.0,8,33
1.0,9,33
1.0,10,33
1.0,11,33
1.0,10,34
1.0,25,34
1.0,27,34
1.0,28,34
1.0,5,35
1.0,19,35
1.0,1,36
1.0,16,36
1.0,6,37
1.0,12,37
1.0,27,37
1.0,2,38
1.0,18,38
1.0,19,38
1.0,31,38
1.0,10,39
1.0,26,39
1.0,36,39
1.0,16,40
1.0,29,40
1.0,30,40
1.0,31,40
1.0,36,40
1.0,2,41
1.0,12,41
1.0,22,41
1.0,27,41
1.0,30,41
1.0,5,42
1.0,13,42
1.0,28,42
1.0,39,42
1.0,13,43
1.0,22,43
1.0,24,43
1.0,29,43
1.0,35,43
1.0,1,44
1.0,8,44
1.0,21,44
1.0,29,44
1.0,39,44
1.0,8,45
1.0,20,45
1.0,24,45
1.0,37,45
1.0,38,45
1.0,17,46
1.0,19,46
1.0,25,46
1.0,34,46
1.0,36,46
1.0,6,47
1.0,9,47
1.0,28,47
1.0,32,47
1.0,42,47
1.0,15,48
1.0,16,48
1.0,23,48
1.0,26,48
1.0,35,48
1.0,17,49
1.0,19,49
1.0,30,49
1.0,35,49
1.0,37,49
