1.0,3,6
1.0,1,8
1.0,4,8
1.0,5,9
1.0,0,10
1.0,9,10
1.0,9,12
1.0,2,13
1.0,11,13
1.0,1,14
1.0,11,14
1.0,0,15
1.0,11,15
1.0,4,16
1.0,8,16
1.0,5,17
1.0,13,17
1.0,2,18
1.0,7,18
1.0,12,18
1.0,9,19
1.0,0,20
1.0,5,20
1.0,7,21
1.0,7,22
1.0,20,22
1.0,10,23
1.0,5,24
1.0,8,24
1.0,23,24
1.0,1,25
1.0,4,25
1.0,14,25
1.0,19,25
1.0,0,26
1.0,1,26
1.0,2,26
1.0,11,26
1.0,3,27
1.0,19,27
1.0,22,27
1.0,5,28
1.0,9,28
1.0,23,28
1.0,27,28
1.0,10,29
1.0,11,29
1.0,15,29
1.0,4,30
1.0,8,30
1.0,1,31
1.0,3,31
1.0,29,31
1.0,3,32
1.0,6,32
1.0,17,32
1.0,22,32
1.0,15,33
1.0,24,33
1.0,25,33
1.0,31,33
1.0,13,34
1.0,26,34
1.0,29,34
1.0,30,34
1.0,6,35
1.0,2,36
1.0,7,36
1.0,15,36
1.0,35,36
1.0,17,37
1.0,23,37
1.0,35,37
1.0,0,38
1.0,21,38
1.0,24,38
1.0,35,38
1.0,12,39
1.0,16,39
1.0,19,39
1.0,32,39
1.0,2,40
1.0,4,40
1.0,22,40
1.0,37,40
1.0,10,41
1.0,14,41
1.0,17,41
1.0,35,41
1.0,38,41
1.0,12,42
1.0,21,42
1.0,34,42
1.0,3,43
1.0,12,43
1.0,23,43
1.0,31,43
1.0,36,43
1.0,20,44
1.0,21,44
1.0,33,44
1.0,39,44
1.0,16,45
1.0,18,45
1.0,21,45
1.0,30,45
1.0,44,45
1.0,19,46
1.0,37,46
1.0,40,46
1.0,42,46
1.0,6,47
1.0,7,47
1.0,16,47
1.0,30,47
1.0,13,48
1.0,18,48
1.0,28,48
1.0,42,48
1.0,47,48
1.0,6,49
1.0,14,49
1.0,20,49
1.0,27,49
1.0,46,49
