1.0,2,5
1.0,6,9
1.0,8,9
1.0,0,10
1.0,2,11
1.0,10,11
1.0,0,12
1.0,3,12
1.0,1,14
1.0,9,14
1.0,0,16
1.0,4,16
1.0,8,17
1.0,12,17
1.0,1,18
1.0,8,18
1.0,15,18
1.0,4,19
1.0,6,19
1.0,15,19
1.0,12,20
1.0,14,20
1.0,15,20
1.0,17,20
1.0,2,21
1.0,4,21
1.0,3,24
1.0,4,24
1.0,11,24
1.0,1,25
1.0,7,25
1.0,13,25
1.0,24,25
1.0,19,26
1.0,22,26
1.0,19,27
1.0,22,27
1.0,26,28
1.0,3,29
1.0,13,29
1.0,13,30
1.0,29,30
1.0,8,31
1.0,9,31
1.0,24,31
1.0,28,31
1.0,2,32
1.0,4,32
1.0,7,32
1.0,22,32
1.0,23,32
1.0,5,33
1.0,11,33
1.0,16,33
1.0,27,33
1.0,1,34
1.0,15,34
1.0,18,34
1.0,20,34
1.0,30,34
1.0,7,35
1.0,12,35
1.0,28,35
1.0,27,36
1.0,29,36
1.0,30,36
1.0,0,37
1.0,2,37
1.0,5,37
1.0,14,37
1.0,23,37
1.0,3,38
1.0,16,38
1.0,17,38
1.0,10,39
1.0,13,39
1.0,21,39
1.0,36,39
1.0,14,40
1.0,25,40
1.0,29,40
1.0,6,41
1.0,7,41
1.0,8,41
1.0,26,41
1.0,36,41
1.0,18,42
1.0,22,42
1.0,23,42
1.0,35,42
1.0,38,42
1.0,6,43
1.0,9,43
1.0,10,43
1.0,23,43
1.0,26,43
1.0,5,44
1.0,6,44
1.0,7,44
1.0,21,44
1.0,31,44
1.0,0,45
1.0,1,45
1.0,15,45
1.0,27,45
1.0,30,45
1.0,5,46
1.0,13,46
1.0,17,46
1.0,21,46
1.0,40,46
1.0,11,47
1.0,22,47
1.0,28,47
1.0,38,47
1.0,40,47
1.0,23,48
1.0,28,48
1.0,35,48
1.0,39,48
1.0,3,49
1.0,10,49
1.0,16,49
1.0,33,49
1.0,48,49
