1.0,8,10
1.0,7,11
1.0,0,12
1.0,3,12
1.0,9,12
1.0,11,12
1.0,3,13
1.0,7,13
1.0,13,16
1.0,8,17
1.0,11,17
1.0,15,18
1.0,15,19
1.0,10,20
1.0,14,20
1.0,0,21
1.0,2,21
1.0,5,21
1.0,5,22
1.0,7,22
1.0,17,22
1.0,5,23
1.0,13,23
1.0,15,23
1.0,20,23
1.0,22,23
1.0,2,24
1.0,9,24
1.0,17,24
1.0,0,25
1.0,18,25
1.0,20,25
1.0,2,26
1.0,10,26
1.0,8,27
1.0,9,27
1.0,15,27
1.0,16,27
1.0,5,28
1.0,16,28
1.0,18,28
1.0,26,28
1.0,2,29
1.0,4,29
1.0,22,29
1.0,24,29
1.0,6,30
1.0,7,30
1.0,11,30
1.0,14,30
1.0,19,30
1.0,1,31
1.0,26,31
1.0,6,32
1.0,16,32
1.0,4,33
1.0,13,33
1.0,24,33
1.0,0,34
1.0,3,34
1.0,20,34
1.0,4,35
1.0,25,35
1.0,31,35
1.0,6,36
1.0,9,36
1.0,18,36
1.0,26,36
1.0,34,36
1.0,6,37
1.0,16,37
1.0,21,37
1.0,25,37
1.0,33,37
1.0,9,38
1.0,14,38
1.0,8,39
1.0,31,39
1.0,38,39
1.0,4,40
1.0,19,40
1.0,21,40
1.0,28,40
1.0,3,41
1.0,12,41
1.0,32,41
1.0,38,41
1.0,2,42
1.0,3,42
1.0,11,42
1.0,41,42
1.0,10,43
1.0,15,43
1.0,19,43
1.0,27,43
1.0,42,43
1.0,1,44
1.0,10,44
1.0,17,44
1.0,32,44
1.0,39,44
1.0,1,45
1.0,4,45
1.0,14,45
1.0,33,45
1.0,35,45
1.0,1,46
1.0,35,46
1.0,38,46
1.0,39,46
1.0,0,47
1.0,8,47
1.0,14,47
1.0,18,47
1.0,34,47
1.0,1,48
1.0,7,48
1.0,31,48
1.0,32,48
1.0,40,48
1.0,5,49
1.0,6,49
1.0,19,49
1.0,29,49
1.0,46,49
