1.0,0,4
1.0,3,8
1.0,6,10
1.0,3,11
1.0,9,12
1.0,12,13
1.0,0,14
1.0,2,14
1.0,4,14
1.0,5,14
1.0,9,14
1.0,3,15
1.0,8,15
1.0,8,16
1.0,12,16
1.0,2,17
1.0,4,17
1.0,3,18
1.0,6,18
1.0,12,19
1.0,5,20
1.0,6,20
1.0,10,21
1.0,12,21
1.0,8,22
1.0,22,23
1.0,13,24
1.0,21,24
1.0,23,24
1.0,15,25
1.0,23,25
1.0,22,26
1.0,1,27
1.0,10,27
1.0,11,27
1.0,17,27
1.0,10,28
1.0,19,28
1.0,1,29
1.0,9,29
1.0,19,29
1.0,23,29
1.0,2,30
1.0,8,30
1.0,28,30
1.0,11,31
1.0,15,31
1.0,20,31
1.0,17,32
1.0,6,33
1.0,19,33
1.0,27,33
1.0,0,34
1.0,1,34
1.0,4,34
1.0,13,34
1.0,32,34
1.0,9,35
1.0,15,35
1.0,25,35
1.0,32,35
1.0,5,36
1.0,13,36
1.0,25,36
1.0,26,36
1.0,7,37
1.0,21,37
1.0,36,37
1.0,11,38
1.0,31,38
1.0,33,38
1.0,37,38
1.0,2,39
1.0,9,39
1.0,19,39
1.0,20,39
1.0,16,40
1.0,21,40
1.0,23,40
1.0,30,40
1.0,31,40
1.0,0,41
1.0,7,41
1.0,16,41
1.0,20,41
1.0,26,41
1.0,7,42
1.0,18,42
1.0,26,42
1.0,30,42
1.0,33,42
1.0,2,43
1.0,5,43
1.0,28,43
1.0,29,43
1.0,32,43
1.0,0,44
1.0,3,44
1.0,4,44
1.0,7,44
1.0,22,44
1.0,10,45
1.0,18,45
1.0,24,45
1.0,32,45
1.0,37,45
1.0,6,46
1.0,22,46
1.0,24,46
1.0,39,46
1.0,1,47
1.0,5,47
1.0,16,47
1.0,25,47
1.0,38,47
1.0,1,48
1.0,17,48
1.0,26,48
1.0,28,48
1.0,46,48
1.0,7,49
1.0,11,49
1.0,13,49
1.0,18,49
1.0,35,49
