1.0,0,2
1.0,1,4
1.0,5,7
1.0,2,10
1.0,3,10
1.0,0,11
1.0,7,11
1.0,6,13
1.0,1,14
1.0,8,14
1.0,4,15
1.0,7,16
1.0,12,17
1.0,13,17
1.0,0,18
1.0,8,18
1.0,9,18
1.0,16,18
1.0,12,19
1.0,5,20
1.0,7,20
1.0,6,21
1.0,8,21
1.0,15,21
1.0,10,22
1.0,15,22
1.0,9,23
1.0,17,23
1.0,3,24
1.0,8,24
1.0,14,24
1.0,21,24
1.0,4,25
1.0,19,25
1.0,0,27
1.0,1,27
1.0,9,27
1.0,13,27
1.0,16,28
1.0,17,28
1.0,9,29
1.0,26,29
1.0,2,30
1.0,6,30
1.0,11,30
1.0,17,30
1.0,13,31
1.0,19,31
1.0,28,31
1.0,1,32
1.0,3,32
1.0,28,32
1.0,20,33
1.0,23,33
1.0,24,33
1.0,16,34
1.0,22,34
1.0,25,34
1.0,26,34
1.0,12,35
1.0,19,35
1.0,8,36
1.0,11,36
1.0,25,36
1.0,32,36
1.0,14,37
1.0,26,37
1.0,33,37
1.0,18,38
1.0,26,38
1.0,36,38
1.0,37,38
1.0,2,39
1.0,9,39
1.0,12,39
1.0,37,39
1.0,1,40
1.0,21,40
1.0,22,40
1.0,26,40
1.0,30,40
1.0,4,41
1.0,5,41
1.0,11,41
1.0,13,41
1.0,15,41
1.0,6,42
1.0,20,42
1.0,33,42
1.0,35,42
1.0,39,42
1.0,10,43
1.0,14,43
1.0,16,43
1.0,22,43
1.0,31,43
1.0,4,44
1.0,5,44
1.0,19,44
1.0,34,44
1.0,0,45
1.0,3,45
1.0,29,45
1.0,32,45
1.0,35,45
1.0,15,46
1.0,23,46
1.0,25,46
1.0,28,46
1.0,44,46
1.0,5,47
1.0,7,47
1.0,12,47
1.0,23,47
1.0,31,47
1.0,20,48
1.0,27,48
1.0,29,48
1.0,35,48
1.0,38,48
1.0,2,49
1.0,3,49
1.0,6,49
1.0,10,49
1.0,29,49
