1.0,0,4
1.0,0,5
1.0,0,6
1.0,2,6
1.0,5,6
1.0,1,7
1.0,1,8
1.0,8,9
1.0,2,10
1.0,3,11
1.0,9,13
1.0,11,13
1.0,5,14
1.0,3,15
1.0,8,16
1.0,9,16
1.0,10,16
1.0,13,16
1.0,6,17
1.0,17,18
1.0,3,19
1.0,9,19
1.0,11,19
1.0,8,20
1.0,9,20
1.0,11,21
1.0,15,22
1.0,1,23
1.0,7,23
1.0,22,23
1.0,3,24
1.0,11,24
1.0,14,24
1.0,17,24
1.0,23,24
1.0,5,25
1.0,21,25
1.0,4,26
1.0,12,26
1.0,21,26
1.0,0,27
1.0,12,27
1.0,18,27
1.0,7,28
1.0,14,28
1.0,6,29
1.0,7,29
1.0,18,30
1.0,19,30
1.0,16,31
1.0,22,31
1.0,28,31
1.0,1,32
1.0,8,32
1.0,29,32
1.0,2,33
1.0,12,33
1.0,25,33
1.0,26,33
1.0,15,34
1.0,17,34
1.0,20,34
1.0,29,34
1.0,14,35
1.0,20,35
1.0,30,35
1.0,4,36
1.0,10,36
1.0,0,37
1.0,1,37
1.0,5,37
1.0,19,37
1.0,31,37
1.0,15,38
1.0,18,38
1.0,34,38
1.0,35,38
1.0,36,38
1.0,4,39
1.0,20,39
1.0,26,39
1.0,32,39
1.0,2,40
1.0,13,40
1.0,27,40
1.0,30,41
1.0,31,41
1.0,25,42
1.0,28,42
1.0,29,42
1.0,40,42
1.0,4,43
1.0,15,43
1.0,32,43
1.0,35,43
1.0,10,44
1.0,18,44
1.0,22,44
1.0,36,44
1.0,41,44
1.0,17,45
1.0,21,45
1.0,23,45
1.0,42,45
1.0,43,45
1.0,12,46
1.0,13,46
1.0,14,46
1.0,21,46
1.0,41,46
1.0,12,47
1.0,22,47
1.0,28,47
1.0,33,47
1.0,36,47
1.0,2,48
1.0,27,48
1.0,30,48
1.0,39,48
1.0,41,48
1.0,3,49
1.0,7,49
1.0,10,49
1.0,25,49
1.0,40,49
