1.0,2,4
1.0,3,6
1.0,5,6
1.0,6,9
1.0,1,10
1.0,5,10
1.0,5,11
1.0,3,12
1.0,2,15
1.0,12,15
1.0,2,16
1.0,8,16
1.0,9,16
1.0,1,18
1.0,7,18
1.0,9,18
1.0,12,19
1.0,17,19
1.0,3,20
1.0,8,21
1.0,17,21
1.0,19,21
1.0,3,22
1.0,7,22
1.0,15,22
1.0,8,23
1.0,4,24
1.0,7,24
1.0,18,24
1.0,20,24
1.0,1,25
1.0,14,25
1.0,15,25
1.0,21,25
1.0,7,26
1.0,17,26
1.0,12,27
1.0,14,27
1.0,23,27
1.0,26,27
1.0,0,28
1.0,24,28
1.0,0,29
1.0,7,29
1.0,13,29
1.0,20,29
1.0,3,30
1.0,5,30
1.0,6,30
1.0,27,30
1.0,28,30
1.0,13,31
1.0,28,31
1.0,8,32
1.0,10,32
1.0,20,32
1.0,13,33
1.0,31,33
1.0,2,34
1.0,14,34
1.0,16,34
1.0,25,34
1.0,11,35
1.0,13,35
1.0,26,35
1.0,11,36
1.0,33,36
1.0,0,37
1.0,14,37
1.0,23,37
1.0,35,37
1.0,1,38
1.0,9,38
1.0,20,38
1.0,37,38
1.0,4,39
1.0,16,39
1.0,32,39
1.0,11,40
1.0,26,40
1.0,31,40
1.0,36,40
1.0,0,41
1.0,14,41
1.0,17,41
1.0,35,41
1.0,12,42
1.0,31,42
1.0,32,42
1.0,38,42
1.0,40,42
1.0,1,43
1.0,10,43
1.0,17,43
1.0,34,43
1.0,0,44
1.0,10,44
1.0,15,44
1.0,21,44
1.0,41,44
1.0,9,45
1.0,23,45
1.0,33,45
1.0,36,45
1.0,43,45
1.0,2,46
1.0,8,46
1.0,11,46
1.0,18,46
1.0,19,46
1.0,4,47
1.0,5,47
1.0,22,47
1.0,28,47
1.0,29,47
1.0,4,48
1.0,6,48
1.0,23,48
1.0,33,48
1.0,39,48
1.0,13,49
1.0,19,49
1.0,22,49
1.0,36,49
1.0,39,49
