1.0,2,3
1.0,1,6
1.0,9,12
1.0,10,12
1.0,0,13
1.0,5,13
1.0,9,13
1.0,5,14
1.0,6,14
1.0,10,14
1.0,8,17
1.0,6,18
1.0,9,18
1.0,16,18
1.0,10,19
1.0,15,20
1.0,6,21
1.0,9,21
1.0,3,22
1.0,4,22
1.0,11,22
1.0,12,22
1.0,13,22
1.0,1,23
1.0,2,23
1.0,0,24
1.0,5,24
1.0,15,24
1.0,1,25
1.0,6,25
1.0,10,25
1.0,15,25
1.0,12,26
1.0,16,27
1.0,18,27
1.0,4,28
1.0,8,28
1.0,26,28
1.0,1,29
1.0,11,29
1.0,26,29
1.0,3,30
1.0,26,30
1.0,1,31
1.0,4,31
1.0,19,31
1.0,28,31
1.0,0,32
1.0,2,32
1.0,4,32
1.0,15,32
1.0,23,32
1.0,4,33
1.0,7,33
1.0,31,33
1.0,3,34
1.0,14,34
1.0,20,34
1.0,7,35
1.0,12,35
1.0,16,35
1.0,26,35
1.0,30,35
1.0,8,36
1.0,11,36
1.0,16,36
1.0,21,36
1.0,27,36
1.0,13,37
1.0,17,37
1.0,21,37
1.0,34,37
1.0,0,38
1.0,2,38
1.0,23,38
1.0,5,39
1.0,7,39
1.0,24,39
1.0,25,39
1.0,38,39
1.0,2,40
1.0,19,40
1.0,21,40
1.0,23,40
1.0,29,40
1.0,15,41
1.0,20,41
1.0,30,41
1.0,33,41
1.0,8,42
1.0,16,42
1.0,17,42
1.0,29,42
1.0,8,43
1.0,14,43
1.0,17,43
1.0,19,43
1.0,28,43
1.0,18,44
1.0,19,44
1.0,24,44
1.0,38,44
1.0,3,45
1.0,7,45
1.0,9,45
1.0,17,45
1.0,37,45
1.0,11,46
1.0,20,46
1.0,33,46
1.0,0,47
1.0,7,47
1.0,10,47
1.0,20,47
1.0,30,47
1.0,27,48
1.0,41,48
1.0,42,48
1.0,44,48
1.0,46,48
1.0,5,49
1.0,11,49
1.0,27,49
1.0,34,49
1.0,46,49
