1.0,0,5
1.0,4,5
1.0,5,7
1.0,6,7
1.0,2,8
1.0,6,10
1.0,9,10
1.0,2,11
1.0,6,12
1.0,5,13
1.0,11,13
1.0,0,15
1.0,4,15
1.0,12,15
1.0,1,16
1.0,14,16
1.0,11,17
1.0,14,17
1.0,6,18
1.0,11,20
1.0,18,20
1.0,19,20
1.0,2,21
1.0,13,21
1.0,3,22
1.0,12,22
1.0,7,23
1.0,18,23
1.0,9,24
1.0,14,24
1.0,23,24
1.0,15,25
1.0,16,25
1.0,1,26
1.0,2,26
1.0,8,27
1.0,4,28
1.0,8,28
1.0,21,28
1.0,9,29
1.0,10,29
1.0,25,29
1.0,9,30
1.0,15,30
1.0,19,30
1.0,6,31
1.0,12,31
1.0,25,31
1.0,16,32
1.0,22,32
1.0,28,32
1.0,8,33
1.0,24,33
1.0,3,34
1.0,4,34
1.0,7,34
1.0,11,34
1.0,17,34
1.0,0,35
1.0,28,35
1.0,30,35
1.0,9,36
1.0,12,36
1.0,13,36
1.0,17,36
1.0,35,36
1.0,14,37
1.0,21,37
1.0,22,37
1.0,26,37
1.0,3,38
1.0,23,38
1.0,27,38
1.0,29,38
1.0,0,39
1.0,10,39
1.0,17,39
1.0,27,39
1.0,31,39
1.0,8,40
1.0,14,40
1.0,31,40
1.0,33,40
1.0,37,40
1.0,0,41
1.0,10,41
1.0,19,41
1.0,20,41
1.0,27,41
1.0,1,42
1.0,18,42
1.0,19,42
1.0,21,42
1.0,7,43
1.0,19,43
1.0,20,43
1.0,38,43
1.0,3,44
1.0,4,44
1.0,33,44
1.0,42,44
1.0,5,45
1.0,18,45
1.0,24,45
1.0,26,45
1.0,30,45
1.0,1,46
1.0,25,46
1.0,29,46
1.0,32,46
1.0,44,46
1.0,2,47
1.0,22,47
1.0,33,47
1.0,43,47
1.0,3,48
1.0,16,48
1.0,26,48
1.0,27,48
1.0,35,48
1.0,1,49
1.0,13,49
1.0,23,49
1.0,32,49
1.0,47,49
