1.0,0,2
1.0,0,4
1.0,3,6
1.0,6,7
1.0,7,9
1.0,4,10
1.0,0,12
1.0,2,12
1.0,10,13
1.0,12,15
1.0,14,15
1.0,1,16
1.0,12,16
1.0,13,16
1.0,2,17
1.0,7,18
1.0,9,18
1.0,5,19
1.0,6,19
1.0,11,19
1.0,15,19
1.0,3,20
1.0,3,22
1.0,3,23
1.0,4,23
1.0,4,24
1.0,11,24
1.0,17,24
1.0,23,24
1.0,0,25
1.0,1,25
1.0,5,25
1.0,20,25
1.0,9,26
1.0,13,26
1.0,1,27
1.0,21,27
1.0,18,28
1.0,22,28
1.0,8,29
1.0,16,29
1.0,10,30
1.0,21,30
1.0,26,30
1.0,3,31
1.0,26,31
1.0,8,32
1.0,13,32
1.0,22,32
1.0,23,32
1.0,0,33
1.0,21,33
1.0,22,33
1.0,5,34
1.0,9,34
1.0,22,34
1.0,26,34
1.0,6,35
1.0,7,35
1.0,18,35
1.0,28,35
1.0,31,35
1.0,11,36
1.0,14,36
1.0,20,36
1.0,21,36
1.0,29,36
1.0,7,37
1.0,8,37
1.0,11,37
1.0,27,37
1.0,28,37
1.0,4,38
1.0,25,38
1.0,34,38
1.0,1,39
1.0,14,39
1.0,30,39
1.0,17,40
1.0,20,40
1.0,23,40
1.0,24,40
1.0,27,40
1.0,9,41
1.0,19,41
1.0,28,41
1.0,31,41
1.0,33,41
1.0,5,42
1.0,15,42
1.0,31,42
1.0,33,42
1.0,38,42
1.0,11,43
1.0,29,43
1.0,30,43
1.0,5,44
1.0,14,44
1.0,17,44
1.0,21,44
1.0,38,44
1.0,1,45
1.0,8,45
1.0,12,45
1.0,13,45
1.0,39,45
1.0,2,46
1.0,10,46
1.0,15,46
1.0,17,46
1.0,43,46
1.0,2,47
1.0,8,47
1.0,20,47
1.0,29,47
1.0,43,47
1.0,14,48
1.0,16,48
1.0,18,48
1.0,27,48
1.0,6,49
1.0,10,49
1.0,32,49
1.0,39,49
1.0,48,49
