1.0,1,3
1.0,2,3
1.0,0,5
1.0,1,7
1.0,4,8
1.0,5,9
1.0,8,9
1.0,9,10
1.0,2,12
1.0,6,14
1.0,8,14
1.0,11,14
1.0,14,16
1.0,15,16
1.0,4,17
1.0,5,19
1.0,18,19
1.0,2,20
1.0,19,20
1.0,1,21
1.0,7,21
1.0,3,22
1.0,12,22
1.0,4,23
1.0,18,23
1.0,4,24
1.0,5,24
1.0,11,24
1.0,19,24
1.0,5,25
1.0,10,25
1.0,11,25
1.0,20,25
1.0,11,26
1.0,13,26
1.0,17,26
1.0,3,27
1.0,9,28
1.0,27,28
1.0,0,29
1.0,1,29
1.0,6,29
1.0,23,29
1.0,10,30
1.0,21,30
1.0,22,30
1.0,7,31
1.0,12,31
1.0,13,31
1.0,26,31
1.0,7,32
1.0,16,32
1.0,18,32
1.0,23,32
1.0,2,33
1.0,27,33
1.0,30,33
1.0,0,34
1.0,15,34
1.0,29,34
1.0,0,35
1.0,24,35
1.0,30,35
1.0,28,36
1.0,33,36
1.0,35,36
1.0,3,37
1.0,13,37
1.0,16,37
1.0,6,38
1.0,17,38
1.0,28,38
1.0,36,38
1.0,10,39
1.0,13,39
1.0,14,39
1.0,32,39
1.0,36,39
1.0,13,40
1.0,15,40
1.0,21,40
1.0,38,40
1.0,2,41
1.0,7,41
1.0,9,41
1.0,25,41
1.0,27,41
1.0,6,42
1.0,21,42
1.0,31,42
1.0,35,42
1.0,37,42
1.0,6,43
1.0,11,43
1.0,19,43
1.0,23,43
1.0,12,44
1.0,15,44
1.0,17,44
1.0,20,44
1.0,34,44
1.0,1,45
1.0,8,45
1.0,16,45
1.0,18,45
1.0,37,45
1.0,8,46
1.0,15,46
1.0,17,46
1.0,26,46
1.0,12,47
1.0,20,47
1.0,22,47
1.0,33,47
1.0,43,47
1.0,4,48
1.0,22,48
1.0,28,48
1.0,34,48
1.0,46,48
1.0,0,49
1.0,10,49
1.0,18,49
1.0,27,49
1.0,40,49
