1.0,0,6
1.0,3,6
1.0,4,6
1.0,5,6
1.0,2,7
1.0,2,9
1.0,0,10
1.0,1,10
1.0,3,11
1.0,7,11
1.0,4,14
1.0,9,14
1.0,11,14
1.0,2,15
1.0,3,15
1.0,12,16
1.0,7,17
1.0,9,17
1.0,12,17
1.0,5,18
1.0,5,19
1.0,8,19
1.0,13,20
1.0,16,20
1.0,2,21
1.0,8,21
1.0,3,22
1.0,18,22
1.0,11,23
1.0,18,23
1.0,22,23
1.0,0,24
1.0,1,24
1.0,4,24
1.0,19,24
1.0,3,25
1.0,13,25
1.0,20,25
1.0,22,25
1.0,23,25
1.0,0,26
1.0,20,26
1.0,7,27
1.0,17,27
1.0,26,27
1.0,1,28
1.0,2,28
1.0,1,29
1.0,8,29
1.0,21,29
1.0,22,29
1.0,20,30
1.0,23,30
1.0,4,31
1.0,12,31
1.0,5,32
1.0,12,32
1.0,30,32
1.0,31,32
1.0,8,33
1.0,15,33
1.0,21,33
1.0,10,34
1.0,15,34
1.0,16,34
1.0,9,35
1.0,27,36
1.0,33,36
1.0,4,37
1.0,18,37
1.0,24,37
1.0,30,37
1.0,35,37
1.0,10,38
1.0,26,38
1.0,31,38
1.0,13,39
1.0,14,39
1.0,26,39
1.0,35,39
1.0,1,40
1.0,18,40
1.0,19,40
1.0,33,40
1.0,35,40
1.0,0,41
1.0,7,41
1.0,32,41
1.0,36,41
1.0,38,41
1.0,17,42
1.0,28,42
1.0,35,42
1.0,39,42
1.0,19,43
1.0,29,43
1.0,36,43
1.0,38,43
1.0,5,44
1.0,6,44
1.0,13,44
1.0,14,44
1.0,9,45
1.0,16,45
1.0,30,45
1.0,34,45
1.0,36,45
1.0,11,46
1.0,13,46
1.0,42,46
1.0,15,47
1.0,16,47
1.0,21,47
1.0,34,47
1.0,43,47
1.0,8,48
1.0,10,48
1.0,28,48
1.0,31,48
1.0,46,48
1.0,12,49
1.0,27,49
1.0,28,49
1.0,44,49
1.0,46,49
