1.0,0,6
1.0,4,6
1.0,4,7
1.0,1,8
1.0,3,8
1.0,5,11
1.0,0,13
1.0,9,13
1.0,12,13
1.0,2,14
1.0,6,14
1.0,13,14
1.0,5,18
1.0,9,18
1.0,15,18
1.0,8,19
1.0,11,19
1.0,12,19
1.0,7,20
1.0,12,20
1.0,3,21
1.0,5,22
1.0,6,22
1.0,9,22
1.0,1,23
1.0,10,23
1.0,14,23
1.0,15,24
1.0,0,25
1.0,21,25
1.0,1,26
1.0,17,26
1.0,18,26
1.0,5,27
1.0,10,27
1.0,24,27
1.0,26,27
1.0,3,28
1.0,7,28
1.0,20,28
1.0,10,29
1.0,0,30
1.0,7,30
1.0,1,31
1.0,9,31
1.0,13,31
1.0,24,31
1.0,30,31
1.0,9,32
1.0,17,32
1.0,23,32
1.0,11,33
1.0,17,33
1.0,21,33
1.0,24,33
1.0,29,33
1.0,3,34
1.0,12,34
1.0,19,34
1.0,1,35
1.0,4,35
1.0,16,35
1.0,19,35
1.0,26,35
1.0,8,36
1.0,10,36
1.0,11,36
1.0,25,36
1.0,12,37
1.0,15,37
1.0,29,37
1.0,36,37
1.0,10,38
1.0,15,38
1.0,16,39
1.0,18,39
1.0,25,39
1.0,37,39
1.0,7,40
1.0,11,40
1.0,28,40
1.0,32,40
1.0,39,40
1.0,5,41
1.0,17,41
1.0,29,41
1.0,2,42
1.0,20,42
1.0,30,42
1.0,41,42
1.0,14,43
1.0,24,43
1.0,32,43
1.0,38,43
1.0,42,43
1.0,16,44
1.0,17,44
1.0,22,44
1.0,34,44
1.0,38,44
1.0,4,45
1.0,16,45
1.0,25,45
1.0,29,45
1.0,30,45
1.0,0,46
1.0,2,46
1.0,4,46
1.0,21,46
1.0,22,46
1.0,8,47
1.0,20,47
1.0,34,47
1.0,38,47
1.0,41,47
1.0,2,48
1.0,6,48
1.0,15,48
1.0,21,48
1.0,23,48
1.0,2,49
1.0,3,49
1.0,16,49
1.0,27,49
1.0,28,49
