1.0,1,3
1.0,1,4
1.0,3,6
1.0,5,9
1.0,5,10
1.0,1,11
1.0,10,11
1.0,0,13
1.0,8,13
1.0,12,14
1.0,2,16
1.0,12,16
1.0,4,17
1.0,12,18
1.0,14,18
1.0,15,18
1.0,18,19
1.0,2,20
1.0,7,21
1.0,9,21
1.0,2,22
1.0,10,22
1.0,16,22
1.0,8,23
1.0,15,24
1.0,1,25
1.0,6,25
1.0,20,25
1.0,17,26
1.0,19,26
1.0,23,26
1.0,2,27
1.0,12,27
1.0,13,27
1.0,8,28
1.0,19,28
1.0,0,29
1.0,13,29
1.0,19,29
1.0,2,30
1.0,5,30
1.0,17,30
1.0,26,30
1.0,8,31
1.0,17,31
1.0,22,31
1.0,4,32
1.0,6,32
1.0,13,32
1.0,24,32
1.0,5,33
1.0,6,33
1.0,16,33
1.0,18,33
1.0,29,33
1.0,7,34
1.0,10,34
1.0,12,34
1.0,0,35
1.0,9,35
1.0,15,35
1.0,28,35
1.0,8,36
1.0,20,36
1.0,23,36
1.0,25,36
1.0,4,37
1.0,23,37
1.0,30,37
1.0,34,37
1.0,3,38
1.0,9,38
1.0,22,38
1.0,34,38
1.0,19,39
1.0,27,39
1.0,28,39
1.0,7,40
1.0,11,40
1.0,17,40
1.0,23,40
1.0,27,40
1.0,0,41
1.0,36,41
1.0,39,41
1.0,6,42
1.0,7,42
1.0,11,42
1.0,14,42
1.0,39,42
1.0,0,43
1.0,3,43
1.0,11,43
1.0,14,43
1.0,26,43
1.0,1,44
1.0,5,44
1.0,21,44
1.0,24,44
1.0,31,44
1.0,3,45
1.0,14,45
1.0,15,45
1.0,32,45
1.0,41,45
1.0,20,46
1.0,21,46
1.0,24,46
1.0,28,46
1.0,29,46
1.0,15,47
1.0,21,47
1.0,24,47
1.0,37,47
1.0,38,47
1.0,7,48
1.0,9,48
1.0,20,48
1.0,25,48
1.0,41,48
1.0,4,49
1.0,10,49
1.0,16,49
1.0,31,49
1.0,35,49
