1.0,2,8
1.0,5,8
1.0,4,9
1.0,0,10
1.0,3,10
1.0,4,11
1.0,2,12
1.0,8,13
1.0,2,14
1.0,12,14
1.0,5,15
1.0,12,16
1.0,6,17
1.0,9,17
1.0,14,17
1.0,5,18
1.0,9,18
1.0,1,19
1.0,7,19
1.0,11,19
1.0,14,20
1.0,3,21
1.0,0,22
1.0,4,24
1.0,21,24
1.0,22,24
1.0,3,25
1.0,18,25
1.0,23,25
1.0,15,26
1.0,21,26
1.0,3,27
1.0,10,27
1.0,20,27
1.0,25,27
1.0,16,28
1.0,24,28
1.0,15,29
1.0,23,29
1.0,1,30
1.0,7,30
1.0,11,30
1.0,23,30
1.0,6,31
1.0,8,31
1.0,16,31
1.0,19,31
1.0,1,32
1.0,11,32
1.0,12,32
1.0,2,33
1.0,15,33
1.0,20,33
1.0,23,33
1.0,3,34
1.0,4,34
1.0,18,34
1.0,14,35
1.0,21,35
1.0,30,35
1.0,31,35
1.0,19,36
1.0,22,36
1.0,25,36
1.0,27,36
1.0,33,36
1.0,1,37
1.0,5,37
1.0,6,37
1.0,9,37
1.0,17,38
1.0,20,38
1.0,28,38
1.0,29,38
1.0,10,39
1.0,16,39
1.0,21,39
1.0,34,39
1.0,9,40
1.0,34,40
1.0,39,40
1.0,11,41
1.0,13,41
1.0,22,41
1.0,26,41
1.0,29,41
1.0,5,42
1.0,16,42
1.0,32,42
1.0,35,42
1.0,40,42
1.0,4,43
1.0,7,43
1.0,13,43
1.0,17,43
1.0,28,43
1.0,7,44
1.0,26,44
1.0,28,44
1.0,37,44
1.0,2,45
1.0,8,45
1.0,29,45
1.0,40,45
1.0,44,45
1.0,6,46
1.0,10,46
1.0,13,46
1.0,20,46
1.0,23,46
1.0,0,47
1.0,1,47
1.0,7,47
1.0,18,47
1.0,26,47
1.0,0,48
1.0,13,48
1.0,22,48
1.0,24,48
1.0,32,48
1.0,0,49
1.0,6,49
1.0,12,49
1.0,15,49
1.0,38,49
