1.0,0,2
1.0,0,3
1.0,0,4
1.0,3,7
1.0,0,9
1.0,3,10
1.0,6,10
1.0,8,10
1.0,1,11
1.0,6,11
1.0,1,12
1.0,2,12
1.0,6,13
1.0,6,14
1.0,13,14
1.0,7,15
1.0,8,15
1.0,10,15
1.0,4,17
1.0,11,17
1.0,8,19
1.0,1,20
1.0,2,22
1.0,8,22
1.0,9,22
1.0,16,22
1.0,5,23
1.0,6,23
1.0,12,23
1.0,14,23
1.0,1,24
1.0,15,24
1.0,16,24
1.0,20,25
1.0,21,25
1.0,24,26
1.0,25,26
1.0,15,27
1.0,17,27
1.0,26,27
1.0,4,28
1.0,8,28
1.0,20,28
1.0,7,29
1.0,14,29
1.0,16,29
1.0,11,30
1.0,19,30
1.0,5,31
1.0,12,31
1.0,27,31
1.0,30,31
1.0,7,32
1.0,28,32
1.0,29,32
1.0,17,33
1.0,32,33
1.0,16,34
1.0,19,34
1.0,23,34
1.0,33,34
1.0,9,35
1.0,11,35
1.0,13,35
1.0,30,35
1.0,0,36
1.0,2,36
1.0,21,36
1.0,24,36
1.0,17,37
1.0,18,37
1.0,20,37
1.0,21,37
1.0,36,37
1.0,5,38
1.0,10,38
1.0,20,38
1.0,14,39
1.0,18,39
1.0,25,39
1.0,38,39
1.0,3,40
1.0,7,40
1.0,16,40
1.0,18,40
1.0,32,40
1.0,12,41
1.0,19,41
1.0,21,41
1.0,31,41
1.0,35,41
1.0,2,42
1.0,13,42
1.0,29,42
1.0,30,42
1.0,5,43
1.0,9,43
1.0,22,43
1.0,34,43
1.0,4,44
1.0,5,44
1.0,33,44
1.0,43,44
1.0,13,45
1.0,18,45
1.0,27,45
1.0,44,45
1.0,1,46
1.0,4,46
1.0,18,46
1.0,39,46
1.0,3,47
1.0,26,47
1.0,45,47
1.0,46,47
1.0,19,48
1.0,21,48
1.0,25,48
1.0,26,48
1.0,47,48
1.0,9,49
1.0,28,49
1.0,33,49
1.0,38,49
1.0,42,49
