1.0,0,1
1.0,5,9
1.0,1,10
1.0,7,11
1.0,8,11
1.0,9,11
1.0,0,12
1.0,10,13
1.0,11,14
1.0,2,15
1.0,10,15
1.0,1,16
1.0,2,16
1.0,12,17
1.0,0,18
1.0,15,18
1.0,2,19
1.0,6,20
1.0,8,20
1.0,14,20
1.0,17,21
1.0,20,21
1.0,5,22
1.0,19,22
1.0,8,23
1.0,10,23
1.0,18,23
1.0,21,23
1.0,0,24
1.0,5,24
1.0,9,24
1.0,8,25
1.0,9,25
1.0,12,25
1.0,20,25
1.0,2,26
1.0,14,26
1.0,13,27
1.0,16,27
1.0,7,28
1.0,23,28
1.0,13,29
1.0,4,30
1.0,12,30
1.0,16,30
1.0,19,30
1.0,29,30
1.0,0,31
1.0,9,31
1.0,19,31
1.0,21,31
1.0,2,32
1.0,4,32
1.0,26,32
1.0,3,33
1.0,17,33
1.0,27,33
1.0,28,33
1.0,1,34
1.0,3,34
1.0,7,34
1.0,15,34
1.0,25,34
1.0,3,35
1.0,5,35
1.0,17,35
1.0,18,35
1.0,13,36
1.0,16,36
1.0,21,36
1.0,6,37
1.0,7,37
1.0,22,37
1.0,32,37
1.0,14,38
1.0,26,38
1.0,29,38
1.0,7,39
1.0,29,39
1.0,5,40
1.0,8,40
1.0,38,40
1.0,39,40
1.0,15,41
1.0,18,41
1.0,38,41
1.0,40,41
1.0,4,42
1.0,6,42
1.0,11,42
1.0,14,42
1.0,32,42
1.0,3,43
1.0,13,43
1.0,17,43
1.0,22,43
1.0,28,43
1.0,4,44
1.0,6,44
1.0,27,44
1.0,41,44
1.0,6,45
1.0,22,45
1.0,26,45
1.0,39,45
1.0,1,46
1.0,24,46
1.0,31,46
1.0,35,46
1.0,36,46
1.0,24,47
1.0,29,47
1.0,33,47
1.0,36,47
1.0,39,47
1.0,3,48
1.0,10,48
1.0,12,48
1.0,27,48
1.0,28,48
1.0,4,49
1.0,19,49
1.0,37,49
1.0,44,49
1.0,45,49
