1.0,0,4
1.0,1,8
1.0,7,8
1.0,6,9
1.0,2,10
1.0,0,11
1.0,3,11
1.0,5,11
1.0,3,13
1.0,4,13
1.0,8,14
1.0,10,14
1.0,5,15
1.0,4,16
1.0,13,17
1.0,11,18
1.0,15,18
1.0,7,19
1.0,10,19
1.0,12,19
1.0,4,21
1.0,12,21
1.0,18,21
1.0,19,21
1.0,2,22
1.0,7,22
1.0,2,23
1.0,6,23
1.0,10,23
1.0,19,23
1.0,16,24
1.0,18,24
1.0,7,25
1.0,12,25
1.0,18,25
1.0,20,25
1.0,24,25
1.0,9,26
1.0,16,26
1.0,8,27
1.0,26,27
1.0,2,28
1.0,26,28
1.0,1,29
1.0,17,29
1.0,3,30
1.0,21,30
1.0,27,30
1.0,29,30
1.0,11,31
1.0,15,31
1.0,26,31
1.0,27,31
1.0,0,32
1.0,9,32
1.0,14,32
1.0,1,33
1.0,6,33
1.0,12,33
1.0,6,34
1.0,13,34
1.0,33,34
1.0,3,35
1.0,17,35
1.0,22,35
1.0,34,35
1.0,8,36
1.0,16,36
1.0,17,36
1.0,28,36
1.0,15,37
1.0,24,37
1.0,6,38
1.0,17,38
1.0,37,38
1.0,5,39
1.0,22,39
1.0,28,39
1.0,37,39
1.0,38,39
1.0,14,40
1.0,15,40
1.0,22,40
1.0,23,40
1.0,29,40
1.0,3,41
1.0,13,41
1.0,20,41
1.0,34,41
1.0,1,42
1.0,9,42
1.0,20,42
1.0,29,42
1.0,32,42
1.0,1,43
1.0,14,43
1.0,16,43
1.0,36,43
1.0,37,43
1.0,5,44
1.0,10,44
1.0,20,44
1.0,24,44
1.0,28,44
1.0,31,45
1.0,33,45
1.0,35,45
1.0,0,46
1.0,27,46
1.0,41,46
1.0,5,47
1.0,7,47
1.0,32,47
1.0,45,47
1.0,46,47
1.0,0,48
1.0,4,48
1.0,12,48
1.0,38,48
1.0,46,48
1.0,2,49
1.0,9,49
1.0,20,49
1.0,30,49
1.0,45,49
