1.0,2,6
1.0,6,8
1.0,7,8
1.0,6,9
1.0,7,10
1.0,1,11
1.0,3,11
1.0,10,11
1.0,3,12
1.0,7,12
1.0,9,12
1.0,9,13
1.0,0,15
1.0,5,15
1.0,11,16
1.0,14,16
1.0,2,19
1.0,7,19
1.0,16,20
1.0,18,20
1.0,0,21
1.0,1,21
1.0,5,21
1.0,15,21
1.0,3,22
1.0,9,22
1.0,2,23
1.0,9,23
1.0,17,23
1.0,19,23
1.0,20,23
1.0,4,24
1.0,17,24
1.0,18,24
1.0,21,24
1.0,5,25
1.0,14,25
1.0,7,26
1.0,19,26
1.0,15,27
1.0,17,27
1.0,26,27
1.0,4,28
1.0,5,28
1.0,12,28
1.0,22,28
1.0,2,29
1.0,20,29
1.0,18,30
1.0,28,30
1.0,4,31
1.0,16,31
1.0,27,31
1.0,10,32
1.0,19,32
1.0,31,32
1.0,0,33
1.0,5,33
1.0,18,33
1.0,4,34
1.0,27,34
1.0,3,35
1.0,12,35
1.0,25,35
1.0,26,35
1.0,30,35
1.0,8,36
1.0,22,36
1.0,8,37
1.0,14,37
1.0,0,38
1.0,1,38
1.0,4,38
1.0,10,38
1.0,34,38
1.0,1,39
1.0,20,39
1.0,29,39
1.0,36,39
1.0,6,40
1.0,14,40
1.0,17,40
1.0,30,40
1.0,3,41
1.0,13,41
1.0,15,41
1.0,29,41
1.0,2,42
1.0,6,42
1.0,14,42
1.0,16,42
1.0,26,42
1.0,13,43
1.0,25,43
1.0,30,43
1.0,37,43
1.0,39,43
1.0,8,44
1.0,17,44
1.0,22,44
1.0,31,44
1.0,33,44
1.0,18,45
1.0,24,45
1.0,25,45
1.0,41,45
1.0,1,46
1.0,32,46
1.0,33,46
1.0,36,46
1.0,37,46
1.0,11,47
1.0,32,47
1.0,37,47
1.0,45,47
1.0,13,48
1.0,34,48
1.0,36,48
1.0,40,48
1.0,47,48
1.0,0,49
1.0,10,49
1.0,13,49
1.0,29,49
1.0,34,49
