1.0,2,4
1.0,4,6
1.0,7,10
1.0,2,11
1.0,5,11
1.0,9,12
1.0,11,12
1.0,1,13
1.0,4,13
1.0,6,14
1.0,8,14
1.0,7,15
1.0,9,15
1.0,3,16
1.0,7,16
1.0,10,16
1.0,4,17
1.0,16,17
1.0,4,18
1.0,9,18
1.0,6,20
1.0,5,21
1.0,8,21
1.0,14,21
1.0,3,22
1.0,3,23
1.0,17,23
1.0,22,23
1.0,0,24
1.0,2,24
1.0,3,24
1.0,13,24
1.0,19,24
1.0,0,25
1.0,9,25
1.0,18,26
1.0,21,26
1.0,5,27
1.0,6,27
1.0,11,27
1.0,1,28
1.0,8,28
1.0,18,28
1.0,20,28
1.0,2,29
1.0,10,29
1.0,22,29
1.0,15,30
1.0,22,30
1.0,5,31
1.0,8,31
1.0,17,31
1.0,19,32
1.0,29,32
1.0,30,32
1.0,0,33
1.0,13,33
1.0,25,33
1.0,1,34
1.0,25,34
1.0,33,34
1.0,1,35
1.0,7,35
1.0,19,35
1.0,23,35
1.0,26,35
1.0,18,36
1.0,31,36
1.0,32,36
1.0,34,36
1.0,10,37
1.0,12,37
1.0,16,37
1.0,7,38
1.0,20,38
1.0,22,38
1.0,37,38
1.0,9,39
1.0,12,39
1.0,14,39
1.0,17,39
1.0,20,39
1.0,0,40
1.0,21,40
1.0,30,40
1.0,2,41
1.0,6,41
1.0,19,41
1.0,26,41
1.0,12,42
1.0,15,42
1.0,23,42
1.0,27,42
1.0,14,43
1.0,27,43
1.0,29,43
1.0,38,43
1.0,40,43
1.0,26,44
1.0,33,44
1.0,37,44
1.0,40,44
1.0,42,44
1.0,0,45
1.0,25,45
1.0,36,45
1.0,1,46
1.0,10,46
1.0,30,46
1.0,32,46
1.0,45,46
1.0,11,47
1.0,15,47
1.0,20,47
1.0,28,47
1.0,5,48
1.0,8,48
1.0,19,48
1.0,31,48
1.0,41,48
1.0,3,49
1.0,13,49
1.0,34,49
1.0,45,49
1.0,47,49
