1.0,3,6
1.0,1,7
1.0,4,7
1.0,0,9
1.0,1,10
1.0,3,11
1.0,2,12
1.0,3,13
1.0,5,13
1.0,4,14
1.0,11,14
1.0,8,15
1.0,11,15
1.0,1,16
1.0,2,16
1.0,15,16
1.0,0,17
1.0,1,17
1.0,3,17
1.0,11,17
1.0,12,18
1.0,6,19
1.0,4,20
1.0,8,20
1.0,18,20
1.0,6,21
1.0,12,22
1.0,9,23
1.0,16,23
1.0,22,23
1.0,2,24
1.0,19,24
1.0,5,25
1.0,8,25
1.0,10,25
1.0,16,25
1.0,0,26
1.0,7,27
1.0,14,27
1.0,24,27
1.0,0,28
1.0,9,28
1.0,13,28
1.0,19,28
1.0,8,29
1.0,5,30
1.0,8,30
1.0,20,30
1.0,26,30
1.0,1,31
1.0,5,31
1.0,12,31
1.0,19,31
1.0,4,32
1.0,10,32
1.0,29,32
1.0,7,33
1.0,10,33
1.0,13,33
1.0,21,33
1.0,27,33
1.0,5,34
1.0,6,34
1.0,22,34
1.0,0,35
1.0,18,35
1.0,21,35
1.0,10,36
1.0,9,37
1.0,24,37
1.0,29,37
1.0,36,37
1.0,28,38
1.0,29,38
1.0,12,39
1.0,22,39
1.0,29,39
1.0,35,39
1.0,38,39
1.0,6,40
1.0,7,40
1.0,21,40
1.0,34,40
1.0,37,40
1.0,9,41
1.0,11,41
1.0,18,41
1.0,23,41
1.0,13,42
1.0,23,42
1.0,26,42
1.0,36,42
1.0,25,43
1.0,26,43
1.0,34,43
1.0,38,43
1.0,41,43
1.0,2,44
1.0,14,44
1.0,18,44
1.0,36,44
1.0,38,44
1.0,15,45
1.0,19,45
1.0,21,45
1.0,30,45
1.0,31,45
1.0,3,46
1.0,32,46
1.0,35,46
1.0,42,46
1.0,2,47
1.0,15,47
1.0,17,47
1.0,24,47
1.0,27,47
1.0,4,48
1.0,20,48
1.0,36,48
1.0,46,48
1.0,14,49
1.0,22,49
1.0,26,49
1.0,32,49
1.0,48,49
