0.08725304891274233,2,3
0.3477368477058109,4,5
0.024094310524527707,1,7
0.5920407556271403,5,8
0.5641848519912193,6,8
0.8557176841095734,2,9
0.19852090963358837,4,9
0.09940363694051435,7,9
0.6918572875342215,1,10
0.008197858843363659,4,10
0.0491718221481211,0,11
0.3277260730851096,6,11
0.11907881640750706,0,12
0.9772642076169137,6,12
0.9725641606703476,7,12
0.8907696748195567,3,13
0.7675180540873912,1,14
0.8010551449181886,5,14
0.3932710232252806,0,15
0.8025607099234905,13,16
0.7781487141858242,15,16
0.9418941527940101,10,17
0.9836615941923371,11,17
0.43805803761885986,16,17
0.1241890127157469,8,18
0.661425351684768,13,18
0.34751338616076566,14,18
0.8403841370820818,2,19
0.138227024723224,3,19
0.19683218568761018,15,19
