1.0,1,2
1.0,2,3
1.0,3,4
1.0,6,9
1.0,0,10
1.0,6,10
1.0,8,10
1.0,8,14
1.0,11,14
1.0,8,15
1.0,13,15
1.0,5,16
1.0,7,16
1.0,11,16
1.0,15,18
1.0,1,19
1.0,12,19
1.0,6,21
1.0,16,21
1.0,17,21
1.0,6,22
1.0,10,22
1.0,12,23
1.0,4,24
1.0,7,24
1.0,23,24
1.0,24,25
1.0,2,26
1.0,8,26
1.0,13,26
1.0,20,26
1.0,5,27
1.0,17,29
1.0,18,29
1.0,28,29
1.0,19,30
1.0,21,30
1.0,0,31
1.0,7,31
1.0,17,31
1.0,19,31
1.0,3,32
1.0,13,32
1.0,0,33
1.0,23,33
1.0,27,33
1.0,4,34
1.0,20,34
1.0,9,35
1.0,12,35
1.0,28,35
1.0,30,36
1.0,34,36
1.0,22,37
1.0,25,37
1.0,12,38
1.0,13,38
1.0,14,38
1.0,32,38
1.0,7,39
1.0,15,39
1.0,17,39
1.0,1,40
1.0,2,40
1.0,18,40
1.0,22,40
1.0,4,41
1.0,14,41
1.0,27,41
1.0,36,41
1.0,11,42
1.0,27,42
1.0,28,42
1.0,37,42
1.0,0,43
1.0,3,43
1.0,23,43
1.0,5,44
1.0,25,44
1.0,30,44
1.0,25,45
1.0,32,45
1.0,34,45
1.0,44,45
1.0,5,46
1.0,11,46
1.0,29,46
1.0,33,46
1.0,1,47
1.0,9,47
1.0,20,47
1.0,37,47
1.0,18,48
1.0,28,48
1.0,35,48
1.0,43,48
1.0,9,49
1.0,20,49
1.0,36,49
1.0,39,49
