1.0,1,2
1.0,0,3
1.0,3,5
1.0,7,8
1.0,5,11
1.0,5,12
1.0,7,13
1.0,10,13
1.0,6,16
1.0,6,17
1.0,11,17
1.0,0,18
1.0,2,18
1.0,4,21
1.0,8,21
1.0,8,22
1.0,11,22
1.0,21,22
1.0,14,23
1.0,10,24
1.0,17,24
1.0,19,24
1.0,9,25
1.0,10,26
1.0,21,26
1.0,25,26
1.0,1,27
1.0,8,27
1.0,12,27
1.0,2,28
1.0,3,28
1.0,18,28
1.0,25,28
1.0,1,29
1.0,19,29
1.0,20,29
1.0,4,30
1.0,16,30
1.0,20,30
1.0,9,31
1.0,15,31
1.0,18,31
1.0,6,32
1.0,9,32
1.0,16,32
1.0,1,33
1.0,14,33
1.0,23,33
1.0,7,34
1.0,16,34
1.0,17,34
1.0,3,35
1.0,11,35
1.0,19,35
1.0,33,35
1.0,10,36
1.0,24,36
1.0,26,36
1.0,34,36
1.0,4,37
1.0,14,37
1.0,5,38
1.0,15,38
1.0,22,38
1.0,27,38
1.0,0,39
1.0,23,39
1.0,31,39
1.0,37,39
1.0,0,40
1.0,9,40
1.0,7,41
1.0,20,41
1.0,25,41
1.0,12,42
1.0,15,42
1.0,19,43
1.0,23,43
1.0,40,43
1.0,13,44
1.0,29,44
1.0,42,44
1.0,6,45
1.0,37,45
1.0,40,45
1.0,4,46
1.0,41,46
1.0,45,46
1.0,14,47
1.0,20,47
1.0,30,47
1.0,44,47
1.0,12,48
1.0,32,48
1.0,43,48
1.0,46,48
1.0,2,49
1.0,13,49
1.0,15,49
1.0,42,49
