1.0,2,3
1.0,1,4
1.0,3,7
1.0,8,11
1.0,5,12
1.0,0,14
1.0,11,14
1.0,2,16
1.0,4,17
1.0,16,17
1.0,0,18
1.0,9,18
1.0,12,19
1.0,13,19
1.0,17,19
1.0,13,20
1.0,12,22
1.0,8,23
1.0,18,23
1.0,22,23
1.0,0,24
1.0,18,24
1.0,2,25
1.0,6,25
1.0,6,26
1.0,13,26
1.0,4,27
1.0,5,27
1.0,15,27
1.0,15,28
1.0,17,28
1.0,1,29
1.0,16,29
1.0,22,29
1.0,4,30
1.0,9,30
1.0,21,30
1.0,7,31
1.0,8,31
1.0,15,31
1.0,21,31
1.0,10,32
1.0,20,32
1.0,1,33
1.0,3,33
1.0,6,33
1.0,14,33
1.0,6,34
1.0,7,34
1.0,10,34
1.0,14,34
1.0,7,35
1.0,1,36
1.0,11,36
1.0,12,36
1.0,26,36
1.0,10,37
1.0,25,37
1.0,35,37
1.0,9,38
1.0,21,38
1.0,26,38
1.0,3,39
1.0,13,39
1.0,32,39
1.0,2,40
1.0,15,40
1.0,21,40
1.0,29,40
1.0,8,41
1.0,24,41
1.0,35,41
1.0,19,42
1.0,39,42
1.0,5,43
1.0,10,43
1.0,11,43
1.0,42,43
1.0,0,44
1.0,22,44
1.0,24,44
1.0,28,45
1.0,32,45
1.0,37,45
1.0,42,45
1.0,5,46
1.0,16,46
1.0,23,46
1.0,25,46
1.0,35,47
1.0,41,47
1.0,44,47
1.0,9,48
1.0,20,48
1.0,28,48
1.0,38,48
1.0,20,49
1.0,27,49
1.0,30,49
1.0,47,49
