1.0,1,4
1.0,2,4
1.0,1,5
1.0,3,10
1.0,7,11
1.0,5,12
1.0,2,13
1.0,11,13
1.0,1,14
1.0,5,14
1.0,6,15
1.0,9,16
1.0,15,16
1.0,13,17
1.0,9,18
1.0,14,18
1.0,0,19
1.0,3,19
1.0,10,19
1.0,8,20
1.0,6,21
1.0,8,22
1.0,16,22
1.0,17,22
1.0,10,23
1.0,11,23
1.0,10,25
1.0,23,25
1.0,12,26
1.0,21,27
1.0,22,27
1.0,13,28
1.0,17,28
1.0,20,28
1.0,23,29
1.0,17,30
1.0,18,30
1.0,20,30
1.0,26,30
1.0,4,32
1.0,7,32
1.0,9,32
1.0,7,33
1.0,24,33
1.0,31,33
1.0,5,34
1.0,16,34
1.0,19,35
1.0,21,35
1.0,2,36
1.0,18,36
1.0,25,36
1.0,0,37
1.0,11,37
1.0,31,37
1.0,14,38
1.0,24,38
1.0,31,38
1.0,34,38
1.0,0,39
1.0,8,39
1.0,21,39
1.0,27,39
1.0,6,40
1.0,20,40
1.0,24,40
1.0,29,40
1.0,7,41
1.0,26,41
1.0,2,42
1.0,3,42
1.0,15,42
1.0,24,42
1.0,9,43
1.0,36,43
1.0,41,43
1.0,8,44
1.0,32,44
1.0,33,44
1.0,35,44
1.0,3,45
1.0,12,45
1.0,26,45
1.0,34,45
1.0,0,46
1.0,6,46
1.0,35,46
1.0,43,46
1.0,12,47
1.0,28,47
1.0,29,47
1.0,37,47
1.0,4,48
1.0,27,48
1.0,31,48
1.0,41,48
1.0,1,49
1.0,15,49
1.0,25,49
1.0,29,49
