1.0,2,6
1.0,4,10
1.0,7,11
1.0,1,12
1.0,5,13
1.0,6,13
1.0,10,13
1.0,10,14
1.0,2,15
1.0,3,15
1.0,14,16
1.0,7,17
1.0,8,17
1.0,0,18
1.0,3,18
1.0,16,18
1.0,1,19
1.0,1,20
1.0,9,20
1.0,12,21
1.0,17,21
1.0,1,22
1.0,3,22
1.0,4,23
1.0,22,23
1.0,2,24
1.0,0,25
1.0,6,25
1.0,24,25
1.0,5,26
1.0,19,26
1.0,23,26
1.0,0,27
1.0,20,27
1.0,22,28
1.0,5,29
1.0,28,29
1.0,14,30
1.0,29,30
1.0,21,31
1.0,26,31
1.0,30,31
1.0,20,32
1.0,28,32
1.0,3,33
1.0,4,33
1.0,11,33
1.0,16,34
1.0,19,34
1.0,24,34
1.0,27,34
1.0,8,35
1.0,9,35
1.0,9,36
1.0,11,36
1.0,11,37
1.0,36,37
1.0,9,38
1.0,25,38
1.0,33,38
1.0,37,38
1.0,7,39
1.0,15,39
1.0,16,39
1.0,17,39
1.0,7,40
1.0,8,40
1.0,10,40
1.0,21,40
1.0,5,41
1.0,6,41
1.0,30,41
1.0,2,42
1.0,13,42
1.0,35,42
1.0,0,43
1.0,15,43
1.0,29,43
1.0,35,43
1.0,4,44
1.0,14,44
1.0,27,44
1.0,18,45
1.0,32,45
1.0,41,45
1.0,19,46
1.0,23,46
1.0,42,46
1.0,45,46
1.0,8,47
1.0,12,47
1.0,37,47
1.0,12,48
1.0,28,48
1.0,32,48
1.0,44,48
1.0,24,49
1.0,31,49
1.0,36,49
1.0,47,49
