1.0,2,8
1.0,6,8
1.0,1,11
1.0,0,13
1.0,5,13
1.0,2,14
1.0,7,14
1.0,12,14
1.0,9,15
1.0,3,16
1.0,0,17
1.0,7,17
1.0,12,18
1.0,18,19
1.0,6,20
1.0,10,21
1.0,16,21
1.0,4,22
1.0,19,22
1.0,21,22
1.0,4,23
1.0,6,23
1.0,9,24
1.0,17,24
1.0,19,24
1.0,5,25
1.0,24,25
1.0,11,26
1.0,12,26
1.0,15,26
1.0,20,27
1.0,9,28
1.0,27,28
1.0,11,29
1.0,13,29
1.0,14,29
1.0,4,30
1.0,12,30
1.0,17,30
1.0,22,31
1.0,23,31
1.0,27,31
1.0,1,32
1.0,20,32
1.0,15,33
1.0,16,33
1.0,3,34
1.0,25,34
1.0,9,35
1.0,28,35
1.0,5,36
1.0,25,36
1.0,32,36
1.0,34,36
1.0,16,37
1.0,18,37
1.0,23,37
1.0,2,38
1.0,13,38
1.0,27,38
1.0,34,38
1.0,1,39
1.0,4,39
1.0,11,39
1.0,31,39
1.0,6,40
1.0,20,40
1.0,7,41
1.0,10,41
1.0,40,41
1.0,5,42
1.0,28,42
1.0,29,43
1.0,32,43
1.0,33,43
1.0,35,43
1.0,2,44
1.0,8,44
1.0,15,44
1.0,35,44
1.0,0,45
1.0,26,45
1.0,30,45
1.0,42,45
1.0,3,46
1.0,7,46
1.0,8,46
1.0,10,46
1.0,3,47
1.0,19,47
1.0,21,47
1.0,41,47
1.0,1,48
1.0,18,48
1.0,33,48
1.0,42,48
1.0,0,49
1.0,10,49
1.0,37,49
1.0,40,49
