1.0,4,8
1.0,2,11
1.0,1,12
1.0,4,13
1.0,3,14
1.0,10,14
1.0,1,15
1.0,3,15
1.0,7,16
1.0,14,16
1.0,12,17
1.0,7,18
1.0,10,19
1.0,8,20
1.0,12,20
1.0,1,21
1.0,3,21
1.0,5,22
1.0,11,22
1.0,18,22
1.0,7,23
1.0,21,23
1.0,2,24
1.0,19,24
1.0,0,25
1.0,9,25
1.0,17,25
1.0,5,26
1.0,24,26
1.0,2,27
1.0,13,27
1.0,15,27
1.0,9,28
1.0,23,28
1.0,1,29
1.0,9,29
1.0,17,29
1.0,23,29
1.0,28,30
1.0,10,31
1.0,11,31
1.0,21,31
1.0,4,32
1.0,25,32
1.0,26,32
1.0,3,33
1.0,16,34
1.0,24,34
1.0,18,35
1.0,4,36
1.0,17,36
1.0,6,37
1.0,7,37
1.0,22,37
1.0,34,37
1.0,9,38
1.0,12,38
1.0,28,38
1.0,6,39
1.0,19,39
1.0,30,39
1.0,33,39
1.0,0,40
1.0,10,40
1.0,14,40
1.0,18,40
1.0,8,41
1.0,30,41
1.0,35,41
1.0,0,42
1.0,5,42
1.0,33,42
1.0,35,42
1.0,13,43
1.0,20,43
1.0,27,43
1.0,41,43
1.0,5,44
1.0,26,44
1.0,30,44
1.0,16,45
1.0,19,45
1.0,33,45
1.0,44,45
1.0,2,46
1.0,11,46
1.0,20,46
1.0,31,46
1.0,0,47
1.0,6,47
1.0,15,47
1.0,38,47
1.0,8,48
1.0,32,48
1.0,35,48
1.0,36,48
1.0,6,49
1.0,13,49
1.0,34,49
1.0,36,49
