1.0,3,5
1.0,2,6
1.0,3,7
1.0,7,8
1.0,0,9
1.0,1,10
1.0,1,12
1.0,4,13
1.0,6,13
1.0,8,13
1.0,7,14
1.0,11,14
1.0,0,15
1.0,10,16
1.0,15,16
1.0,2,17
1.0,3,17
1.0,5,18
1.0,10,18
1.0,2,19
1.0,18,19
1.0,13,21
1.0,15,21
1.0,20,21
1.0,17,22
1.0,19,22
1.0,11,23
1.0,12,23
1.0,20,25
1.0,12,26
1.0,14,26
1.0,19,26
1.0,22,26
1.0,1,27
1.0,24,28
1.0,7,29
1.0,25,29
1.0,0,30
1.0,18,30
1.0,24,30
1.0,16,31
1.0,23,31
1.0,8,32
1.0,20,32
1.0,2,33
1.0,12,33
1.0,20,33
1.0,4,34
1.0,9,34
1.0,28,34
1.0,16,35
1.0,21,35
1.0,27,35
1.0,1,36
1.0,8,36
1.0,5,37
1.0,11,37
1.0,29,37
1.0,5,38
1.0,10,38
1.0,30,38
1.0,35,38
1.0,0,39
1.0,25,39
1.0,36,39
1.0,4,40
1.0,6,40
1.0,15,40
1.0,11,41
1.0,14,41
1.0,33,41
1.0,9,42
1.0,29,42
1.0,32,42
1.0,22,43
1.0,34,43
1.0,37,43
1.0,28,44
1.0,31,44
1.0,36,44
1.0,42,44
1.0,25,45
1.0,28,45
1.0,31,45
1.0,3,46
1.0,4,46
1.0,23,46
1.0,43,46
1.0,9,47
1.0,17,47
1.0,27,47
1.0,32,47
1.0,24,48
1.0,40,48
1.0,41,48
1.0,45,48
1.0,6,49
1.0,24,49
1.0,27,49
1.0,39,49
