1.0,1,6
1.0,5,8
1.0,1,10
1.0,7,10
1.0,8,10
1.0,3,11
1.0,6,11
1.0,3,12
1.0,6,14
1.0,4,15
1.0,9,16
1.0,13,16
1.0,2,18
1.0,17,18
1.0,1,19
1.0,5,20
1.0,18,20
1.0,7,21
1.0,0,22
1.0,15,22
1.0,0,23
1.0,4,23
1.0,14,23
1.0,8,24
1.0,11,24
1.0,20,25
1.0,21,25
1.0,4,26
1.0,15,26
1.0,7,27
1.0,13,27
1.0,20,27
1.0,7,28
1.0,27,28
1.0,4,29
1.0,23,29
1.0,17,30
1.0,21,30
1.0,12,31
1.0,16,31
1.0,29,31
1.0,10,32
1.0,12,32
1.0,17,32
1.0,13,33
1.0,26,33
1.0,30,33
1.0,9,34
1.0,11,34
1.0,24,34
1.0,3,35
1.0,18,35
1.0,19,35
1.0,5,36
1.0,12,36
1.0,30,36
1.0,9,37
1.0,17,37
1.0,21,37
1.0,6,38
1.0,29,38
1.0,16,39
1.0,36,39
1.0,2,40
1.0,22,40
1.0,31,40
1.0,14,41
1.0,15,41
1.0,25,41
1.0,39,41
1.0,14,42
1.0,22,42
1.0,37,42
1.0,19,43
1.0,25,43
1.0,28,43
1.0,38,43
1.0,0,44
1.0,3,44
1.0,5,44
1.0,40,44
1.0,1,45
1.0,2,45
1.0,9,45
1.0,42,45
1.0,13,46
1.0,32,46
1.0,33,46
1.0,35,46
1.0,19,47
1.0,38,47
1.0,39,47
1.0,2,48
1.0,8,48
1.0,24,48
1.0,26,48
1.0,0,49
1.0,28,49
1.0,34,49
1.0,47,49
