1.0,0,2
1.0,1,5
1.0,3,6
1.0,4,8
1.0,4,10
1.0,4,11
1.0,0,12
1.0,7,12
1.0,9,12
1.0,0,14
1.0,7,15
1.0,9,15
1.0,9,16
1.0,5,17
1.0,7,18
1.0,15,19
1.0,0,20
1.0,16,20
1.0,3,21
1.0,14,21
1.0,3,22
1.0,15,22
1.0,2,23
1.0,8,24
1.0,11,24
1.0,9,25
1.0,16,25
1.0,2,26
1.0,22,26
1.0,25,26
1.0,10,27
1.0,14,27
1.0,18,27
1.0,13,28
1.0,1,29
1.0,3,29
1.0,19,29
1.0,6,30
1.0,21,30
1.0,6,31
1.0,8,31
1.0,30,31
1.0,11,32
1.0,23,32
1.0,24,32
1.0,25,32
1.0,8,33
1.0,10,33
1.0,13,33
1.0,20,34
1.0,28,34
1.0,17,35
1.0,18,35
1.0,34,35
1.0,7,36
1.0,13,36
1.0,23,36
1.0,5,37
1.0,19,37
1.0,29,37
1.0,1,38
1.0,16,38
1.0,33,38
1.0,14,39
1.0,17,39
1.0,37,39
1.0,18,40
1.0,19,40
1.0,28,40
1.0,30,40
1.0,34,41
1.0,36,41
1.0,5,42
1.0,17,42
1.0,27,42
1.0,6,43
1.0,28,43
1.0,41,43
1.0,12,44
1.0,22,44
1.0,23,44
1.0,41,44
1.0,20,45
1.0,24,45
1.0,4,46
1.0,39,46
1.0,42,46
1.0,45,46
1.0,2,47
1.0,13,47
1.0,43,47
1.0,45,47
1.0,10,48
1.0,11,48
1.0,21,48
1.0,31,48
1.0,1,49
1.0,26,49
1.0,35,49
1.0,38,49
