1.0,0,4
1.0,7,10
1.0,0,11
1.0,2,12
1.0,12,13
1.0,9,14
1.0,10,14
1.0,3,15
1.0,11,15
1.0,3,16
1.0,11,16
1.0,1,17
1.0,5,20
1.0,16,20
1.0,3,21
1.0,9,21
1.0,6,22
1.0,14,22
1.0,16,22
1.0,17,22
1.0,3,24
1.0,4,24
1.0,4,25
1.0,10,25
1.0,8,26
1.0,18,26
1.0,21,26
1.0,23,27
1.0,25,27
1.0,1,28
1.0,5,28
1.0,17,28
1.0,13,29
1.0,4,30
1.0,5,30
1.0,13,30
1.0,19,30
1.0,2,31
1.0,7,31
1.0,19,31
1.0,7,32
1.0,19,32
1.0,5,33
1.0,29,33
1.0,14,34
1.0,23,34
1.0,29,34
1.0,6,35
1.0,11,35
1.0,31,35
1.0,33,35
1.0,18,36
1.0,20,36
1.0,29,36
1.0,6,37
1.0,15,37
1.0,28,37
1.0,0,38
1.0,2,38
1.0,23,39
1.0,27,39
1.0,32,39
1.0,38,39
1.0,0,40
1.0,17,40
1.0,36,40
1.0,38,40
1.0,2,41
1.0,8,41
1.0,24,41
1.0,8,42
1.0,23,42
1.0,25,42
1.0,1,43
1.0,9,43
1.0,18,43
1.0,10,44
1.0,21,44
1.0,34,44
1.0,41,44
1.0,1,45
1.0,18,45
1.0,20,45
1.0,26,45
1.0,6,46
1.0,8,46
1.0,19,46
1.0,27,46
1.0,7,47
1.0,12,47
1.0,32,47
1.0,37,47
1.0,9,48
1.0,12,48
1.0,13,48
1.0,42,48
1.0,15,49
1.0,24,49
1.0,33,49
1.0,43,49
