1.0,0,1
1.0,3,4
1.0,0,5
1.0,1,5
1.0,6,10
1.0,9,11
1.0,6,12
1.0,10,12
1.0,5,13
1.0,11,13
1.0,1,15
1.0,12,15
1.0,14,15
1.0,2,16
1.0,7,17
1.0,12,17
1.0,10,18
1.0,0,19
1.0,7,20
1.0,14,20
1.0,2,21
1.0,7,21
1.0,18,22
1.0,19,22
1.0,8,23
1.0,9,23
1.0,6,25
1.0,19,26
1.0,18,27
1.0,24,27
1.0,9,28
1.0,21,28
1.0,26,28
1.0,13,29
1.0,18,29
1.0,0,30
1.0,16,30
1.0,3,31
1.0,17,31
1.0,25,31
1.0,26,32
1.0,30,32
1.0,8,33
1.0,16,33
1.0,32,33
1.0,11,34
1.0,23,34
1.0,32,34
1.0,1,35
1.0,27,35
1.0,6,36
1.0,22,36
1.0,24,36
1.0,13,37
1.0,19,37
1.0,25,37
1.0,23,38
1.0,28,38
1.0,2,39
1.0,4,39
1.0,11,39
1.0,3,40
1.0,10,40
1.0,14,40
1.0,29,40
1.0,5,41
1.0,16,41
1.0,24,41
1.0,39,41
1.0,7,42
1.0,17,42
1.0,37,42
1.0,38,42
1.0,15,43
1.0,25,43
1.0,35,43
1.0,3,44
1.0,8,44
1.0,34,44
1.0,35,44
1.0,2,45
1.0,8,45
1.0,21,45
1.0,31,45
1.0,20,46
1.0,22,46
1.0,27,46
1.0,29,46
1.0,4,47
1.0,20,47
1.0,30,47
1.0,36,47
1.0,4,48
1.0,9,48
1.0,14,48
1.0,38,48
1.0,24,49
1.0,26,49
1.0,33,49
1.0,43,49
