1.0,0,8
1.0,3,9
1.0,4,10
1.0,0,11
1.0,5,12
1.0,11,12
1.0,9,13
1.0,2,14
1.0,6,14
1.0,6,15
1.0,6,16
1.0,7,16
1.0,10,16
1.0,1,17
1.0,12,17
1.0,15,18
1.0,8,19
1.0,10,19
1.0,12,19
1.0,1,20
1.0,17,20
1.0,18,20
1.0,13,21
1.0,18,22
1.0,13,23
1.0,11,25
1.0,15,25
1.0,24,25
1.0,3,26
1.0,0,27
1.0,3,27
1.0,22,27
1.0,24,29
1.0,7,30
1.0,22,30
1.0,25,31
1.0,6,32
1.0,8,32
1.0,13,32
1.0,4,33
1.0,28,33
1.0,30,33
1.0,31,33
1.0,2,34
1.0,14,34
1.0,23,34
1.0,32,34
1.0,1,35
1.0,2,35
1.0,21,36
1.0,23,36
1.0,28,36
1.0,29,36
1.0,2,37
1.0,9,37
1.0,24,37
1.0,27,37
1.0,18,38
1.0,21,38
1.0,30,38
1.0,0,39
1.0,4,39
1.0,5,39
1.0,15,39
1.0,1,40
1.0,29,40
1.0,7,41
1.0,9,41
1.0,40,41
1.0,26,42
1.0,28,42
1.0,29,42
1.0,38,42
1.0,11,43
1.0,19,43
1.0,22,43
1.0,23,43
1.0,5,44
1.0,16,44
1.0,21,44
1.0,41,44
1.0,7,45
1.0,31,45
1.0,35,45
1.0,4,46
1.0,10,46
1.0,28,46
1.0,45,46
1.0,5,47
1.0,24,47
1.0,26,47
1.0,40,47
1.0,3,48
1.0,14,48
1.0,20,48
1.0,26,48
1.0,8,49
1.0,17,49
1.0,31,49
1.0,35,49
