1.0,2,6
1.0,1,7
1.0,5,9
1.0,8,10
1.0,10,11
1.0,0,12
1.0,11,12
1.0,4,13
1.0,12,14
1.0,3,15
1.0,14,16
1.0,15,16
1.0,0,17
1.0,9,17
1.0,16,17
1.0,1,18
1.0,7,18
1.0,0,19
1.0,6,19
1.0,19,20
1.0,1,22
1.0,2,22
1.0,6,22
1.0,5,23
1.0,8,23
1.0,11,23
1.0,12,23
1.0,9,24
1.0,10,24
1.0,14,24
1.0,15,25
1.0,1,26
1.0,20,26
1.0,5,27
1.0,22,27
1.0,3,28
1.0,26,28
1.0,19,29
1.0,26,29
1.0,28,30
1.0,11,32
1.0,21,32
1.0,30,32
1.0,13,33
1.0,17,33
1.0,20,33
1.0,0,34
1.0,13,34
1.0,31,34
1.0,15,35
1.0,21,35
1.0,31,35
1.0,10,36
1.0,27,36
1.0,30,36
1.0,7,37
1.0,24,37
1.0,3,38
1.0,4,38
1.0,30,38
1.0,37,38
1.0,20,39
1.0,21,39
1.0,33,39
1.0,8,40
1.0,9,40
1.0,29,40
1.0,39,40
1.0,7,41
1.0,31,41
1.0,32,41
1.0,14,42
1.0,16,42
1.0,18,42
1.0,25,42
1.0,2,43
1.0,4,43
1.0,37,43
1.0,4,44
1.0,13,44
1.0,36,44
1.0,5,45
1.0,6,45
1.0,18,45
1.0,2,46
1.0,21,46
1.0,29,46
1.0,45,46
1.0,27,47
1.0,28,47
1.0,41,47
1.0,44,47
1.0,8,48
1.0,25,48
1.0,31,48
1.0,34,48
1.0,3,49
1.0,25,49
1.0,35,49
1.0,43,49
