1.0,1,4
1.0,2,5
1.0,2,6
1.0,3,6
1.0,1,8
1.0,7,9
1.0,2,10
1.0,0,11
1.0,7,15
1.0,5,16
1.0,11,18
1.0,14,18
1.0,15,18
1.0,9,19
1.0,0,20
1.0,7,20
1.0,14,20
1.0,5,21
1.0,11,21
1.0,10,22
1.0,17,22
1.0,19,22
1.0,0,23
1.0,13,24
1.0,15,24
1.0,16,24
1.0,21,25
1.0,16,26
1.0,16,27
1.0,3,28
1.0,7,28
1.0,14,28
1.0,1,29
1.0,3,29
1.0,19,29
1.0,13,30
1.0,17,30
1.0,27,30
1.0,12,31
1.0,25,31
1.0,13,32
1.0,23,32
1.0,26,33
1.0,29,33
1.0,30,33
1.0,19,34
1.0,26,34
1.0,5,35
1.0,10,35
1.0,27,35
1.0,3,36
1.0,8,36
1.0,26,36
1.0,12,37
1.0,21,37
1.0,34,37
1.0,14,38
1.0,25,38
1.0,37,38
1.0,13,39
1.0,17,39
1.0,18,39
1.0,31,39
1.0,10,40
1.0,15,40
1.0,28,40
1.0,1,41
1.0,8,41
1.0,23,41
1.0,27,41
1.0,6,42
1.0,11,42
1.0,20,42
1.0,22,42
1.0,6,43
1.0,12,43
1.0,34,43
1.0,35,43
1.0,25,44
1.0,38,44
1.0,9,45
1.0,31,45
1.0,32,45
1.0,44,45
1.0,0,46
1.0,4,46
1.0,12,46
1.0,23,46
1.0,2,47
1.0,4,47
1.0,32,47
1.0,33,47
1.0,8,48
1.0,9,48
1.0,40,48
1.0,44,48
1.0,4,49
1.0,17,49
1.0,24,49
1.0,36,49
