1.0,1,2
1.0,4,6
1.0,2,7
1.0,3,7
1.0,0,10
1.0,1,11
1.0,2,12
1.0,6,12
1.0,10,12
1.0,1,13
1.0,2,14
1.0,4,14
1.0,8,15
1.0,5,16
1.0,10,16
1.0,3,17
1.0,6,17
1.0,11,17
1.0,7,18
1.0,8,20
1.0,15,21
1.0,11,22
1.0,19,22
1.0,11,23
1.0,16,23
1.0,14,25
1.0,20,25
1.0,23,25
1.0,8,26
1.0,7,27
1.0,19,27
1.0,24,27
1.0,14,28
1.0,1,29
1.0,10,29
1.0,12,29
1.0,26,29
1.0,3,30
1.0,22,30
1.0,28,30
1.0,17,32
1.0,0,33
1.0,9,33
1.0,26,33
1.0,13,34
1.0,18,34
1.0,24,34
1.0,15,35
1.0,18,35
1.0,28,35
1.0,15,36
1.0,18,36
1.0,24,36
1.0,32,36
1.0,13,37
1.0,19,37
1.0,21,37
1.0,25,37
1.0,4,38
1.0,5,38
1.0,13,38
1.0,20,39
1.0,21,39
1.0,28,39
1.0,30,39
1.0,9,40
1.0,26,40
1.0,27,40
1.0,31,41
1.0,32,41
1.0,33,41
1.0,16,42
1.0,21,42
1.0,23,42
1.0,31,42
1.0,22,43
1.0,38,43
1.0,41,43
1.0,5,44
1.0,9,44
1.0,35,44
1.0,0,45
1.0,20,45
1.0,31,45
1.0,5,46
1.0,9,46
1.0,32,46
1.0,40,46
1.0,0,47
1.0,8,47
1.0,19,47
1.0,24,47
1.0,3,48
1.0,4,48
1.0,31,48
1.0,34,48
1.0,6,49
1.0,43,49
1.0,44,49
1.0,45,49
