1.0,0,2
1.0,0,6
1.0,1,6
1.0,1,7
1.0,4,7
1.0,3,8
1.0,9,11
1.0,3,13
1.0,3,14
1.0,13,14
1.0,9,15
1.0,13,15
1.0,6,18
1.0,0,19
1.0,18,19
1.0,1,20
1.0,4,20
1.0,8,20
1.0,10,20
1.0,19,21
1.0,5,22
1.0,12,22
1.0,21,22
1.0,22,23
1.0,4,24
1.0,23,24
1.0,11,25
1.0,21,25
1.0,17,26
1.0,23,26
1.0,25,26
1.0,8,27
1.0,9,27
1.0,8,28
1.0,16,28
1.0,24,28
1.0,2,29
1.0,5,29
1.0,1,30
1.0,10,30
1.0,16,30
1.0,15,31
1.0,3,32
1.0,6,32
1.0,4,33
1.0,10,33
1.0,7,34
1.0,17,34
1.0,18,34
1.0,0,35
1.0,11,35
1.0,17,35
1.0,14,36
1.0,32,36
1.0,2,37
1.0,9,37
1.0,25,37
1.0,29,37
1.0,12,38
1.0,19,38
1.0,28,38
1.0,2,39
1.0,31,39
1.0,5,40
1.0,31,40
1.0,32,40
1.0,33,40
1.0,5,41
1.0,11,41
1.0,17,41
1.0,10,42
1.0,16,42
1.0,24,42
1.0,27,42
1.0,14,43
1.0,30,43
1.0,34,43
1.0,39,43
1.0,13,44
1.0,15,44
1.0,35,44
1.0,38,44
1.0,16,45
1.0,21,45
1.0,26,45
1.0,36,45
1.0,18,46
1.0,33,46
1.0,12,47
1.0,29,47
1.0,31,47
1.0,36,47
1.0,12,48
1.0,23,48
1.0,27,48
1.0,46,48
1.0,7,49
1.0,39,49
1.0,41,49
1.0,46,49
