1.0,0,2
1.0,0,7
1.0,2,7
1.0,5,8
1.0,7,8
1.0,0,9
1.0,3,9
1.0,6,9
1.0,5,10
1.0,3,14
1.0,4,14
1.0,7,14
1.0,10,15
1.0,0,16
1.0,1,17
1.0,14,18
1.0,3,19
1.0,18,19
1.0,13,20
1.0,8,21
1.0,11,21
1.0,1,22
1.0,6,22
1.0,11,23
1.0,12,23
1.0,11,24
1.0,16,24
1.0,19,24
1.0,5,25
1.0,13,25
1.0,8,26
1.0,16,26
1.0,1,27
1.0,17,27
1.0,25,28
1.0,17,29
1.0,23,29
1.0,17,30
1.0,15,31
1.0,18,31
1.0,4,32
1.0,16,32
1.0,22,32
1.0,19,33
1.0,25,33
1.0,1,34
1.0,13,34
1.0,29,34
1.0,32,35
1.0,34,35
1.0,10,36
1.0,12,36
1.0,13,36
1.0,2,37
1.0,15,37
1.0,21,37
1.0,31,37
1.0,6,38
1.0,26,38
1.0,33,38
1.0,30,39
1.0,31,39
1.0,33,39
1.0,6,40
1.0,20,40
1.0,28,40
1.0,15,41
1.0,18,41
1.0,30,41
1.0,2,42
1.0,4,42
1.0,9,42
1.0,26,43
1.0,27,43
1.0,30,43
1.0,41,43
1.0,4,44
1.0,29,44
1.0,40,44
1.0,42,44
1.0,3,45
1.0,35,45
1.0,36,45
1.0,38,45
1.0,5,46
1.0,11,46
1.0,27,46
1.0,28,46
1.0,12,47
1.0,20,47
1.0,35,47
1.0,39,47
1.0,12,48
1.0,23,48
1.0,24,48
1.0,28,48
1.0,10,49
1.0,20,49
1.0,21,49
1.0,22,49
