1.0,1,3
1.0,3,5
1.0,4,6
1.0,2,7
1.0,2,8
1.0,5,10
1.0,7,10
1.0,11,12
1.0,4,13
1.0,1,14
1.0,12,14
1.0,0,16
1.0,16,18
1.0,15,19
1.0,11,21
1.0,17,21
1.0,20,21
1.0,2,22
1.0,7,22
1.0,20,22
1.0,17,23
1.0,1,24
1.0,4,26
1.0,13,26
1.0,23,26
1.0,25,26
1.0,0,27
1.0,6,27
1.0,14,27
1.0,3,28
1.0,15,28
1.0,24,28
1.0,21,29
1.0,23,29
1.0,6,30
1.0,9,30
1.0,10,30
1.0,25,30
1.0,5,31
1.0,9,31
1.0,18,31
1.0,3,32
1.0,11,32
1.0,14,32
1.0,24,32
1.0,13,33
1.0,15,33
1.0,15,34
1.0,20,34
1.0,29,34
1.0,12,35
1.0,16,35
1.0,8,36
1.0,12,36
1.0,17,37
1.0,18,37
1.0,19,37
1.0,34,37
1.0,0,38
1.0,5,38
1.0,9,38
1.0,22,38
1.0,19,39
1.0,20,39
1.0,11,40
1.0,19,40
1.0,33,40
1.0,35,40
1.0,24,41
1.0,28,41
1.0,31,41
1.0,36,41
1.0,6,42
1.0,16,42
1.0,25,42
1.0,29,43
1.0,33,43
1.0,39,43
1.0,0,44
1.0,1,44
1.0,36,44
1.0,7,45
1.0,8,45
1.0,9,45
1.0,43,45
1.0,4,46
1.0,18,46
1.0,27,46
1.0,10,47
1.0,17,47
1.0,25,47
1.0,39,47
1.0,13,48
1.0,23,48
1.0,35,48
1.0,44,48
1.0,2,49
1.0,8,49
1.0,42,49
1.0,46,49
