1.0,3,4
1.0,1,7
1.0,2,10
1.0,7,11
1.0,1,12
1.0,9,12
1.0,2,13
1.0,0,14
1.0,11,15
1.0,14,15
1.0,3,17
1.0,15,17
1.0,5,18
1.0,10,18
1.0,8,19
1.0,16,19
1.0,11,20
1.0,10,21
1.0,9,22
1.0,11,22
1.0,5,23
1.0,6,23
1.0,12,23
1.0,4,24
1.0,17,24
1.0,1,25
1.0,21,25
1.0,24,26
1.0,10,27
1.0,16,27
1.0,21,27
1.0,1,28
1.0,3,28
1.0,14,28
1.0,26,28
1.0,0,29
1.0,20,29
1.0,0,30
1.0,12,30
1.0,3,31
1.0,2,32
1.0,6,32
1.0,13,32
1.0,29,32
1.0,6,33
1.0,13,33
1.0,23,33
1.0,25,33
1.0,5,34
1.0,22,34
1.0,4,35
1.0,26,35
1.0,34,35
1.0,4,36
1.0,19,36
1.0,25,36
1.0,5,37
1.0,6,37
1.0,19,37
1.0,9,38
1.0,29,38
1.0,16,39
1.0,17,39
1.0,8,40
1.0,22,40
1.0,20,41
1.0,30,41
1.0,31,41
1.0,24,42
1.0,36,42
1.0,38,42
1.0,40,42
1.0,2,43
1.0,8,43
1.0,14,43
1.0,35,43
1.0,7,44
1.0,9,44
1.0,27,44
1.0,37,44
1.0,0,45
1.0,7,45
1.0,18,45
1.0,26,45
1.0,15,46
1.0,21,46
1.0,31,46
1.0,40,46
1.0,13,47
1.0,16,47
1.0,30,47
1.0,34,47
1.0,8,48
1.0,20,48
1.0,39,48
1.0,41,48
1.0,18,49
1.0,31,49
1.0,38,49
1.0,39,49
