1.0,1,2
1.0,0,4
1.0,1,4
1.0,4,11
1.0,5,12
1.0,10,12
1.0,9,13
1.0,12,13
1.0,12,14
1.0,14,15
1.0,8,16
1.0,6,17
1.0,11,17
1.0,14,17
1.0,3,18
1.0,9,18
1.0,1,19
1.0,10,19
1.0,8,20
1.0,4,21
1.0,8,21
1.0,20,21
1.0,18,22
1.0,21,22
1.0,5,23
1.0,11,23
1.0,0,25
1.0,9,25
1.0,10,25
1.0,0,26
1.0,3,26
1.0,7,26
1.0,2,27
1.0,15,27
1.0,2,28
1.0,2,29
1.0,10,29
1.0,19,29
1.0,11,30
1.0,27,30
1.0,28,30
1.0,14,31
1.0,3,32
1.0,6,32
1.0,16,32
1.0,24,32
1.0,5,33
1.0,16,33
1.0,28,33
1.0,15,34
1.0,9,35
1.0,24,35
1.0,31,35
1.0,8,36
1.0,13,36
1.0,20,36
1.0,29,36
1.0,30,37
1.0,35,37
1.0,17,38
1.0,26,38
1.0,31,38
1.0,6,39
1.0,20,39
1.0,24,39
1.0,34,39
1.0,0,40
1.0,3,40
1.0,5,40
1.0,23,40
1.0,13,41
1.0,27,41
1.0,22,42
1.0,25,42
1.0,37,42
1.0,6,43
1.0,15,43
1.0,31,43
1.0,41,43
1.0,1,44
1.0,16,44
1.0,19,44
1.0,28,44
1.0,34,45
1.0,37,45
1.0,38,45
1.0,7,46
1.0,24,46
1.0,34,46
1.0,18,47
1.0,22,47
1.0,45,47
1.0,7,48
1.0,23,48
1.0,41,48
1.0,42,48
1.0,7,49
1.0,33,49
1.0,46,49
1.0,47,49
