1.0,7,8
1.0,3,9
1.0,8,10
1.0,3,11
1.0,10,11
1.0,1,12
1.0,3,12
1.0,2,13
1.0,2,14
1.0,13,14
1.0,6,15
1.0,9,15
1.0,6,16
1.0,3,18
1.0,5,19
1.0,7,19
1.0,15,21
1.0,19,21
1.0,11,22
1.0,21,22
1.0,16,23
1.0,18,23
1.0,20,23
1.0,4,24
1.0,7,26
1.0,2,27
1.0,8,27
1.0,5,28
1.0,13,28
1.0,25,28
1.0,26,28
1.0,5,29
1.0,24,29
1.0,4,30
1.0,8,30
1.0,19,30
1.0,2,31
1.0,6,31
1.0,15,32
1.0,22,32
1.0,24,32
1.0,27,32
1.0,0,33
1.0,20,33
1.0,31,33
1.0,0,34
1.0,7,34
1.0,10,35
1.0,25,35
1.0,33,35
1.0,34,35
1.0,1,36
1.0,17,36
1.0,21,36
1.0,17,37
1.0,26,37
1.0,30,37
1.0,9,38
1.0,10,38
1.0,17,38
1.0,20,38
1.0,12,39
1.0,13,39
1.0,17,39
1.0,34,39
1.0,29,40
1.0,4,41
1.0,11,41
1.0,18,41
1.0,29,41
1.0,14,42
1.0,16,42
1.0,25,42
1.0,40,42
1.0,0,43
1.0,1,43
1.0,14,43
1.0,40,43
1.0,20,44
1.0,25,44
1.0,36,44
1.0,1,45
1.0,12,45
1.0,27,45
1.0,31,45
1.0,9,46
1.0,16,46
1.0,22,46
1.0,40,46
1.0,5,47
1.0,6,47
1.0,18,47
1.0,4,48
1.0,23,48
1.0,37,48
1.0,44,48
1.0,0,49
1.0,24,49
1.0,26,49
1.0,47,49
