1.0,3,4
1.0,0,9
1.0,5,10
1.0,8,11
1.0,2,12
1.0,9,12
1.0,3,13
1.0,4,13
1.0,0,15
1.0,14,15
1.0,2,16
1.0,14,16
1.0,11,18
1.0,4,19
1.0,18,19
1.0,10,20
1.0,15,20
1.0,2,21
1.0,14,22
1.0,7,23
1.0,21,23
1.0,22,23
1.0,6,24
1.0,12,24
1.0,1,25
1.0,4,25
1.0,13,25
1.0,3,26
1.0,10,26
1.0,16,26
1.0,9,27
1.0,15,27
1.0,1,28
1.0,21,28
1.0,0,29
1.0,17,29
1.0,10,30
1.0,22,30
1.0,5,31
1.0,7,31
1.0,5,32
1.0,8,32
1.0,12,32
1.0,11,33
1.0,24,33
1.0,29,33
1.0,17,34
1.0,33,34
1.0,3,35
1.0,21,35
1.0,27,35
1.0,6,36
1.0,35,36
1.0,16,37
1.0,36,37
1.0,1,38
1.0,20,38
1.0,25,38
1.0,36,38
1.0,2,39
1.0,7,39
1.0,13,39
1.0,27,39
1.0,1,40
1.0,6,40
1.0,8,40
1.0,30,40
1.0,17,41
1.0,20,41
1.0,30,41
1.0,0,42
1.0,14,42
1.0,26,42
1.0,31,42
1.0,8,43
1.0,18,43
1.0,19,43
1.0,6,44
1.0,23,44
1.0,28,44
1.0,11,45
1.0,17,45
1.0,24,45
1.0,32,45
1.0,5,46
1.0,28,46
1.0,37,46
1.0,44,46
1.0,22,47
1.0,31,47
1.0,34,47
1.0,41,47
1.0,18,48
1.0,19,48
1.0,37,48
1.0,43,48
1.0,7,49
1.0,9,49
1.0,29,49
1.0,34,49
