1.0,2,3
1.0,4,9
1.0,8,9
1.0,8,10
1.0,9,10
1.0,2,11
1.0,5,11
1.0,3,16
1.0,14,16
1.0,12,18
1.0,17,18
1.0,5,19
1.0,6,19
1.0,15,19
1.0,16,20
1.0,1,21
1.0,15,21
1.0,19,21
1.0,0,22
1.0,1,22
1.0,3,22
1.0,2,23
1.0,4,23
1.0,10,23
1.0,0,24
1.0,17,24
1.0,23,25
1.0,6,26
1.0,20,27
1.0,12,28
1.0,20,28
1.0,18,29
1.0,24,29
1.0,8,30
1.0,13,30
1.0,14,30
1.0,1,31
1.0,6,31
1.0,12,31
1.0,6,32
1.0,7,32
1.0,26,32
1.0,2,33
1.0,5,33
1.0,11,33
1.0,32,33
1.0,22,34
1.0,24,34
1.0,27,34
1.0,30,34
1.0,0,35
1.0,1,35
1.0,15,35
1.0,27,36
1.0,28,36
1.0,35,36
1.0,7,37
1.0,10,37
1.0,15,38
1.0,17,38
1.0,20,38
1.0,37,38
1.0,17,39
1.0,29,39
1.0,36,39
1.0,13,40
1.0,16,40
1.0,25,40
1.0,7,41
1.0,11,41
1.0,21,41
1.0,26,41
1.0,7,42
1.0,9,42
1.0,12,42
1.0,3,43
1.0,14,43
1.0,25,43
1.0,4,44
1.0,13,44
1.0,18,44
1.0,0,45
1.0,14,45
1.0,28,45
1.0,43,45
1.0,13,46
1.0,25,46
1.0,26,46
1.0,44,46
1.0,4,47
1.0,27,47
1.0,29,47
1.0,5,48
1.0,8,48
1.0,31,48
1.0,39,48
1.0,37,49
1.0,40,49
1.0,42,49
1.0,47,49
