1.0,0,2
1.0,0,3
1.0,0,5
1.0,2,5
1.0,1,8
1.0,3,9
1.0,6,10
1.0,4,12
1.0,4,13
1.0,6,14
1.0,11,14
1.0,1,16
1.0,10,16
1.0,4,17
1.0,7,17
1.0,8,17
1.0,15,18
1.0,12,19
1.0,15,19
1.0,18,19
1.0,12,20
1.0,18,20
1.0,0,21
1.0,7,21
1.0,20,22
1.0,8,23
1.0,8,24
1.0,14,24
1.0,18,24
1.0,1,25
1.0,3,25
1.0,23,25
1.0,24,25
1.0,9,26
1.0,6,28
1.0,15,28
1.0,22,28
1.0,17,29
1.0,23,29
1.0,7,30
1.0,10,30
1.0,21,30
1.0,27,30
1.0,14,31
1.0,27,31
1.0,27,32
1.0,29,32
1.0,3,33
1.0,29,33
1.0,6,34
1.0,9,34
1.0,11,34
1.0,5,35
1.0,13,35
1.0,22,35
1.0,23,35
1.0,27,36
1.0,32,36
1.0,28,37
1.0,1,38
1.0,9,38
1.0,26,38
1.0,33,38
1.0,12,39
1.0,31,39
1.0,36,39
1.0,7,40
1.0,11,40
1.0,37,40
1.0,39,40
1.0,10,41
1.0,20,41
1.0,37,41
1.0,13,42
1.0,22,42
1.0,32,42
1.0,36,42
1.0,4,43
1.0,5,43
1.0,15,43
1.0,11,44
1.0,26,44
1.0,34,44
1.0,16,45
1.0,21,45
1.0,26,45
1.0,13,46
1.0,16,46
1.0,41,46
1.0,33,47
1.0,45,47
1.0,46,47
1.0,2,48
1.0,19,48
1.0,37,48
1.0,44,48
1.0,2,49
1.0,31,49
1.0,43,49
1.0,47,49
