1.0,1,3
1.0,1,5
1.0,0,7
1.0,5,8
1.0,2,11
1.0,8,11
1.0,6,12
1.0,1,15
1.0,11,15
1.0,2,16
1.0,7,17
1.0,14,17
1.0,6,18
1.0,16,18
1.0,2,20
1.0,9,20
1.0,13,20
1.0,15,22
1.0,9,23
1.0,22,24
1.0,23,24
1.0,18,25
1.0,2,26
1.0,21,26
1.0,25,26
1.0,10,27
1.0,12,27
1.0,19,27
1.0,3,28
1.0,21,28
1.0,6,29
1.0,10,30
1.0,17,30
1.0,21,30
1.0,24,30
1.0,7,31
1.0,10,31
1.0,28,31
1.0,29,31
1.0,23,32
1.0,26,32
1.0,11,33
1.0,17,33
1.0,5,34
1.0,13,34
1.0,33,34
1.0,1,35
1.0,13,35
1.0,16,35
1.0,20,35
1.0,4,36
1.0,12,36
1.0,14,36
1.0,28,36
1.0,0,37
1.0,8,37
1.0,9,37
1.0,9,38
1.0,16,38
1.0,18,38
1.0,29,38
1.0,3,39
1.0,4,39
1.0,19,39
1.0,24,39
1.0,12,40
1.0,19,40
1.0,29,40
1.0,0,41
1.0,22,41
1.0,32,41
1.0,13,42
1.0,22,42
1.0,33,42
1.0,5,43
1.0,10,43
1.0,21,43
1.0,27,43
1.0,6,44
1.0,7,44
1.0,25,44
1.0,14,45
1.0,32,45
1.0,37,45
1.0,0,46
1.0,4,46
1.0,41,46
1.0,42,46
1.0,4,47
1.0,19,47
1.0,34,47
1.0,40,47
1.0,3,48
1.0,15,48
1.0,44,48
1.0,45,48
1.0,8,49
1.0,14,49
1.0,23,49
1.0,25,49
