1.0,1,4
1.0,4,6
1.0,1,7
1.0,8,10
1.0,9,11
1.0,5,12
1.0,6,14
1.0,2,15
1.0,8,15
1.0,0,16
1.0,3,16
1.0,10,16
1.0,11,17
1.0,6,18
1.0,4,19
1.0,6,19
1.0,14,19
1.0,2,20
1.0,9,21
1.0,13,21
1.0,11,23
1.0,22,23
1.0,0,24
1.0,12,24
1.0,17,24
1.0,10,25
1.0,15,25
1.0,9,26
1.0,20,26
1.0,3,27
1.0,15,27
1.0,22,27
1.0,3,28
1.0,8,28
1.0,18,29
1.0,11,30
1.0,13,30
1.0,29,30
1.0,0,31
1.0,2,32
1.0,5,32
1.0,18,32
1.0,5,33
1.0,14,33
1.0,32,33
1.0,14,34
1.0,17,34
1.0,25,34
1.0,1,35
1.0,27,35
1.0,9,36
1.0,23,36
1.0,12,37
1.0,21,37
1.0,26,38
1.0,31,38
1.0,35,38
1.0,17,39
1.0,31,39
1.0,33,39
1.0,38,39
1.0,5,40
1.0,21,40
1.0,23,40
1.0,35,40
1.0,3,41
1.0,20,41
1.0,26,41
1.0,28,41
1.0,4,42
1.0,8,42
1.0,16,42
1.0,18,42
1.0,0,43
1.0,22,43
1.0,36,43
1.0,37,43
1.0,20,44
1.0,28,44
1.0,29,44
1.0,31,44
1.0,2,45
1.0,10,45
1.0,22,45
1.0,34,45
1.0,13,46
1.0,25,46
1.0,37,46
1.0,1,47
1.0,7,47
1.0,12,47
1.0,36,47
1.0,7,48
1.0,13,48
1.0,29,48
1.0,30,48
1.0,7,49
1.0,19,49
1.0,24,49
1.0,46,49
