1.0,4,5
1.0,3,6
1.0,2,7
1.0,7,9
1.0,0,10
1.0,1,10
1.0,1,13
1.0,6,13
1.0,10,14
1.0,10,15
1.0,9,18
1.0,16,18
1.0,17,18
1.0,4,19
1.0,16,19
1.0,2,21
1.0,3,21
1.0,11,21
1.0,20,22
1.0,0,23
1.0,1,23
1.0,15,23
1.0,8,24
1.0,6,25
1.0,20,25
1.0,19,26
1.0,22,26
1.0,24,26
1.0,9,27
1.0,17,27
1.0,18,27
1.0,3,28
1.0,2,29
1.0,11,29
1.0,27,29
1.0,7,30
1.0,22,30
1.0,15,31
1.0,17,31
1.0,25,31
1.0,9,32
1.0,15,32
1.0,4,33
1.0,20,33
1.0,28,33
1.0,7,34
1.0,30,34
1.0,32,34
1.0,13,35
1.0,16,36
1.0,21,36
1.0,28,36
1.0,35,36
1.0,23,37
1.0,29,37
1.0,0,38
1.0,8,38
1.0,24,38
1.0,26,38
1.0,14,39
1.0,19,39
1.0,33,39
1.0,0,40
1.0,12,40
1.0,37,40
1.0,2,41
1.0,24,41
1.0,39,41
1.0,1,42
1.0,5,42
1.0,8,42
1.0,13,42
1.0,4,43
1.0,5,43
1.0,11,43
1.0,22,43
1.0,12,44
1.0,14,44
1.0,37,44
1.0,41,44
1.0,6,45
1.0,12,45
1.0,32,45
1.0,35,45
1.0,3,46
1.0,14,46
1.0,17,46
1.0,31,46
1.0,5,47
1.0,16,47
1.0,25,47
1.0,28,47
1.0,8,48
1.0,11,48
1.0,12,48
1.0,34,48
1.0,20,49
1.0,30,49
1.0,35,49
1.0,40,49
