1.0,1,5
1.0,1,7
1.0,4,9
1.0,5,9
1.0,3,10
1.0,6,10
1.0,7,10
1.0,6,12
1.0,7,12
1.0,0,15
1.0,9,15
1.0,3,16
1.0,7,16
1.0,8,17
1.0,11,17
1.0,5,18
1.0,10,20
1.0,2,21
1.0,6,21
1.0,2,22
1.0,14,22
1.0,8,23
1.0,22,23
1.0,5,24
1.0,18,24
1.0,18,25
1.0,19,25
1.0,9,26
1.0,16,26
1.0,18,26
1.0,24,26
1.0,14,27
1.0,13,28
1.0,1,29
1.0,15,29
1.0,0,30
1.0,4,30
1.0,20,30
1.0,6,31
1.0,19,31
1.0,8,32
1.0,14,32
1.0,11,33
1.0,21,33
1.0,22,34
1.0,24,34
1.0,29,34
1.0,25,35
1.0,27,35
1.0,2,36
1.0,13,36
1.0,17,36
1.0,11,37
1.0,15,37
1.0,28,37
1.0,12,38
1.0,23,38
1.0,27,38
1.0,3,39
1.0,12,39
1.0,23,39
1.0,35,39
1.0,31,40
1.0,34,40
1.0,38,40
1.0,0,41
1.0,14,41
1.0,20,41
1.0,13,42
1.0,19,42
1.0,25,42
1.0,37,42
1.0,2,43
1.0,3,43
1.0,16,43
1.0,41,43
1.0,4,44
1.0,11,44
1.0,20,44
1.0,28,44
1.0,0,45
1.0,8,45
1.0,30,45
1.0,35,45
1.0,4,46
1.0,13,46
1.0,21,46
1.0,36,46
1.0,19,47
1.0,27,47
1.0,32,47
1.0,40,47
1.0,17,48
1.0,29,48
1.0,32,48
1.0,33,48
1.0,1,49
1.0,28,49
1.0,31,49
1.0,33,49
