1.0,0,2
1.0,1,7
1.0,6,7
1.0,4,8
1.0,3,9
1.0,5,9
1.0,2,10
1.0,2,11
1.0,1,12
1.0,13,14
1.0,6,16
1.0,0,17
1.0,4,19
1.0,12,19
1.0,18,19
1.0,4,20
1.0,8,21
1.0,10,21
1.0,17,21
1.0,15,22
1.0,13,23
1.0,16,23
1.0,13,24
1.0,1,25
1.0,10,25
1.0,11,25
1.0,22,25
1.0,7,26
1.0,11,26
1.0,16,26
1.0,24,26
1.0,24,27
1.0,7,28
1.0,15,29
1.0,20,29
1.0,6,30
1.0,15,30
1.0,5,31
1.0,6,31
1.0,0,32
1.0,8,32
1.0,9,32
1.0,17,32
1.0,3,33
1.0,20,33
1.0,29,33
1.0,31,33
1.0,3,34
1.0,5,34
1.0,23,35
1.0,24,35
1.0,2,36
1.0,17,36
1.0,34,36
1.0,14,37
1.0,19,37
1.0,22,37
1.0,14,38
1.0,18,38
1.0,35,38
1.0,3,39
1.0,5,39
1.0,9,39
1.0,34,39
1.0,18,40
1.0,21,40
1.0,23,40
1.0,11,41
1.0,29,41
1.0,35,41
1.0,0,42
1.0,12,42
1.0,20,42
1.0,36,42
1.0,1,43
1.0,16,43
1.0,28,43
1.0,40,43
1.0,22,44
1.0,27,44
1.0,28,44
1.0,30,44
1.0,27,45
1.0,41,45
1.0,13,46
1.0,27,46
1.0,28,46
1.0,45,46
1.0,8,47
1.0,14,47
1.0,15,47
1.0,45,47
1.0,18,48
1.0,30,48
1.0,31,48
1.0,38,48
1.0,4,49
1.0,10,49
1.0,12,49
1.0,37,49
