1.0,0,3
1.0,1,4
1.0,2,4
1.0,0,9
1.0,4,9
1.0,6,13
1.0,10,14
1.0,11,16
1.0,3,17
1.0,2,18
1.0,5,18
1.0,13,19
1.0,11,20
1.0,9,21
1.0,10,21
1.0,6,23
1.0,12,24
1.0,15,24
1.0,16,24
1.0,3,25
1.0,7,25
1.0,17,25
1.0,5,26
1.0,10,26
1.0,19,26
1.0,0,27
1.0,2,27
1.0,6,27
1.0,8,28
1.0,20,28
1.0,24,28
1.0,5,29
1.0,25,29
1.0,16,30
1.0,18,30
1.0,8,31
1.0,9,31
1.0,11,31
1.0,22,31
1.0,12,32
1.0,15,32
1.0,23,32
1.0,8,33
1.0,14,33
1.0,17,33
1.0,16,34
1.0,17,34
1.0,22,34
1.0,27,34
1.0,1,35
1.0,5,35
1.0,29,35
1.0,2,36
1.0,7,36
1.0,23,36
1.0,29,36
1.0,10,37
1.0,11,37
1.0,19,37
1.0,13,38
1.0,21,38
1.0,32,38
1.0,1,39
1.0,7,39
1.0,8,39
1.0,3,40
1.0,13,40
1.0,15,40
1.0,20,41
1.0,28,41
1.0,33,41
1.0,6,42
1.0,23,42
1.0,30,42
1.0,38,42
1.0,0,43
1.0,1,43
1.0,20,43
1.0,12,44
1.0,14,44
1.0,30,44
1.0,37,44
1.0,21,45
1.0,26,45
1.0,39,45
1.0,4,46
1.0,19,46
1.0,22,46
1.0,45,46
1.0,14,47
1.0,22,47
1.0,41,47
1.0,43,47
1.0,12,48
1.0,35,48
1.0,40,48
1.0,7,49
1.0,15,49
1.0,18,49
1.0,48,49
