1.0,2,6
1.0,4,12
1.0,7,13
1.0,2,14
1.0,7,15
1.0,1,16
1.0,6,17
1.0,7,17
1.0,9,18
1.0,3,19
1.0,7,19
1.0,11,19
1.0,9,20
1.0,10,21
1.0,0,22
1.0,8,22
1.0,13,22
1.0,16,22
1.0,15,23
1.0,4,24
1.0,6,24
1.0,8,24
1.0,2,25
1.0,20,25
1.0,21,25
1.0,0,26
1.0,2,26
1.0,8,26
1.0,11,26
1.0,6,27
1.0,15,27
1.0,19,27
1.0,17,28
1.0,12,29
1.0,14,30
1.0,21,30
1.0,23,30
1.0,27,30
1.0,5,31
1.0,9,31
1.0,21,31
1.0,8,32
1.0,9,32
1.0,25,32
1.0,31,32
1.0,14,33
1.0,18,33
1.0,29,33
1.0,10,34
1.0,13,34
1.0,28,34
1.0,1,35
1.0,10,35
1.0,12,35
1.0,29,35
1.0,17,36
1.0,28,36
1.0,10,37
1.0,28,37
1.0,15,38
1.0,20,38
1.0,1,39
1.0,4,39
1.0,18,39
1.0,20,39
1.0,3,40
1.0,4,40
1.0,34,40
1.0,37,40
1.0,0,41
1.0,12,41
1.0,38,41
1.0,5,42
1.0,24,42
1.0,36,42
1.0,37,42
1.0,23,43
1.0,0,44
1.0,11,44
1.0,16,44
1.0,29,44
1.0,3,45
1.0,23,45
1.0,43,45
1.0,1,46
1.0,5,46
1.0,38,46
1.0,41,46
1.0,11,47
1.0,13,47
1.0,14,47
1.0,36,47
1.0,3,48
1.0,16,48
1.0,18,48
1.0,43,48
1.0,5,49
1.0,33,49
1.0,43,49
1.0,45,49
