1.0,0,7
1.0,4,7
1.0,2,8
1.0,8,9
1.0,1,11
1.0,0,12
1.0,12,14
1.0,2,15
1.0,7,15
1.0,10,16
1.0,13,17
1.0,5,18
1.0,15,18
1.0,13,19
1.0,0,20
1.0,1,20
1.0,11,20
1.0,12,20
1.0,5,21
1.0,6,21
1.0,1,22
1.0,4,23
1.0,13,23
1.0,19,23
1.0,17,24
1.0,23,24
1.0,12,25
1.0,24,25
1.0,10,26
1.0,11,26
1.0,0,27
1.0,21,27
1.0,3,28
1.0,2,29
1.0,22,29
1.0,19,30
1.0,29,30
1.0,8,31
1.0,25,31
1.0,26,31
1.0,4,32
1.0,6,32
1.0,27,32
1.0,6,33
1.0,16,33
1.0,16,34
1.0,17,35
1.0,11,36
1.0,24,36
1.0,32,36
1.0,10,37
1.0,15,37
1.0,18,37
1.0,33,37
1.0,14,38
1.0,28,38
1.0,30,38
1.0,34,38
1.0,2,39
1.0,5,39
1.0,22,39
1.0,35,39
1.0,13,40
1.0,25,40
1.0,34,40
1.0,5,41
1.0,6,41
1.0,27,41
1.0,36,41
1.0,16,42
1.0,18,42
1.0,19,42
1.0,33,42
1.0,9,43
1.0,29,43
1.0,34,43
1.0,35,43
1.0,7,44
1.0,17,44
1.0,40,44
1.0,9,45
1.0,22,45
1.0,26,45
1.0,30,45
1.0,1,46
1.0,14,46
1.0,28,46
1.0,31,46
1.0,3,47
1.0,4,47
1.0,9,47
1.0,44,47
1.0,3,48
1.0,10,48
1.0,14,48
1.0,28,48
1.0,3,49
1.0,8,49
1.0,21,49
1.0,35,49
