1.0,0,3
1.0,4,8
1.0,6,8
1.0,1,9
1.0,7,9
1.0,0,10
1.0,8,10
1.0,2,11
1.0,4,12
1.0,3,13
1.0,10,15
1.0,2,16
1.0,14,16
1.0,15,16
1.0,2,18
1.0,14,18
1.0,12,20
1.0,6,21
1.0,17,21
1.0,7,22
1.0,11,22
1.0,13,22
1.0,1,24
1.0,22,24
1.0,11,26
1.0,12,26
1.0,16,26
1.0,3,27
1.0,21,27
1.0,5,28
1.0,15,28
1.0,24,28
1.0,20,29
1.0,3,30
1.0,9,30
1.0,19,30
1.0,23,30
1.0,15,31
1.0,17,31
1.0,5,32
1.0,7,32
1.0,23,32
1.0,31,32
1.0,1,33
1.0,11,33
1.0,20,33
1.0,24,33
1.0,5,34
1.0,13,34
1.0,21,34
1.0,6,35
1.0,25,35
1.0,29,36
1.0,18,37
1.0,27,37
1.0,36,37
1.0,6,38
1.0,18,38
1.0,25,38
1.0,34,38
1.0,9,39
1.0,29,39
1.0,36,39
1.0,2,40
1.0,20,40
1.0,4,41
1.0,5,41
1.0,28,41
1.0,31,41
1.0,1,42
1.0,14,42
1.0,26,42
1.0,36,42
1.0,4,43
1.0,7,43
1.0,27,43
1.0,37,43
1.0,0,44
1.0,17,44
1.0,35,44
1.0,14,45
1.0,19,45
1.0,23,45
1.0,29,45
1.0,8,46
1.0,19,46
1.0,25,46
1.0,40,46
1.0,0,47
1.0,10,47
1.0,35,47
1.0,44,47
1.0,12,48
1.0,13,48
1.0,17,48
1.0,25,48
1.0,19,49
1.0,23,49
1.0,39,49
1.0,40,49
