1.0,0,2
1.0,5,8
1.0,5,9
1.0,7,10
1.0,3,11
1.0,4,12
1.0,11,13
1.0,7,14
1.0,8,17
1.0,14,18
1.0,17,18
1.0,1,19
1.0,12,19
1.0,17,19
1.0,10,20
1.0,3,21
1.0,10,21
1.0,19,21
1.0,9,22
1.0,16,22
1.0,3,23
1.0,13,23
1.0,2,24
1.0,14,24
1.0,22,24
1.0,1,25
1.0,2,25
1.0,4,26
1.0,1,27
1.0,8,27
1.0,5,28
1.0,7,28
1.0,20,28
1.0,4,29
1.0,20,29
1.0,23,29
1.0,6,30
1.0,18,30
1.0,22,31
1.0,9,32
1.0,29,32
1.0,31,32
1.0,0,33
1.0,13,33
1.0,26,33
1.0,0,34
1.0,15,34
1.0,11,35
1.0,16,35
1.0,31,35
1.0,23,36
1.0,25,36
1.0,30,36
1.0,17,37
1.0,20,37
1.0,35,37
1.0,12,38
1.0,15,38
1.0,16,38
1.0,34,38
1.0,6,39
1.0,24,39
1.0,26,39
1.0,15,40
1.0,33,40
1.0,6,41
1.0,10,41
1.0,37,41
1.0,4,42
1.0,18,42
1.0,30,42
1.0,36,42
1.0,3,43
1.0,6,43
1.0,8,43
1.0,14,43
1.0,2,44
1.0,21,44
1.0,27,44
1.0,41,44
1.0,12,45
1.0,15,45
1.0,28,45
1.0,40,45
1.0,11,46
1.0,25,46
1.0,31,46
1.0,40,46
1.0,9,47
1.0,16,47
1.0,26,47
1.0,27,47
1.0,0,48
1.0,13,48
1.0,32,48
1.0,39,48
1.0,1,49
1.0,5,49
1.0,7,49
1.0,34,49
