1.0,4,5
1.0,1,12
1.0,7,12
1.0,11,14
1.0,2,15
1.0,3,15
1.0,4,15
1.0,14,15
1.0,2,17
1.0,7,17
1.0,16,17
1.0,1,18
1.0,11,18
1.0,3,19
1.0,9,19
1.0,10,19
1.0,4,20
1.0,12,21
1.0,14,21
1.0,11,22
1.0,5,23
1.0,18,23
1.0,16,24
1.0,9,25
1.0,2,26
1.0,5,26
1.0,6,26
1.0,13,26
1.0,0,27
1.0,13,28
1.0,14,28
1.0,20,28
1.0,4,29
1.0,27,29
1.0,0,30
1.0,8,30
1.0,9,30
1.0,16,30
1.0,0,31
1.0,10,32
1.0,18,32
1.0,10,33
1.0,13,34
1.0,17,34
1.0,20,34
1.0,25,34
1.0,5,35
1.0,6,35
1.0,22,35
1.0,23,35
1.0,1,36
1.0,23,36
1.0,28,36
1.0,33,36
1.0,22,37
1.0,25,37
1.0,27,37
1.0,0,38
1.0,7,38
1.0,19,38
1.0,31,38
1.0,3,39
1.0,11,39
1.0,7,40
1.0,21,40
1.0,31,40
1.0,1,41
1.0,3,41
1.0,21,41
1.0,8,42
1.0,12,42
1.0,25,42
1.0,33,42
1.0,6,43
1.0,20,43
1.0,24,43
1.0,41,43
1.0,29,44
1.0,31,44
1.0,32,44
1.0,33,44
1.0,8,45
1.0,24,45
1.0,32,45
1.0,9,46
1.0,10,46
1.0,27,46
1.0,39,46
1.0,22,47
1.0,39,47
1.0,40,47
1.0,45,47
1.0,6,48
1.0,16,48
1.0,24,48
1.0,29,48
1.0,2,49
1.0,8,49
1.0,13,49
1.0,37,49
