1.0,0,5
1.0,3,9
1.0,1,12
1.0,8,13
1.0,4,14
1.0,11,14
1.0,12,15
1.0,1,16
1.0,7,16
1.0,10,16
1.0,8,17
1.0,6,18
1.0,11,18
1.0,9,19
1.0,13,20
1.0,15,21
1.0,17,21
1.0,9,22
1.0,14,22
1.0,21,22
1.0,10,23
1.0,0,24
1.0,11,24
1.0,15,24
1.0,19,24
1.0,5,25
1.0,8,25
1.0,18,25
1.0,12,26
1.0,18,26
1.0,5,27
1.0,7,27
1.0,9,27
1.0,13,28
1.0,20,28
1.0,23,29
1.0,3,30
1.0,7,30
1.0,11,30
1.0,4,32
1.0,20,32
1.0,31,32
1.0,4,33
1.0,23,33
1.0,26,33
1.0,21,34
1.0,26,34
1.0,10,35
1.0,29,35
1.0,2,36
1.0,3,36
1.0,6,36
1.0,12,36
1.0,1,37
1.0,2,37
1.0,7,37
1.0,8,37
1.0,13,38
1.0,16,38
1.0,23,38
1.0,34,38
1.0,1,39
1.0,28,39
1.0,35,39
1.0,6,40
1.0,17,40
1.0,30,40
1.0,31,40
1.0,22,41
1.0,28,41
1.0,29,42
1.0,33,42
1.0,19,43
1.0,31,43
1.0,35,43
1.0,42,43
1.0,0,44
1.0,2,44
1.0,3,44
1.0,34,44
1.0,0,45
1.0,29,45
1.0,32,45
1.0,39,45
1.0,19,46
1.0,25,46
1.0,41,46
1.0,42,46
1.0,2,47
1.0,27,47
1.0,31,47
1.0,41,47
1.0,5,48
1.0,15,48
1.0,17,48
1.0,20,48
1.0,4,49
1.0,6,49
1.0,10,49
1.0,14,49
