1.0,3,4
1.0,3,5
1.0,0,8
1.0,4,9
1.0,1,10
1.0,5,10
1.0,1,11
1.0,1,12
1.0,7,13
1.0,12,13
1.0,8,14
1.0,10,14
1.0,6,15
1.0,12,15
1.0,8,16
1.0,11,18
1.0,12,18
1.0,0,19
1.0,13,19
1.0,3,20
1.0,20,21
1.0,2,22
1.0,10,22
1.0,18,22
1.0,19,24
1.0,0,26
1.0,11,26
1.0,16,26
1.0,1,27
1.0,6,27
1.0,13,27
1.0,23,27
1.0,0,28
1.0,15,28
1.0,6,29
1.0,25,29
1.0,21,30
1.0,24,30
1.0,5,31
1.0,16,31
1.0,21,32
1.0,22,32
1.0,4,33
1.0,20,33
1.0,29,33
1.0,3,34
1.0,15,34
1.0,29,34
1.0,30,34
1.0,24,35
1.0,4,36
1.0,16,36
1.0,35,36
1.0,2,37
1.0,7,37
1.0,23,37
1.0,26,38
1.0,32,38
1.0,35,38
1.0,2,39
1.0,17,39
1.0,25,39
1.0,31,39
1.0,6,40
1.0,9,40
1.0,30,40
1.0,7,41
1.0,19,41
1.0,20,41
1.0,9,42
1.0,14,42
1.0,21,42
1.0,36,42
1.0,7,43
1.0,9,43
1.0,25,43
1.0,32,43
1.0,14,44
1.0,24,44
1.0,41,44
1.0,17,45
1.0,23,45
1.0,38,45
1.0,44,45
1.0,25,46
1.0,28,46
1.0,31,46
1.0,33,46
1.0,18,47
1.0,23,47
1.0,28,47
1.0,35,47
1.0,2,48
1.0,17,48
1.0,37,48
1.0,40,48
1.0,5,49
1.0,8,49
1.0,11,49
1.0,17,49
