1.0,6,7
1.0,3,9
1.0,2,10
1.0,1,11
1.0,3,12
1.0,10,13
1.0,4,14
1.0,5,14
1.0,12,14
1.0,3,16
1.0,6,16
1.0,11,16
1.0,1,17
1.0,6,17
1.0,6,18
1.0,7,20
1.0,9,21
1.0,15,21
1.0,18,21
1.0,7,23
1.0,3,24
1.0,10,25
1.0,19,25
1.0,0,26
1.0,19,26
1.0,22,26
1.0,15,27
1.0,17,28
1.0,23,28
1.0,0,29
1.0,13,29
1.0,17,29
1.0,23,29
1.0,8,30
1.0,14,30
1.0,24,30
1.0,0,31
1.0,4,31
1.0,20,32
1.0,25,32
1.0,5,33
1.0,22,33
1.0,28,33
1.0,4,34
1.0,25,34
1.0,26,34
1.0,0,35
1.0,12,35
1.0,18,35
1.0,8,36
1.0,31,36
1.0,32,36
1.0,34,36
1.0,12,37
1.0,24,37
1.0,27,37
1.0,1,38
1.0,7,38
1.0,20,38
1.0,2,39
1.0,5,39
1.0,22,39
1.0,4,40
1.0,8,40
1.0,15,40
1.0,35,40
1.0,16,41
1.0,19,41
1.0,30,41
1.0,39,41
1.0,11,42
1.0,22,42
1.0,31,42
1.0,33,42
1.0,10,43
1.0,11,43
1.0,38,43
1.0,5,44
1.0,13,44
1.0,18,44
1.0,1,45
1.0,8,45
1.0,21,45
1.0,27,45
1.0,9,46
1.0,15,46
1.0,23,46
1.0,37,46
1.0,2,47
1.0,9,47
1.0,32,47
1.0,43,47
1.0,13,48
1.0,19,48
1.0,28,48
1.0,44,48
1.0,2,49
1.0,20,49
1.0,24,49
1.0,27,49
