1.0,1,5
1.0,3,5
1.0,4,5
1.0,7,8
1.0,6,9
1.0,10,11
1.0,0,12
1.0,0,14
1.0,1,16
1.0,3,16
1.0,1,18
1.0,14,18
1.0,15,18
1.0,4,19
1.0,9,20
1.0,15,20
1.0,7,21
1.0,14,21
1.0,17,21
1.0,16,22
1.0,17,22
1.0,9,23
1.0,12,23
1.0,2,24
1.0,5,24
1.0,6,24
1.0,3,25
1.0,22,25
1.0,7,26
1.0,8,26
1.0,24,26
1.0,11,27
1.0,13,27
1.0,17,27
1.0,15,28
1.0,20,28
1.0,1,29
1.0,2,30
1.0,3,30
1.0,28,30
1.0,2,31
1.0,2,32
1.0,20,32
1.0,28,32
1.0,10,33
1.0,13,33
1.0,25,33
1.0,29,33
1.0,11,34
1.0,13,34
1.0,6,35
1.0,32,35
1.0,34,35
1.0,11,36
1.0,19,36
1.0,30,36
1.0,4,37
1.0,17,37
1.0,31,37
1.0,36,37
1.0,0,38
1.0,8,38
1.0,19,38
1.0,25,38
1.0,12,39
1.0,34,39
1.0,0,40
1.0,4,40
1.0,14,40
1.0,35,40
1.0,6,41
1.0,23,41
1.0,31,41
1.0,19,42
1.0,23,42
1.0,41,42
1.0,7,43
1.0,16,43
1.0,39,43
1.0,18,44
1.0,21,44
1.0,10,45
1.0,22,45
1.0,31,45
1.0,43,45
1.0,8,46
1.0,12,46
1.0,27,46
1.0,44,46
1.0,29,47
1.0,42,47
1.0,44,47
1.0,9,48
1.0,13,48
1.0,15,48
1.0,26,48
1.0,10,49
1.0,29,49
1.0,39,49
1.0,47,49
