1.0,1,2
1.0,1,5
1.0,3,6
1.0,4,7
1.0,2,8
1.0,7,8
1.0,5,13
1.0,10,13
1.0,0,14
1.0,9,14
1.0,1,15
1.0,2,15
1.0,9,15
1.0,11,17
1.0,16,18
1.0,4,20
1.0,5,20
1.0,11,21
1.0,8,22
1.0,4,23
1.0,18,23
1.0,22,23
1.0,17,25
1.0,20,25
1.0,0,26
1.0,19,26
1.0,25,27
1.0,13,28
1.0,17,28
1.0,23,28
1.0,24,28
1.0,7,29
1.0,9,29
1.0,20,29
1.0,19,30
1.0,21,30
1.0,3,31
1.0,25,31
1.0,26,31
1.0,7,32
1.0,14,32
1.0,27,32
1.0,9,33
1.0,10,33
1.0,32,33
1.0,0,34
1.0,3,34
1.0,0,35
1.0,16,35
1.0,19,35
1.0,2,36
1.0,12,36
1.0,27,36
1.0,6,37
1.0,12,37
1.0,36,37
1.0,11,38
1.0,14,38
1.0,24,38
1.0,29,38
1.0,16,39
1.0,18,39
1.0,4,40
1.0,22,40
1.0,24,40
1.0,37,40
1.0,10,41
1.0,12,41
1.0,21,41
1.0,31,41
1.0,6,42
1.0,16,42
1.0,30,42
1.0,15,43
1.0,24,43
1.0,39,43
1.0,10,44
1.0,26,44
1.0,27,44
1.0,39,44
1.0,11,45
1.0,18,45
1.0,21,45
1.0,42,45
1.0,1,46
1.0,3,46
1.0,17,46
1.0,33,46
1.0,6,47
1.0,22,47
1.0,30,47
1.0,34,47
1.0,5,48
1.0,12,48
1.0,13,48
1.0,34,48
1.0,8,49
1.0,19,49
1.0,35,49
1.0,43,49
