1.0,1,2
1.0,2,4
1.0,0,9
1.0,7,10
1.0,5,11
1.0,5,12
1.0,5,13
1.0,7,15
1.0,8,15
1.0,1,16
1.0,8,16
1.0,15,16
1.0,9,17
1.0,7,18
1.0,8,19
1.0,12,20
1.0,2,22
1.0,21,22
1.0,9,23
1.0,0,24
1.0,12,24
1.0,17,24
1.0,21,24
1.0,1,25
1.0,4,25
1.0,12,25
1.0,20,26
1.0,23,26
1.0,14,27
1.0,3,28
1.0,11,28
1.0,5,29
1.0,19,29
1.0,22,29
1.0,25,29
1.0,3,30
1.0,11,30
1.0,0,31
1.0,3,31
1.0,14,31
1.0,10,32
1.0,16,32
1.0,6,33
1.0,23,33
1.0,28,33
1.0,0,34
1.0,2,34
1.0,9,34
1.0,17,35
1.0,19,35
1.0,26,35
1.0,27,35
1.0,4,36
1.0,10,36
1.0,22,36
1.0,19,37
1.0,20,37
1.0,21,37
1.0,32,37
1.0,11,38
1.0,27,38
1.0,30,38
1.0,32,38
1.0,23,39
1.0,27,39
1.0,28,39
1.0,14,40
1.0,15,40
1.0,3,41
1.0,10,41
1.0,13,41
1.0,18,41
1.0,18,42
1.0,30,42
1.0,31,42
1.0,6,43
1.0,13,43
1.0,14,43
1.0,4,44
1.0,8,44
1.0,40,44
1.0,18,45
1.0,40,45
1.0,43,45
1.0,1,46
1.0,13,46
1.0,36,46
1.0,42,46
1.0,7,47
1.0,17,47
1.0,34,47
1.0,44,47
1.0,6,48
1.0,20,48
1.0,26,48
1.0,45,48
1.0,6,49
1.0,21,49
1.0,33,49
1.0,39,49
