1.0,2,3
1.0,2,4
1.0,2,5
1.0,5,9
1.0,8,9
1.0,8,10
1.0,8,11
1.0,9,12
1.0,13,14
1.0,4,15
1.0,5,15
1.0,0,16
1.0,7,16
1.0,0,17
1.0,7,18
1.0,10,18
1.0,7,19
1.0,13,19
1.0,3,20
1.0,4,20
1.0,6,20
1.0,12,22
1.0,18,22
1.0,2,24
1.0,6,25
1.0,21,25
1.0,17,26
1.0,18,26
1.0,23,26
1.0,3,27
1.0,6,28
1.0,16,28
1.0,0,29
1.0,14,29
1.0,8,30
1.0,13,30
1.0,21,30
1.0,23,30
1.0,7,31
1.0,13,31
1.0,22,31
1.0,5,32
1.0,9,32
1.0,0,33
1.0,20,33
1.0,24,33
1.0,16,34
1.0,21,34
1.0,15,35
1.0,19,35
1.0,29,35
1.0,33,35
1.0,11,36
1.0,26,36
1.0,11,37
1.0,24,37
1.0,32,37
1.0,4,38
1.0,23,38
1.0,27,38
1.0,11,39
1.0,17,39
1.0,25,39
1.0,28,39
1.0,19,40
1.0,27,40
1.0,28,40
1.0,10,41
1.0,14,41
1.0,31,41
1.0,14,42
1.0,27,42
1.0,29,42
1.0,36,42
1.0,34,43
1.0,36,43
1.0,40,43
1.0,1,44
1.0,3,44
1.0,43,44
1.0,21,45
1.0,23,45
1.0,25,45
1.0,37,45
1.0,1,46
1.0,24,46
1.0,32,46
1.0,38,46
1.0,10,47
1.0,12,47
1.0,15,47
1.0,44,47
1.0,1,48
1.0,6,48
1.0,17,48
1.0,22,48
1.0,1,49
1.0,12,49
1.0,34,49
1.0,41,49
