1.0,0,5
1.0,3,5
1.0,1,6
1.0,0,7
1.0,1,7
1.0,4,10
1.0,3,11
1.0,0,12
1.0,7,12
1.0,4,14
1.0,3,15
1.0,3,16
1.0,8,17
1.0,11,18
1.0,13,18
1.0,15,19
1.0,10,20
1.0,19,21
1.0,10,22
1.0,12,22
1.0,13,22
1.0,17,23
1.0,20,23
1.0,4,24
1.0,14,24
1.0,10,25
1.0,5,26
1.0,6,26
1.0,22,26
1.0,11,27
1.0,19,27
1.0,16,28
1.0,25,28
1.0,27,28
1.0,18,29
1.0,25,29
1.0,20,30
1.0,28,30
1.0,1,31
1.0,2,31
1.0,23,31
1.0,1,32
1.0,8,32
1.0,26,32
1.0,8,33
1.0,27,33
1.0,9,34
1.0,15,34
1.0,29,34
1.0,30,34
1.0,6,35
1.0,14,35
1.0,21,36
1.0,24,36
1.0,32,36
1.0,5,37
1.0,8,37
1.0,15,37
1.0,24,37
1.0,2,38
1.0,14,38
1.0,16,38
1.0,25,38
1.0,2,39
1.0,9,39
1.0,36,39
1.0,0,40
1.0,17,40
1.0,35,40
1.0,9,41
1.0,23,41
1.0,33,41
1.0,4,42
1.0,33,42
1.0,12,43
1.0,21,43
1.0,40,43
1.0,16,44
1.0,29,44
1.0,31,44
1.0,35,44
1.0,17,45
1.0,18,45
1.0,41,45
1.0,43,45
1.0,2,46
1.0,19,46
1.0,42,46
1.0,7,47
1.0,11,47
1.0,13,47
1.0,46,47
1.0,21,48
1.0,30,48
1.0,39,48
1.0,42,48
1.0,6,49
1.0,9,49
1.0,13,49
1.0,20,49
