1.0,0,4
1.0,5,7
1.0,3,8
1.0,0,9
1.0,6,10
1.0,7,10
1.0,5,12
1.0,9,12
1.0,7,13
1.0,15,17
1.0,1,18
1.0,9,19
1.0,13,19
1.0,14,19
1.0,0,20
1.0,11,20
1.0,4,21
1.0,8,21
1.0,6,22
1.0,18,22
1.0,2,23
1.0,22,23
1.0,4,25
1.0,14,25
1.0,1,26
1.0,2,27
1.0,6,27
1.0,13,27
1.0,15,28
1.0,2,29
1.0,26,29
1.0,27,29
1.0,4,30
1.0,16,30
1.0,28,30
1.0,12,31
1.0,21,31
1.0,1,32
1.0,12,32
1.0,17,32
1.0,18,32
1.0,22,33
1.0,31,33
1.0,8,34
1.0,20,34
1.0,24,34
1.0,3,35
1.0,26,35
1.0,30,35
1.0,7,36
1.0,8,36
1.0,24,36
1.0,0,37
1.0,6,37
1.0,15,37
1.0,28,37
1.0,9,38
1.0,13,38
1.0,25,38
1.0,36,38
1.0,11,39
1.0,17,39
1.0,29,39
1.0,31,39
1.0,2,40
1.0,3,40
1.0,10,40
1.0,33,40
1.0,3,41
1.0,17,41
1.0,23,41
1.0,5,42
1.0,16,42
1.0,23,42
1.0,26,42
1.0,11,43
1.0,16,43
1.0,25,43
1.0,28,44
1.0,41,44
1.0,10,45
1.0,15,45
1.0,43,45
1.0,44,45
1.0,5,46
1.0,18,46
1.0,19,46
1.0,35,46
1.0,1,47
1.0,11,47
1.0,14,47
1.0,24,47
1.0,16,48
1.0,21,48
1.0,33,48
1.0,34,48
1.0,14,49
1.0,20,49
1.0,24,49
1.0,44,49
