1.0,0,2
1.0,1,2
1.0,2,7
1.0,6,7
1.0,1,8
1.0,0,10
1.0,8,11
1.0,5,12
1.0,8,13
1.0,9,14
1.0,2,15
1.0,11,15
1.0,0,16
1.0,6,16
1.0,15,16
1.0,9,17
1.0,12,17
1.0,0,18
1.0,13,19
1.0,12,21
1.0,13,21
1.0,3,22
1.0,4,23
1.0,18,23
1.0,5,24
1.0,14,24
1.0,10,25
1.0,3,26
1.0,7,26
1.0,20,26
1.0,10,27
1.0,12,27
1.0,15,27
1.0,1,28
1.0,22,28
1.0,24,28
1.0,5,29
1.0,11,29
1.0,23,29
1.0,6,30
1.0,24,30
1.0,1,31
1.0,27,31
1.0,4,32
1.0,29,32
1.0,7,33
1.0,19,33
1.0,10,34
1.0,18,34
1.0,25,34
1.0,4,35
1.0,9,35
1.0,11,35
1.0,20,36
1.0,31,36
1.0,35,36
1.0,20,37
1.0,22,37
1.0,23,37
1.0,18,38
1.0,21,38
1.0,37,38
1.0,25,39
1.0,30,39
1.0,14,40
1.0,26,40
1.0,33,40
1.0,19,41
1.0,25,41
1.0,39,41
1.0,13,42
1.0,16,42
1.0,17,42
1.0,39,42
1.0,14,43
1.0,33,43
1.0,38,43
1.0,3,44
1.0,8,44
1.0,17,44
1.0,41,44
1.0,19,45
1.0,20,45
1.0,32,45
1.0,36,45
1.0,21,46
1.0,34,46
1.0,40,46
1.0,3,47
1.0,4,47
1.0,9,47
1.0,30,47
1.0,5,48
1.0,28,48
1.0,43,48
1.0,46,48
1.0,6,49
1.0,22,49
1.0,31,49
1.0,32,49
