1.0,1,2
1.0,4,5
1.0,0,6
1.0,3,7
1.0,4,9
1.0,10,11
1.0,10,12
1.0,3,13
1.0,13,14
1.0,2,16
1.0,10,17
1.0,16,17
1.0,16,18
1.0,3,19
1.0,8,19
1.0,9,19
1.0,8,20
1.0,15,21
1.0,18,21
1.0,6,22
1.0,14,22
1.0,5,23
1.0,20,23
1.0,1,24
1.0,5,24
1.0,1,25
1.0,13,25
1.0,24,25
1.0,11,26
1.0,15,26
1.0,10,27
1.0,23,27
1.0,7,28
1.0,17,28
1.0,16,29
1.0,7,30
1.0,29,30
1.0,12,31
1.0,17,31
1.0,27,31
1.0,6,32
1.0,8,32
1.0,27,32
1.0,14,33
1.0,21,33
1.0,11,34
1.0,20,34
1.0,0,35
1.0,6,35
1.0,22,35
1.0,28,35
1.0,2,36
1.0,4,36
1.0,15,36
1.0,26,36
1.0,23,37
1.0,26,37
1.0,31,37
1.0,7,38
1.0,12,38
1.0,21,38
1.0,24,38
1.0,5,39
1.0,18,39
1.0,32,39
1.0,2,40
1.0,19,40
1.0,28,40
1.0,30,40
1.0,14,41
1.0,29,41
1.0,37,41
1.0,3,42
1.0,15,42
1.0,25,42
1.0,33,42
1.0,9,43
1.0,39,43
1.0,4,44
1.0,9,44
1.0,43,44
1.0,12,45
1.0,13,45
1.0,43,45
1.0,0,46
1.0,8,46
1.0,11,46
1.0,29,46
1.0,0,47
1.0,20,47
1.0,41,47
1.0,44,47
1.0,1,48
1.0,22,48
1.0,30,48
1.0,34,48
1.0,18,49
1.0,33,49
1.0,34,49
1.0,45,49
