1.0,3,4
1.0,2,7
1.0,5,8
1.0,4,10
1.0,2,11
1.0,1,12
1.0,1,13
1.0,12,14
1.0,11,15
1.0,8,17
1.0,10,17
1.0,0,18
1.0,5,18
1.0,0,19
1.0,3,19
1.0,13,19
1.0,4,20
1.0,10,21
1.0,5,22
1.0,9,22
1.0,6,23
1.0,9,23
1.0,13,23
1.0,1,24
1.0,22,24
1.0,0,25
1.0,10,26
1.0,14,26
1.0,7,27
1.0,19,27
1.0,5,28
1.0,17,28
1.0,9,29
1.0,21,29
1.0,20,30
1.0,9,31
1.0,11,31
1.0,26,31
1.0,11,32
1.0,12,32
1.0,14,32
1.0,29,32
1.0,18,33
1.0,30,33
1.0,16,34
1.0,27,34
1.0,8,35
1.0,15,35
1.0,25,35
1.0,6,36
1.0,16,36
1.0,33,36
1.0,34,36
1.0,0,37
1.0,7,37
1.0,21,37
1.0,23,38
1.0,24,38
1.0,30,38
1.0,2,39
1.0,3,39
1.0,18,39
1.0,22,39
1.0,17,40
1.0,24,40
1.0,25,40
1.0,2,41
1.0,15,41
1.0,16,41
1.0,30,41
1.0,8,42
1.0,14,42
1.0,16,42
1.0,38,42
1.0,6,43
1.0,27,43
1.0,35,43
1.0,37,43
1.0,3,44
1.0,12,44
1.0,20,44
1.0,6,45
1.0,13,45
1.0,25,45
1.0,40,45
1.0,21,46
1.0,26,46
1.0,33,46
1.0,34,46
1.0,7,47
1.0,15,47
1.0,28,47
1.0,29,47
1.0,4,48
1.0,20,48
1.0,44,48
1.0,1,49
1.0,28,49
1.0,31,49
1.0,48,49
