1.0,2,5
1.0,6,8
1.0,5,11
1.0,8,11
1.0,4,12
1.0,3,13
1.0,3,14
1.0,14,15
1.0,3,16
1.0,7,16
1.0,7,17
1.0,9,17
1.0,12,18
1.0,1,19
1.0,4,19
1.0,9,19
1.0,6,21
1.0,20,21
1.0,20,22
1.0,1,23
1.0,8,23
1.0,16,23
1.0,20,24
1.0,10,25
1.0,21,25
1.0,0,26
1.0,10,26
1.0,24,26
1.0,7,27
1.0,10,27
1.0,24,27
1.0,17,28
1.0,22,28
1.0,2,29
1.0,14,29
1.0,9,30
1.0,15,30
1.0,18,30
1.0,6,31
1.0,16,31
1.0,29,31
1.0,18,32
1.0,27,32
1.0,30,32
1.0,2,33
1.0,22,33
1.0,2,34
1.0,15,34
1.0,18,34
1.0,26,34
1.0,23,35
1.0,24,35
1.0,33,35
1.0,0,36
1.0,1,36
1.0,8,36
1.0,12,37
1.0,15,37
1.0,14,38
1.0,17,38
1.0,22,38
1.0,25,38
1.0,1,39
1.0,7,39
1.0,13,39
1.0,4,40
1.0,9,40
1.0,37,40
1.0,39,40
1.0,12,41
1.0,13,41
1.0,6,42
1.0,25,42
1.0,41,42
1.0,0,43
1.0,4,43
1.0,21,43
1.0,41,43
1.0,5,44
1.0,11,44
1.0,32,44
1.0,28,45
1.0,29,45
1.0,31,45
1.0,35,45
1.0,5,46
1.0,11,46
1.0,36,46
1.0,44,46
1.0,3,47
1.0,33,47
1.0,37,47
1.0,20,48
1.0,28,48
1.0,42,48
1.0,47,48
1.0,0,49
1.0,10,49
1.0,13,49
1.0,19,49
