1.0,3,6
1.0,5,8
1.0,3,9
1.0,4,9
1.0,1,10
1.0,5,12
1.0,7,13
1.0,4,14
1.0,12,14
1.0,0,15
1.0,1,15
1.0,1,16
1.0,10,16
1.0,18,19
1.0,6,20
1.0,15,20
1.0,11,21
1.0,18,21
1.0,1,22
1.0,7,22
1.0,19,22
1.0,15,23
1.0,17,24
1.0,23,24
1.0,10,25
1.0,4,26
1.0,7,26
1.0,19,26
1.0,0,27
1.0,8,27
1.0,24,27
1.0,25,27
1.0,3,28
1.0,4,28
1.0,10,28
1.0,12,29
1.0,2,30
1.0,25,30
1.0,29,30
1.0,16,31
1.0,24,31
1.0,7,32
1.0,13,32
1.0,17,32
1.0,0,33
1.0,8,33
1.0,21,33
1.0,29,33
1.0,6,34
1.0,32,34
1.0,5,35
1.0,6,35
1.0,17,35
1.0,12,36
1.0,30,36
1.0,11,37
1.0,14,37
1.0,29,37
1.0,3,38
1.0,26,38
1.0,0,39
1.0,18,39
1.0,38,39
1.0,2,40
1.0,28,40
1.0,34,40
1.0,9,41
1.0,11,41
1.0,38,41
1.0,2,42
1.0,8,42
1.0,11,42
1.0,31,42
1.0,17,43
1.0,23,43
1.0,36,43
1.0,37,43
1.0,18,44
1.0,19,44
1.0,25,44
1.0,41,44
1.0,2,45
1.0,5,45
1.0,34,45
1.0,22,46
1.0,35,46
1.0,39,46
1.0,40,46
1.0,13,47
1.0,20,47
1.0,23,47
1.0,45,47
1.0,9,48
1.0,13,48
1.0,14,48
1.0,31,48
1.0,16,49
1.0,20,49
1.0,21,49
1.0,36,49
