1.0,0,1
1.0,1,3
1.0,6,7
1.0,2,9
1.0,2,10
1.0,3,10
1.0,7,11
1.0,6,12
1.0,1,13
1.0,12,13
1.0,7,16
1.0,8,17
1.0,9,17
1.0,15,17
1.0,3,18
1.0,13,18
1.0,0,19
1.0,4,19
1.0,11,19
1.0,6,20
1.0,13,20
1.0,4,22
1.0,18,22
1.0,5,24
1.0,14,24
1.0,21,24
1.0,5,25
1.0,12,26
1.0,9,27
1.0,6,28
1.0,20,28
1.0,5,29
1.0,25,29
1.0,19,30
1.0,27,30
1.0,28,30
1.0,1,31
1.0,14,31
1.0,23,31
1.0,26,31
1.0,8,32
1.0,14,32
1.0,23,33
1.0,29,33
1.0,32,33
1.0,28,34
1.0,10,35
1.0,21,35
1.0,30,35
1.0,11,36
1.0,15,36
1.0,34,36
1.0,22,37
1.0,25,37
1.0,32,37
1.0,15,38
1.0,25,38
1.0,33,38
1.0,21,39
1.0,26,39
1.0,34,39
1.0,0,40
1.0,17,40
1.0,20,40
1.0,27,40
1.0,7,41
1.0,8,41
1.0,16,41
1.0,36,41
1.0,2,42
1.0,10,42
1.0,21,42
1.0,35,42
1.0,9,43
1.0,12,43
1.0,15,43
1.0,23,44
1.0,27,44
1.0,34,44
1.0,43,44
1.0,2,45
1.0,4,45
1.0,18,45
1.0,24,45
1.0,11,46
1.0,14,46
1.0,37,46
1.0,38,46
1.0,8,47
1.0,16,47
1.0,23,47
1.0,26,47
1.0,5,48
1.0,16,48
1.0,22,48
1.0,29,48
1.0,0,49
1.0,3,49
1.0,4,49
1.0,39,49
