1.0,1,4
1.0,2,4
1.0,3,5
1.0,2,6
1.0,0,7
1.0,7,8
1.0,0,10
1.0,2,10
1.0,4,14
1.0,8,16
1.0,12,17
1.0,14,17
1.0,13,18
1.0,3,19
1.0,10,20
1.0,1,21
1.0,9,21
1.0,18,21
1.0,19,21
1.0,11,22
1.0,0,23
1.0,12,23
1.0,17,23
1.0,1,24
1.0,14,24
1.0,19,24
1.0,10,25
1.0,4,26
1.0,20,26
1.0,7,28
1.0,23,28
1.0,27,28
1.0,3,29
1.0,9,29
1.0,25,29
1.0,11,30
1.0,14,30
1.0,27,30
1.0,5,31
1.0,6,31
1.0,9,31
1.0,0,32
1.0,3,32
1.0,11,32
1.0,6,33
1.0,12,33
1.0,13,33
1.0,17,33
1.0,2,34
1.0,15,34
1.0,25,34
1.0,32,34
1.0,15,35
1.0,22,35
1.0,20,36
1.0,22,36
1.0,26,36
1.0,16,37
1.0,5,38
1.0,27,38
1.0,28,38
1.0,31,38
1.0,16,39
1.0,30,39
1.0,8,40
1.0,11,40
1.0,25,40
1.0,13,41
1.0,15,41
1.0,12,42
1.0,15,42
1.0,16,42
1.0,36,42
1.0,1,43
1.0,18,43
1.0,35,43
1.0,39,43
1.0,26,44
1.0,29,44
1.0,40,44
1.0,6,45
1.0,8,45
1.0,37,45
1.0,39,45
1.0,13,46
1.0,37,46
1.0,41,46
1.0,44,46
1.0,19,47
1.0,27,47
1.0,35,47
1.0,41,47
1.0,5,48
1.0,18,48
1.0,20,48
1.0,37,48
1.0,7,49
1.0,9,49
1.0,22,49
1.0,24,49
