1.0,1,2
1.0,3,9
1.0,0,11
1.0,2,12
1.0,6,12
1.0,8,12
1.0,0,14
1.0,13,14
1.0,7,15
1.0,2,16
1.0,6,16
1.0,5,17
1.0,1,18
1.0,8,18
1.0,9,19
1.0,0,20
1.0,13,20
1.0,3,21
1.0,7,21
1.0,20,21
1.0,8,23
1.0,9,23
1.0,20,23
1.0,2,24
1.0,14,25
1.0,18,26
1.0,25,26
1.0,11,27
1.0,16,27
1.0,7,28
1.0,10,28
1.0,22,28
1.0,5,29
1.0,19,29
1.0,25,29
1.0,5,30
1.0,11,30
1.0,18,30
1.0,3,31
1.0,4,31
1.0,15,31
1.0,27,31
1.0,0,32
1.0,15,32
1.0,26,32
1.0,13,33
1.0,16,33
1.0,17,33
1.0,26,33
1.0,10,34
1.0,15,34
1.0,32,34
1.0,24,35
1.0,4,36
1.0,5,36
1.0,28,36
1.0,19,37
1.0,22,37
1.0,24,37
1.0,6,38
1.0,36,38
1.0,22,39
1.0,34,39
1.0,35,39
1.0,3,40
1.0,27,40
1.0,38,40
1.0,19,41
1.0,30,41
1.0,38,41
1.0,6,42
1.0,8,42
1.0,9,42
1.0,17,42
1.0,1,43
1.0,4,43
1.0,11,43
1.0,21,43
1.0,7,44
1.0,24,44
1.0,29,44
1.0,40,44
1.0,10,45
1.0,22,45
1.0,25,46
1.0,35,46
1.0,41,46
1.0,45,46
1.0,14,47
1.0,17,47
1.0,37,47
1.0,39,47
1.0,1,48
1.0,4,48
1.0,10,48
1.0,35,48
1.0,12,49
1.0,13,49
1.0,23,49
1.0,45,49
