1.0,0,3
1.0,0,6
1.0,5,6
1.0,2,7
1.0,0,8
1.0,7,8
1.0,0,9
1.0,1,9
1.0,4,10
1.0,9,11
1.0,5,13
1.0,7,14
1.0,13,14
1.0,8,15
1.0,4,16
1.0,8,16
1.0,11,16
1.0,16,17
1.0,3,18
1.0,5,18
1.0,13,20
1.0,15,23
1.0,4,24
1.0,19,24
1.0,22,24
1.0,2,25
1.0,14,25
1.0,6,26
1.0,9,26
1.0,18,26
1.0,11,27
1.0,19,27
1.0,21,27
1.0,1,28
1.0,25,28
1.0,4,29
1.0,12,29
1.0,10,30
1.0,12,30
1.0,12,31
1.0,18,31
1.0,23,31
1.0,30,31
1.0,20,32
1.0,21,32
1.0,27,32
1.0,17,33
1.0,22,33
1.0,10,34
1.0,32,34
1.0,1,35
1.0,20,35
1.0,14,36
1.0,19,36
1.0,17,37
1.0,23,37
1.0,26,37
1.0,10,38
1.0,25,38
1.0,28,38
1.0,33,38
1.0,5,39
1.0,11,39
1.0,33,39
1.0,39,40
1.0,3,41
1.0,12,41
1.0,30,41
1.0,40,41
1.0,15,42
1.0,21,42
1.0,35,42
1.0,40,42
1.0,15,43
1.0,19,43
1.0,28,43
1.0,1,44
1.0,13,44
1.0,20,44
1.0,29,44
1.0,3,45
1.0,17,45
1.0,22,45
1.0,23,45
1.0,2,46
1.0,21,46
1.0,34,46
1.0,37,46
1.0,7,47
1.0,22,47
1.0,24,47
1.0,40,47
1.0,29,48
1.0,35,48
1.0,36,48
1.0,43,48
1.0,2,49
1.0,6,49
1.0,34,49
1.0,36,49
