1.0,0,1
1.0,1,6
1.0,2,7
1.0,0,9
1.0,7,11
1.0,4,13
1.0,7,14
1.0,1,16
1.0,13,16
1.0,9,17
1.0,12,17
1.0,6,18
1.0,13,19
1.0,15,19
1.0,18,19
1.0,8,20
1.0,14,20
1.0,12,21
1.0,17,21
1.0,3,22
1.0,9,22
1.0,10,22
1.0,7,23
1.0,23,24
1.0,17,25
1.0,19,25
1.0,23,25
1.0,8,26
1.0,18,26
1.0,25,26
1.0,5,27
1.0,26,27
1.0,6,28
1.0,20,28
1.0,24,28
1.0,8,29
1.0,14,29
1.0,4,30
1.0,5,30
1.0,10,31
1.0,12,31
1.0,14,31
1.0,20,31
1.0,13,32
1.0,30,32
1.0,2,33
1.0,27,33
1.0,3,34
1.0,6,35
1.0,10,36
1.0,11,36
1.0,21,36
1.0,30,36
1.0,1,37
1.0,3,37
1.0,23,37
1.0,35,37
1.0,11,38
1.0,16,38
1.0,24,38
1.0,4,39
1.0,9,39
1.0,15,39
1.0,2,40
1.0,4,40
1.0,12,40
1.0,34,40
1.0,18,41
1.0,21,41
1.0,34,41
1.0,2,42
1.0,3,42
1.0,29,42
1.0,38,42
1.0,10,43
1.0,15,43
1.0,32,43
1.0,35,43
1.0,0,44
1.0,11,44
1.0,16,44
1.0,35,44
1.0,5,45
1.0,15,45
1.0,32,45
1.0,39,45
1.0,8,46
1.0,22,46
1.0,34,46
1.0,27,47
1.0,33,47
1.0,46,47
1.0,5,48
1.0,24,48
1.0,28,48
1.0,29,48
1.0,0,49
1.0,33,49
1.0,41,49
1.0,47,49
