1.0,4,6
1.0,3,7
1.0,0,10
1.0,2,11
1.0,3,11
1.0,8,14
1.0,15,16
1.0,15,17
1.0,4,18
1.0,9,20
1.0,12,20
1.0,5,21
1.0,17,21
1.0,8,22
1.0,13,22
1.0,17,22
1.0,14,23
1.0,2,24
1.0,19,24
1.0,22,24
1.0,11,25
1.0,13,25
1.0,4,26
1.0,11,26
1.0,16,26
1.0,19,26
1.0,6,27
1.0,6,28
1.0,21,28
1.0,25,28
1.0,27,28
1.0,3,29
1.0,7,29
1.0,14,29
1.0,5,30
1.0,9,30
1.0,13,30
1.0,0,31
1.0,16,31
1.0,7,32
1.0,9,32
1.0,12,32
1.0,29,32
1.0,2,33
1.0,5,33
1.0,2,34
1.0,23,34
1.0,33,34
1.0,1,35
1.0,18,35
1.0,20,35
1.0,18,36
1.0,19,36
1.0,35,36
1.0,0,37
1.0,1,37
1.0,16,37
1.0,19,37
1.0,8,38
1.0,15,38
1.0,18,38
1.0,0,39
1.0,7,39
1.0,9,39
1.0,23,39
1.0,10,40
1.0,33,40
1.0,6,41
1.0,8,41
1.0,27,41
1.0,36,41
1.0,15,42
1.0,23,42
1.0,24,42
1.0,4,43
1.0,10,43
1.0,31,43
1.0,34,43
1.0,1,44
1.0,13,44
1.0,27,44
1.0,40,44
1.0,5,45
1.0,17,45
1.0,30,45
1.0,40,45
1.0,12,46
1.0,21,46
1.0,25,46
1.0,14,47
1.0,20,47
1.0,46,47
1.0,3,48
1.0,10,48
1.0,31,48
1.0,47,48
1.0,1,49
1.0,12,49
1.0,38,49
1.0,42,49
