1.0,2,4
1.0,3,5
1.0,5,7
1.0,5,8
1.0,4,10
1.0,11,12
1.0,13,15
1.0,7,16
1.0,10,16
1.0,14,16
1.0,8,17
1.0,15,17
1.0,9,18
1.0,12,18
1.0,1,19
1.0,14,19
1.0,2,20
1.0,0,21
1.0,17,22
1.0,9,23
1.0,14,23
1.0,16,23
1.0,2,24
1.0,13,24
1.0,0,25
1.0,20,25
1.0,24,25
1.0,23,26
1.0,22,27
1.0,2,28
1.0,6,28
1.0,21,28
1.0,26,28
1.0,13,29
1.0,15,29
1.0,7,30
1.0,11,30
1.0,18,30
1.0,1,31
1.0,9,31
1.0,21,31
1.0,27,31
1.0,10,32
1.0,12,32
1.0,29,32
1.0,11,33
1.0,12,33
1.0,14,33
1.0,22,33
1.0,15,34
1.0,20,34
1.0,8,35
1.0,7,36
1.0,19,36
1.0,26,36
1.0,32,36
1.0,3,37
1.0,11,37
1.0,27,37
1.0,35,37
1.0,1,38
1.0,24,38
1.0,35,38
1.0,6,39
1.0,26,39
1.0,8,40
1.0,17,40
1.0,20,40
1.0,25,40
1.0,13,41
1.0,35,41
1.0,0,42
1.0,22,42
1.0,41,42
1.0,3,43
1.0,5,43
1.0,39,43
1.0,3,44
1.0,27,44
1.0,39,44
1.0,43,44
1.0,4,45
1.0,6,45
1.0,10,45
1.0,19,45
1.0,0,46
1.0,9,46
1.0,34,46
1.0,42,46
1.0,18,47
1.0,29,47
1.0,34,47
1.0,1,48
1.0,4,48
1.0,41,48
1.0,47,48
1.0,6,49
1.0,21,49
1.0,30,49
1.0,38,49
