1.0,0,3
1.0,2,6
1.0,5,8
1.0,5,9
1.0,4,10
1.0,0,11
1.0,1,11
1.0,1,13
1.0,7,14
1.0,8,15
1.0,14,15
1.0,3,16
1.0,5,16
1.0,13,16
1.0,7,18
1.0,12,18
1.0,14,20
1.0,18,21
1.0,5,23
1.0,8,25
1.0,9,25
1.0,11,27
1.0,12,27
1.0,13,27
1.0,20,27
1.0,2,28
1.0,14,28
1.0,23,28
1.0,1,29
1.0,10,29
1.0,19,29
1.0,21,29
1.0,6,30
1.0,24,30
1.0,7,31
1.0,12,31
1.0,19,31
1.0,23,31
1.0,9,32
1.0,17,32
1.0,26,32
1.0,18,33
1.0,19,33
1.0,4,34
1.0,20,34
1.0,22,34
1.0,24,34
1.0,9,35
1.0,11,35
1.0,25,35
1.0,10,36
1.0,22,36
1.0,28,36
1.0,4,37
1.0,23,37
1.0,8,38
1.0,22,38
1.0,32,38
1.0,15,39
1.0,16,39
1.0,17,39
1.0,33,39
1.0,22,40
1.0,26,40
1.0,30,40
1.0,37,40
1.0,1,41
1.0,7,41
1.0,15,41
1.0,35,41
1.0,13,42
1.0,25,42
1.0,38,42
1.0,0,43
1.0,6,43
1.0,10,43
1.0,42,43
1.0,3,44
1.0,19,44
1.0,21,44
1.0,37,44
1.0,2,45
1.0,6,45
1.0,12,45
1.0,17,45
1.0,17,46
1.0,21,46
1.0,33,46
1.0,36,46
1.0,4,47
1.0,20,47
1.0,24,47
1.0,30,47
1.0,3,48
1.0,24,48
1.0,26,48
1.0,0,49
1.0,2,49
1.0,26,49
1.0,48,49
