1.0,3,4
1.0,4,5
1.0,0,7
1.0,2,8
1.0,3,8
1.0,5,10
1.0,1,11
1.0,2,12
1.0,6,15
1.0,7,17
1.0,14,17
1.0,13,18
1.0,5,19
1.0,6,19
1.0,18,19
1.0,1,20
1.0,3,21
1.0,14,21
1.0,1,22
1.0,11,22
1.0,8,23
1.0,11,23
1.0,16,23
1.0,21,23
1.0,6,24
1.0,13,24
1.0,20,24
1.0,16,26
1.0,6,27
1.0,16,27
1.0,17,27
1.0,18,28
1.0,25,28
1.0,25,29
1.0,28,29
1.0,0,30
1.0,16,30
1.0,20,30
1.0,29,30
1.0,0,31
1.0,1,31
1.0,2,31
1.0,22,31
1.0,12,32
1.0,24,32
1.0,28,32
1.0,5,33
1.0,14,33
1.0,13,34
1.0,9,35
1.0,14,35
1.0,15,35
1.0,9,36
1.0,13,36
1.0,15,36
1.0,29,36
1.0,22,37
1.0,32,37
1.0,7,38
1.0,10,38
1.0,26,38
1.0,35,38
1.0,9,39
1.0,17,39
1.0,19,39
1.0,3,40
1.0,4,40
1.0,11,40
1.0,0,41
1.0,18,41
1.0,21,41
1.0,20,42
1.0,34,42
1.0,7,43
1.0,8,43
1.0,37,43
1.0,42,43
1.0,9,44
1.0,12,44
1.0,33,44
1.0,42,44
1.0,12,45
1.0,25,45
1.0,26,45
1.0,39,45
1.0,10,46
1.0,26,46
1.0,27,46
1.0,2,47
1.0,10,47
1.0,15,47
1.0,41,47
1.0,4,48
1.0,34,48
1.0,37,48
1.0,46,48
1.0,25,49
1.0,33,49
1.0,34,49
1.0,40,49
