1.0,0,2
1.0,3,4
1.0,0,7
1.0,0,9
1.0,9,10
1.0,9,11
1.0,5,12
1.0,4,13
1.0,7,14
1.0,13,15
1.0,14,16
1.0,1,17
1.0,7,17
1.0,10,17
1.0,0,18
1.0,17,19
1.0,6,20
1.0,14,20
1.0,2,21
1.0,19,21
1.0,10,22
1.0,4,23
1.0,12,23
1.0,1,24
1.0,5,25
1.0,16,25
1.0,1,26
1.0,12,26
1.0,6,27
1.0,22,27
1.0,5,28
1.0,15,28
1.0,22,28
1.0,4,29
1.0,9,29
1.0,14,29
1.0,26,29
1.0,10,30
1.0,24,30
1.0,26,30
1.0,1,31
1.0,15,32
1.0,20,32
1.0,22,32
1.0,27,32
1.0,15,33
1.0,19,33
1.0,28,33
1.0,8,34
1.0,12,34
1.0,18,34
1.0,31,34
1.0,19,35
1.0,23,35
1.0,31,35
1.0,6,36
1.0,2,37
1.0,3,37
1.0,8,37
1.0,18,38
1.0,36,38
1.0,8,39
1.0,20,39
1.0,38,39
1.0,2,40
1.0,11,40
1.0,21,40
1.0,3,41
1.0,5,41
1.0,6,41
1.0,35,41
1.0,24,42
1.0,30,42
1.0,36,42
1.0,3,43
1.0,7,43
1.0,8,43
1.0,36,43
1.0,11,44
1.0,24,44
1.0,39,44
1.0,40,44
1.0,16,45
1.0,18,45
1.0,25,45
1.0,42,45
1.0,11,46
1.0,33,46
1.0,37,46
1.0,13,47
1.0,16,47
1.0,23,47
1.0,46,47
1.0,13,48
1.0,21,48
1.0,31,48
1.0,25,49
1.0,27,49
1.0,38,49
1.0,48,49
