1.0,1,3
1.0,0,5
1.0,3,6
1.0,1,8
1.0,0,9
1.0,3,10
1.0,6,14
1.0,4,15
1.0,13,16
1.0,16,17
1.0,7,18
1.0,9,18
1.0,11,19
1.0,12,20
1.0,2,21
1.0,10,21
1.0,14,21
1.0,6,22
1.0,17,22
1.0,18,22
1.0,7,23
1.0,8,23
1.0,1,24
1.0,23,24
1.0,18,25
1.0,5,27
1.0,17,27
1.0,7,28
1.0,10,28
1.0,19,28
1.0,2,29
1.0,10,29
1.0,5,30
1.0,13,30
1.0,22,30
1.0,29,30
1.0,16,31
1.0,20,31
1.0,28,31
1.0,9,32
1.0,12,32
1.0,27,32
1.0,1,33
1.0,15,33
1.0,25,33
1.0,4,34
1.0,19,34
1.0,31,34
1.0,0,35
1.0,12,35
1.0,9,36
1.0,11,36
1.0,13,36
1.0,19,36
1.0,5,37
1.0,8,37
1.0,21,37
1.0,2,38
1.0,4,38
1.0,11,38
1.0,26,38
1.0,32,39
1.0,34,39
1.0,3,40
1.0,24,40
1.0,26,40
1.0,35,40
1.0,2,41
1.0,13,41
1.0,14,41
1.0,35,41
1.0,7,42
1.0,11,42
1.0,26,42
1.0,17,43
1.0,33,43
1.0,39,43
1.0,6,44
1.0,8,44
1.0,26,44
1.0,37,44
1.0,15,45
1.0,20,45
1.0,25,45
1.0,29,45
1.0,14,46
1.0,15,46
1.0,16,46
1.0,43,46
1.0,0,47
1.0,12,47
1.0,27,47
1.0,4,48
1.0,39,48
1.0,42,48
1.0,47,48
1.0,20,49
1.0,23,49
1.0,24,49
1.0,25,49
