1.0,0,1
1.0,2,3
1.0,1,5
1.0,3,5
1.0,6,7
1.0,6,9
1.0,8,9
1.0,13,14
1.0,5,15
1.0,7,17
1.0,4,19
1.0,13,19
1.0,4,20
1.0,7,20
1.0,0,21
1.0,16,21
1.0,8,22
1.0,11,22
1.0,14,22
1.0,10,23
1.0,17,23
1.0,1,24
1.0,9,24
1.0,2,25
1.0,4,26
1.0,13,26
1.0,11,27
1.0,14,27
1.0,25,27
1.0,3,28
1.0,13,28
1.0,22,28
1.0,6,29
1.0,10,29
1.0,0,30
1.0,2,30
1.0,16,30
1.0,29,31
1.0,2,32
1.0,3,32
1.0,12,32
1.0,11,33
1.0,17,33
1.0,23,33
1.0,18,34
1.0,24,34
1.0,10,35
1.0,18,35
1.0,23,35
1.0,27,35
1.0,1,36
1.0,16,36
1.0,20,36
1.0,12,37
1.0,24,37
1.0,26,37
1.0,0,38
1.0,10,38
1.0,31,38
1.0,9,39
1.0,15,39
1.0,36,39
1.0,6,40
1.0,16,40
1.0,20,40
1.0,15,41
1.0,25,41
1.0,31,41
1.0,7,42
1.0,8,42
1.0,17,42
1.0,40,42
1.0,4,43
1.0,12,43
1.0,32,43
1.0,34,43
1.0,8,44
1.0,19,44
1.0,21,44
1.0,31,44
1.0,5,45
1.0,14,45
1.0,15,45
1.0,33,45
1.0,11,46
1.0,18,46
1.0,28,46
1.0,29,46
1.0,18,47
1.0,19,47
1.0,25,47
1.0,34,47
1.0,30,48
1.0,37,48
1.0,38,48
1.0,41,48
1.0,12,49
1.0,21,49
1.0,26,49
1.0,39,49
