1.0,0,3
1.0,4,6
1.0,5,8
1.0,6,8
1.0,7,8
1.0,1,10
1.0,7,10
1.0,9,10
1.0,5,11
1.0,0,13
1.0,7,13
1.0,2,14
1.0,2,15
1.0,10,15
1.0,2,16
1.0,1,17
1.0,6,18
1.0,11,18
1.0,16,18
1.0,14,19
1.0,12,20
1.0,15,20
1.0,13,21
1.0,12,22
1.0,19,23
1.0,19,24
1.0,9,25
1.0,14,25
1.0,16,26
1.0,24,26
1.0,5,27
1.0,12,27
1.0,21,28
1.0,26,28
1.0,13,29
1.0,20,29
1.0,22,29
1.0,17,30
1.0,22,30
1.0,3,31
1.0,14,32
1.0,17,32
1.0,31,32
1.0,3,33
1.0,31,33
1.0,1,34
1.0,4,34
1.0,32,34
1.0,23,35
1.0,27,35
1.0,34,35
1.0,4,36
1.0,21,36
1.0,33,36
1.0,17,37
1.0,18,37
1.0,22,37
1.0,3,38
1.0,9,38
1.0,12,38
1.0,35,38
1.0,7,39
1.0,21,39
1.0,28,39
1.0,2,40
1.0,25,40
1.0,36,40
1.0,0,41
1.0,19,41
1.0,25,41
1.0,30,41
1.0,8,42
1.0,24,42
1.0,31,42
1.0,11,43
1.0,15,43
1.0,28,43
1.0,6,44
1.0,9,44
1.0,27,44
1.0,37,44
1.0,4,45
1.0,29,45
1.0,30,45
1.0,39,45
1.0,11,46
1.0,16,46
1.0,23,46
1.0,1,47
1.0,5,47
1.0,20,47
1.0,24,47
1.0,33,48
1.0,40,48
1.0,42,48
1.0,46,48
1.0,0,49
1.0,23,49
1.0,26,49
1.0,43,49
