1.0,4,5
1.0,8,9
1.0,2,10
1.0,3,12
1.0,4,12
1.0,7,13
1.0,6,14
1.0,1,15
1.0,2,16
1.0,4,16
1.0,13,17
1.0,7,18
1.0,17,18
1.0,0,19
1.0,1,19
1.0,5,19
1.0,11,20
1.0,9,21
1.0,14,21
1.0,16,21
1.0,6,22
1.0,7,22
1.0,11,22
1.0,3,23
1.0,14,23
1.0,2,24
1.0,13,25
1.0,11,26
1.0,18,26
1.0,20,28
1.0,23,28
1.0,26,28
1.0,19,29
1.0,17,30
1.0,16,31
1.0,24,31
1.0,2,32
1.0,10,32
1.0,23,32
1.0,29,32
1.0,17,33
1.0,25,33
1.0,29,33
1.0,1,34
1.0,15,34
1.0,24,34
1.0,12,35
1.0,15,35
1.0,1,36
1.0,5,36
1.0,7,36
1.0,9,37
1.0,10,37
1.0,22,37
1.0,29,37
1.0,5,38
1.0,6,38
1.0,8,38
1.0,20,38
1.0,0,39
1.0,3,39
1.0,9,39
1.0,36,39
1.0,8,40
1.0,13,40
1.0,14,40
1.0,15,40
1.0,8,41
1.0,27,41
1.0,28,41
1.0,30,41
1.0,10,42
1.0,20,42
1.0,31,42
1.0,35,42
1.0,0,43
1.0,11,43
1.0,26,43
1.0,12,44
1.0,33,44
1.0,43,44
1.0,4,45
1.0,21,45
1.0,27,45
1.0,30,45
1.0,25,46
1.0,27,46
1.0,44,46
1.0,24,47
1.0,31,47
1.0,34,47
1.0,46,47
1.0,3,48
1.0,18,48
1.0,25,48
1.0,30,48
1.0,0,49
1.0,6,49
1.0,27,49
1.0,35,49
