1.0,1,5
1.0,2,6
1.0,2,8
1.0,0,10
1.0,3,10
1.0,0,11
1.0,2,11
1.0,1,12
1.0,1,15
1.0,3,15
1.0,1,16
1.0,15,16
1.0,2,17
1.0,16,17
1.0,5,18
1.0,8,20
1.0,13,20
1.0,4,21
1.0,7,21
1.0,10,21
1.0,8,22
1.0,4,23
1.0,14,23
1.0,3,24
1.0,5,24
1.0,9,24
1.0,10,25
1.0,3,26
1.0,13,26
1.0,19,26
1.0,20,26
1.0,17,27
1.0,4,28
1.0,12,28
1.0,19,29
1.0,24,29
1.0,22,30
1.0,27,30
1.0,28,30
1.0,23,31
1.0,7,32
1.0,16,32
1.0,20,32
1.0,5,33
1.0,7,33
1.0,9,33
1.0,14,34
1.0,27,34
1.0,32,34
1.0,13,35
1.0,17,35
1.0,21,35
1.0,25,35
1.0,18,36
1.0,19,36
1.0,29,36
1.0,31,36
1.0,6,37
1.0,14,37
1.0,28,37
1.0,0,38
1.0,13,38
1.0,37,38
1.0,7,39
1.0,8,39
1.0,14,39
1.0,22,40
1.0,23,40
1.0,31,40
1.0,0,41
1.0,9,41
1.0,11,41
1.0,6,42
1.0,18,42
1.0,30,42
1.0,34,42
1.0,11,43
1.0,12,43
1.0,38,43
1.0,15,44
1.0,18,44
1.0,29,44
1.0,40,44
1.0,6,45
1.0,25,45
1.0,43,45
1.0,27,46
1.0,33,46
1.0,45,46
1.0,4,47
1.0,9,47
1.0,46,47
1.0,12,48
1.0,22,48
1.0,39,48
1.0,41,48
1.0,19,49
1.0,25,49
1.0,31,49
1.0,47,49
