1.0,6,7
1.0,4,8
1.0,7,9
1.0,0,10
1.0,3,10
1.0,9,10
1.0,2,11
1.0,7,13
1.0,1,14
1.0,8,15
1.0,12,15
1.0,13,16
1.0,3,17
1.0,4,17
1.0,16,17
1.0,9,18
1.0,3,19
1.0,5,20
1.0,4,21
1.0,17,21
1.0,14,22
1.0,2,23
1.0,10,23
1.0,12,23
1.0,20,23
1.0,2,24
1.0,6,24
1.0,11,24
1.0,20,24
1.0,18,25
1.0,4,26
1.0,0,27
1.0,15,27
1.0,6,28
1.0,12,28
1.0,26,28
1.0,27,28
1.0,5,29
1.0,11,29
1.0,11,30
1.0,12,30
1.0,13,30
1.0,0,31
1.0,1,32
1.0,25,32
1.0,0,33
1.0,19,33
1.0,31,33
1.0,25,34
1.0,30,34
1.0,32,34
1.0,7,35
1.0,31,35
1.0,5,36
1.0,19,36
1.0,16,37
1.0,21,37
1.0,29,37
1.0,35,37
1.0,1,38
1.0,34,38
1.0,14,39
1.0,15,39
1.0,19,39
1.0,26,39
1.0,22,40
1.0,38,40
1.0,22,41
1.0,36,41
1.0,40,41
1.0,3,42
1.0,18,42
1.0,26,42
1.0,13,43
1.0,27,43
1.0,36,43
1.0,1,44
1.0,6,44
1.0,31,44
1.0,38,44
1.0,8,45
1.0,20,45
1.0,22,45
1.0,41,45
1.0,16,46
1.0,18,46
1.0,21,46
1.0,40,46
1.0,5,47
1.0,14,47
1.0,35,47
1.0,42,47
1.0,2,48
1.0,8,48
1.0,25,48
1.0,43,48
1.0,9,49
1.0,29,49
1.0,32,49
1.0,33,49
