1.0,1,4
1.0,3,5
1.0,1,9
1.0,4,10
1.0,0,11
1.0,3,11
1.0,1,12
1.0,2,14
1.0,6,14
1.0,12,14
1.0,13,15
1.0,9,16
1.0,10,16
1.0,13,16
1.0,4,17
1.0,0,18
1.0,1,18
1.0,17,18
1.0,2,19
1.0,13,19
1.0,3,21
1.0,10,22
1.0,20,22
1.0,8,23
1.0,10,23
1.0,20,24
1.0,7,25
1.0,11,26
1.0,5,27
1.0,15,27
1.0,25,27
1.0,26,27
1.0,19,28
1.0,23,28
1.0,8,29
1.0,24,29
1.0,6,30
1.0,21,30
1.0,9,31
1.0,12,31
1.0,2,32
1.0,11,32
1.0,26,32
1.0,16,33
1.0,17,33
1.0,25,33
1.0,7,34
1.0,31,34
1.0,22,35
1.0,5,36
1.0,23,36
1.0,34,36
1.0,8,37
1.0,28,37
1.0,36,37
1.0,3,38
1.0,26,38
1.0,33,38
1.0,35,38
1.0,13,39
1.0,15,39
1.0,20,39
1.0,37,39
1.0,7,40
1.0,9,40
1.0,15,40
1.0,20,41
1.0,24,41
1.0,29,41
1.0,19,42
1.0,29,42
1.0,32,42
1.0,0,43
1.0,2,43
1.0,17,43
1.0,41,43
1.0,14,44
1.0,24,44
1.0,30,44
1.0,40,44
1.0,12,45
1.0,21,45
1.0,28,45
1.0,42,45
1.0,4,46
1.0,21,46
1.0,34,46
1.0,35,46
1.0,8,47
1.0,18,47
1.0,31,47
1.0,35,47
1.0,6,48
1.0,22,48
1.0,25,48
1.0,30,48
1.0,0,49
1.0,5,49
1.0,6,49
1.0,7,49
