1.0,2,4
1.0,0,6
1.0,2,10
1.0,10,12
1.0,3,13
1.0,4,13
1.0,8,13
1.0,0,14
1.0,6,14
1.0,5,15
1.0,2,16
1.0,6,16
1.0,11,16
1.0,8,18
1.0,8,19
1.0,9,19
1.0,8,20
1.0,13,20
1.0,17,20
1.0,5,21
1.0,18,21
1.0,7,22
1.0,9,22
1.0,12,23
1.0,0,25
1.0,1,25
1.0,4,25
1.0,23,25
1.0,17,26
1.0,10,27
1.0,18,27
1.0,1,28
1.0,24,28
1.0,16,29
1.0,20,29
1.0,28,29
1.0,3,30
1.0,7,30
1.0,14,30
1.0,5,31
1.0,11,31
1.0,23,31
1.0,30,31
1.0,5,32
1.0,26,32
1.0,10,33
1.0,19,33
1.0,7,34
1.0,3,35
1.0,26,35
1.0,27,35
1.0,12,36
1.0,32,36
1.0,1,37
1.0,3,37
1.0,15,37
1.0,33,37
1.0,22,38
1.0,27,38
1.0,12,39
1.0,34,39
1.0,38,39
1.0,14,40
1.0,15,40
1.0,34,40
1.0,35,40
1.0,1,41
1.0,7,41
1.0,19,41
1.0,36,41
1.0,24,42
1.0,26,42
1.0,29,42
1.0,36,42
1.0,11,43
1.0,21,43
1.0,39,43
1.0,9,44
1.0,11,44
1.0,18,44
1.0,24,44
1.0,2,45
1.0,9,45
1.0,24,45
1.0,28,45
1.0,0,46
1.0,17,46
1.0,21,46
1.0,22,47
1.0,23,47
1.0,34,47
1.0,43,47
1.0,4,48
1.0,17,48
1.0,32,48
1.0,33,48
1.0,6,49
1.0,15,49
1.0,38,49
1.0,46,49
