1.0,0,4
1.0,3,6
1.0,7,8
1.0,7,11
1.0,8,13
1.0,11,13
1.0,6,14
1.0,10,15
1.0,3,17
1.0,10,17
1.0,2,18
1.0,6,18
1.0,16,18
1.0,5,20
1.0,1,21
1.0,0,22
1.0,3,22
1.0,1,23
1.0,10,23
1.0,12,23
1.0,2,24
1.0,15,24
1.0,3,25
1.0,19,25
1.0,0,26
1.0,20,26
1.0,8,27
1.0,11,27
1.0,12,27
1.0,21,27
1.0,5,28
1.0,17,28
1.0,21,28
1.0,22,29
1.0,18,30
1.0,24,30
1.0,25,30
1.0,2,31
1.0,9,31
1.0,15,31
1.0,1,32
1.0,2,32
1.0,6,32
1.0,26,32
1.0,4,33
1.0,16,33
1.0,28,33
1.0,29,34
1.0,10,35
1.0,11,35
1.0,14,35
1.0,33,35
1.0,16,36
1.0,14,37
1.0,19,37
1.0,23,37
1.0,36,37
1.0,30,38
1.0,34,38
1.0,36,38
1.0,4,39
1.0,9,39
1.0,19,39
1.0,21,39
1.0,7,40
1.0,9,40
1.0,34,40
1.0,36,40
1.0,5,41
1.0,12,41
1.0,31,42
1.0,38,42
1.0,41,42
1.0,5,43
1.0,9,43
1.0,41,43
1.0,14,44
1.0,24,44
1.0,29,44
1.0,43,44
1.0,7,45
1.0,13,45
1.0,17,45
1.0,22,45
1.0,12,46
1.0,15,46
1.0,25,46
1.0,42,46
1.0,1,47
1.0,8,47
1.0,13,47
1.0,34,47
1.0,0,48
1.0,16,48
1.0,19,48
1.0,20,48
1.0,4,49
1.0,20,49
1.0,26,49
1.0,29,49
