1.0,0,1
1.0,6,7
1.0,0,11
1.0,1,12
1.0,0,13
1.0,5,13
1.0,4,14
1.0,6,14
1.0,7,15
1.0,11,15
1.0,0,16
1.0,7,16
1.0,3,17
1.0,2,18
1.0,1,19
1.0,8,19
1.0,10,19
1.0,11,19
1.0,8,20
1.0,12,20
1.0,17,21
1.0,20,21
1.0,22,23
1.0,2,24
1.0,6,25
1.0,10,25
1.0,11,25
1.0,2,26
1.0,15,26
1.0,24,26
1.0,10,27
1.0,25,27
1.0,3,28
1.0,6,28
1.0,21,28
1.0,23,28
1.0,13,29
1.0,22,29
1.0,4,30
1.0,22,30
1.0,8,31
1.0,14,31
1.0,12,32
1.0,27,32
1.0,31,32
1.0,18,33
1.0,30,33
1.0,3,34
1.0,7,34
1.0,18,34
1.0,24,34
1.0,1,35
1.0,24,35
1.0,26,35
1.0,27,36
1.0,31,37
1.0,36,37
1.0,16,38
1.0,37,38
1.0,5,39
1.0,8,39
1.0,15,39
1.0,20,39
1.0,5,40
1.0,14,40
1.0,16,40
1.0,23,40
1.0,9,41
1.0,10,41
1.0,30,41
1.0,38,41
1.0,5,42
1.0,9,42
1.0,17,42
1.0,23,42
1.0,33,43
1.0,36,43
1.0,37,43
1.0,38,43
1.0,9,44
1.0,21,44
1.0,22,44
1.0,33,44
1.0,17,45
1.0,29,45
1.0,35,45
1.0,3,46
1.0,29,46
1.0,45,46
1.0,2,47
1.0,9,47
1.0,12,47
1.0,4,48
1.0,13,48
1.0,32,48
1.0,47,48
1.0,4,49
1.0,18,49
1.0,36,49
1.0,46,49
