1.0,1,6
1.0,2,8
1.0,3,11
1.0,10,11
1.0,7,12
1.0,10,14
1.0,0,15
1.0,1,15
1.0,4,15
1.0,7,16
1.0,16,17
1.0,0,18
1.0,1,19
1.0,14,19
1.0,18,19
1.0,2,20
1.0,10,20
1.0,3,21
1.0,6,21
1.0,17,24
1.0,18,24
1.0,21,24
1.0,2,25
1.0,13,25
1.0,8,26
1.0,3,27
1.0,6,28
1.0,19,28
1.0,22,28
1.0,23,28
1.0,2,29
1.0,7,29
1.0,12,29
1.0,6,30
1.0,9,30
1.0,13,30
1.0,20,30
1.0,15,31
1.0,25,31
1.0,4,32
1.0,5,32
1.0,9,32
1.0,26,32
1.0,5,33
1.0,8,33
1.0,16,33
1.0,11,34
1.0,23,34
1.0,9,35
1.0,12,35
1.0,12,36
1.0,13,36
1.0,27,36
1.0,33,36
1.0,8,37
1.0,22,37
1.0,23,37
1.0,26,37
1.0,11,38
1.0,13,38
1.0,27,38
1.0,0,39
1.0,1,39
1.0,9,39
1.0,22,40
1.0,25,40
1.0,29,40
1.0,34,40
1.0,14,41
1.0,16,41
1.0,27,41
1.0,7,42
1.0,34,42
1.0,4,43
1.0,17,43
1.0,38,43
1.0,0,44
1.0,5,44
1.0,20,44
1.0,21,44
1.0,3,45
1.0,10,45
1.0,23,45
1.0,35,45
1.0,5,46
1.0,18,46
1.0,31,46
1.0,42,46
1.0,22,47
1.0,24,47
1.0,26,47
1.0,42,47
1.0,4,48
1.0,31,48
1.0,39,48
1.0,41,48
1.0,14,49
1.0,17,49
1.0,35,49
1.0,43,49
