1.0,1,4
1.0,4,5
1.0,1,7
1.0,2,7
1.0,8,9
1.0,0,12
1.0,8,12
1.0,9,13
1.0,11,13
1.0,2,14
1.0,9,14
1.0,11,14
1.0,13,15
1.0,8,16
1.0,0,17
1.0,3,17
1.0,4,18
1.0,7,18
1.0,11,18
1.0,1,19
1.0,6,19
1.0,17,19
1.0,12,20
1.0,18,20
1.0,13,22
1.0,15,23
1.0,16,24
1.0,19,25
1.0,20,25
1.0,3,26
1.0,5,26
1.0,8,26
1.0,25,26
1.0,14,27
1.0,2,28
1.0,3,28
1.0,5,29
1.0,10,29
1.0,17,29
1.0,10,30
1.0,23,30
1.0,5,31
1.0,25,31
1.0,30,31
1.0,0,32
1.0,11,32
1.0,16,32
1.0,9,33
1.0,22,33
1.0,27,33
1.0,2,34
1.0,3,35
1.0,4,35
1.0,21,35
1.0,28,36
1.0,33,36
1.0,6,37
1.0,27,37
1.0,28,37
1.0,15,38
1.0,20,38
1.0,22,39
1.0,23,39
1.0,31,39
1.0,10,40
1.0,29,40
1.0,39,40
1.0,12,41
1.0,21,41
1.0,24,41
1.0,10,42
1.0,34,42
1.0,37,42
1.0,21,43
1.0,24,43
1.0,40,43
1.0,1,44
1.0,16,44
1.0,35,44
1.0,38,44
1.0,0,45
1.0,6,45
1.0,34,45
1.0,36,45
1.0,6,46
1.0,7,46
1.0,30,46
1.0,32,46
1.0,15,47
1.0,22,47
1.0,36,47
1.0,42,47
1.0,27,48
1.0,38,48
1.0,41,48
1.0,43,48
1.0,21,49
1.0,23,49
1.0,24,49
1.0,34,49
