1.0,0,2
1.0,1,5
1.0,4,7
1.0,0,9
1.0,3,11
1.0,4,12
1.0,8,12
1.0,6,14
1.0,13,14
1.0,11,15
1.0,12,15
1.0,9,16
1.0,7,18
1.0,1,19
1.0,13,19
1.0,5,20
1.0,10,20
1.0,2,21
1.0,2,22
1.0,8,22
1.0,10,23
1.0,22,23
1.0,9,24
1.0,6,25
1.0,16,25
1.0,21,25
1.0,23,25
1.0,5,26
1.0,17,26
1.0,18,26
1.0,3,27
1.0,14,27
1.0,22,28
1.0,11,29
1.0,27,29
1.0,12,30
1.0,17,30
1.0,10,31
1.0,16,31
1.0,26,31
1.0,6,32
1.0,8,32
1.0,18,32
1.0,0,33
1.0,4,33
1.0,0,34
1.0,13,34
1.0,5,35
1.0,15,35
1.0,28,35
1.0,30,36
1.0,32,36
1.0,35,36
1.0,13,37
1.0,20,37
1.0,10,38
1.0,19,38
1.0,23,38
1.0,34,38
1.0,8,39
1.0,14,39
1.0,15,39
1.0,37,39
1.0,18,40
1.0,20,40
1.0,29,40
1.0,34,40
1.0,24,41
1.0,28,41
1.0,1,42
1.0,3,42
1.0,31,42
1.0,36,42
1.0,1,43
1.0,7,43
1.0,33,43
1.0,41,43
1.0,6,44
1.0,21,44
1.0,27,44
1.0,30,44
1.0,16,45
1.0,24,45
1.0,37,45
1.0,4,46
1.0,17,46
1.0,24,46
1.0,29,46
1.0,2,47
1.0,9,47
1.0,11,47
1.0,41,47
1.0,7,48
1.0,17,48
1.0,19,48
1.0,45,48
1.0,3,49
1.0,21,49
1.0,28,49
1.0,33,49
