1.0,2,4
1.0,4,5
1.0,3,6
1.0,3,7
1.0,1,9
1.0,13,14
1.0,7,15
1.0,9,15
1.0,0,16
1.0,10,16
1.0,12,16
1.0,7,17
1.0,15,18
1.0,2,19
1.0,11,19
1.0,8,20
1.0,9,20
1.0,3,21
1.0,1,22
1.0,0,23
1.0,2,23
1.0,7,23
1.0,19,24
1.0,23,24
1.0,3,25
1.0,8,26
1.0,24,26
1.0,1,27
1.0,6,27
1.0,10,28
1.0,17,28
1.0,22,28
1.0,5,29
1.0,27,29
1.0,11,30
1.0,17,30
1.0,12,31
1.0,25,31
1.0,6,32
1.0,9,32
1.0,0,33
1.0,5,33
1.0,8,33
1.0,31,33
1.0,17,34
1.0,26,34
1.0,32,34
1.0,13,35
1.0,18,35
1.0,19,36
1.0,28,36
1.0,29,36
1.0,10,37
1.0,13,37
1.0,22,37
1.0,25,37
1.0,0,38
1.0,4,38
1.0,30,38
1.0,35,38
1.0,1,39
1.0,18,39
1.0,5,40
1.0,16,40
1.0,22,40
1.0,35,40
1.0,2,41
1.0,4,41
1.0,6,41
1.0,31,41
1.0,8,42
1.0,14,42
1.0,21,42
1.0,36,42
1.0,10,43
1.0,21,43
1.0,26,43
1.0,11,44
1.0,12,44
1.0,24,44
1.0,25,44
1.0,15,45
1.0,30,45
1.0,34,45
1.0,39,45
1.0,12,46
1.0,27,46
1.0,29,46
1.0,14,47
1.0,20,47
1.0,21,47
1.0,43,47
1.0,13,48
1.0,18,48
1.0,32,48
1.0,46,48
1.0,11,49
1.0,14,49
1.0,20,49
1.0,39,49
