1.0,4,5
1.0,2,7
1.0,4,7
1.0,2,8
1.0,3,9
1.0,6,11
1.0,7,12
1.0,6,13
1.0,1,16
1.0,15,16
1.0,1,17
1.0,12,17
1.0,15,17
1.0,10,18
1.0,19,20
1.0,4,22
1.0,13,22
1.0,14,22
1.0,10,23
1.0,11,23
1.0,19,23
1.0,16,24
1.0,8,25
1.0,12,25
1.0,14,25
1.0,15,26
1.0,0,27
1.0,15,27
1.0,18,27
1.0,19,28
1.0,24,28
1.0,21,29
1.0,24,29
1.0,3,30
1.0,6,30
1.0,20,30
1.0,10,31
1.0,22,31
1.0,28,31
1.0,11,32
1.0,16,32
1.0,21,32
1.0,5,33
1.0,28,33
1.0,1,34
1.0,9,34
1.0,13,34
1.0,26,34
1.0,20,35
1.0,24,35
1.0,27,35
1.0,5,36
1.0,21,36
1.0,2,37
1.0,4,37
1.0,5,37
1.0,33,37
1.0,0,38
1.0,12,38
1.0,23,38
1.0,19,39
1.0,29,39
1.0,38,39
1.0,3,40
1.0,17,40
1.0,31,40
1.0,35,40
1.0,0,41
1.0,7,41
1.0,14,41
1.0,36,41
1.0,0,42
1.0,33,42
1.0,39,42
1.0,9,43
1.0,18,43
1.0,2,44
1.0,11,44
1.0,13,44
1.0,25,44
1.0,6,45
1.0,8,45
1.0,10,45
1.0,43,45
1.0,1,46
1.0,8,46
1.0,14,46
1.0,29,46
1.0,21,47
1.0,32,47
1.0,42,47
1.0,43,47
1.0,9,48
1.0,26,48
1.0,30,48
1.0,36,48
1.0,3,49
1.0,18,49
1.0,20,49
1.0,26,49
