1.0,0,1
1.0,2,3
1.0,0,6
1.0,4,6
1.0,2,7
1.0,2,11
1.0,6,11
1.0,5,12
1.0,12,13
1.0,3,14
1.0,8,15
1.0,0,16
1.0,1,16
1.0,3,17
1.0,16,18
1.0,5,19
1.0,11,20
1.0,1,22
1.0,4,22
1.0,13,23
1.0,21,23
1.0,18,24
1.0,4,25
1.0,7,25
1.0,13,25
1.0,22,25
1.0,5,26
1.0,9,26
1.0,0,27
1.0,14,27
1.0,18,27
1.0,21,27
1.0,20,28
1.0,26,28
1.0,3,29
1.0,4,29
1.0,8,29
1.0,11,30
1.0,15,30
1.0,28,30
1.0,9,31
1.0,17,31
1.0,24,31
1.0,28,32
1.0,5,33
1.0,32,33
1.0,10,34
1.0,32,34
1.0,7,35
1.0,22,35
1.0,23,35
1.0,29,35
1.0,6,36
1.0,8,36
1.0,23,36
1.0,24,36
1.0,9,37
1.0,19,37
1.0,15,38
1.0,18,38
1.0,37,38
1.0,12,39
1.0,15,39
1.0,24,39
1.0,14,40
1.0,19,40
1.0,34,40
1.0,2,41
1.0,21,41
1.0,30,41
1.0,16,42
1.0,20,42
1.0,38,42
1.0,39,42
1.0,10,43
1.0,12,43
1.0,20,43
1.0,17,44
1.0,21,44
1.0,32,44
1.0,33,44
1.0,1,45
1.0,8,45
1.0,10,45
1.0,41,45
1.0,9,46
1.0,17,46
1.0,31,46
1.0,19,47
1.0,26,47
1.0,34,47
1.0,46,47
1.0,10,48
1.0,13,48
1.0,14,48
1.0,37,48
1.0,7,49
1.0,33,49
1.0,40,49
1.0,43,49
