1.0,2,4
1.0,2,5
1.0,2,8
1.0,4,8
1.0,0,9
1.0,8,9
1.0,13,16
1.0,10,17
1.0,7,18
1.0,15,18
1.0,13,19
1.0,15,19
1.0,17,19
1.0,1,20
1.0,1,21
1.0,12,22
1.0,14,22
1.0,17,23
1.0,16,24
1.0,3,25
1.0,12,25
1.0,18,25
1.0,1,26
1.0,3,26
1.0,19,26
1.0,0,27
1.0,1,28
1.0,10,28
1.0,24,28
1.0,3,29
1.0,10,29
1.0,16,29
1.0,18,29
1.0,24,30
1.0,27,30
1.0,6,31
1.0,15,31
1.0,27,31
1.0,4,32
1.0,13,32
1.0,20,32
1.0,25,32
1.0,11,33
1.0,14,33
1.0,26,33
1.0,6,34
1.0,22,34
1.0,13,35
1.0,15,35
1.0,23,35
1.0,9,36
1.0,12,36
1.0,30,36
1.0,7,37
1.0,12,37
1.0,16,37
1.0,21,37
1.0,4,38
1.0,30,38
1.0,31,38
1.0,36,38
1.0,0,39
1.0,3,39
1.0,8,39
1.0,11,39
1.0,11,40
1.0,14,40
1.0,22,40
1.0,34,40
1.0,6,41
1.0,20,41
1.0,21,41
1.0,7,42
1.0,14,42
1.0,23,42
1.0,33,42
1.0,2,43
1.0,27,43
1.0,41,43
1.0,5,44
1.0,6,44
1.0,21,44
1.0,23,44
1.0,5,45
1.0,10,45
1.0,20,45
1.0,24,46
1.0,28,46
1.0,43,46
1.0,0,47
1.0,7,47
1.0,9,47
1.0,5,48
1.0,17,48
1.0,46,48
1.0,47,48
1.0,11,49
1.0,34,49
1.0,35,49
1.0,45,49
