1.0,0,3
1.0,1,5
1.0,4,6
1.0,6,8
1.0,2,10
1.0,5,10
1.0,6,11
1.0,8,13
1.0,10,13
1.0,1,14
1.0,6,14
1.0,2,15
1.0,14,15
1.0,5,16
1.0,7,17
1.0,15,17
1.0,5,18
1.0,8,18
1.0,4,19
1.0,18,19
1.0,16,20
1.0,0,21
1.0,12,21
1.0,15,21
1.0,16,21
1.0,12,22
1.0,20,22
1.0,11,23
1.0,8,24
1.0,11,24
1.0,3,25
1.0,14,25
1.0,23,25
1.0,0,26
1.0,1,26
1.0,11,26
1.0,2,27
1.0,3,27
1.0,17,27
1.0,12,28
1.0,4,29
1.0,12,29
1.0,13,30
1.0,25,30
1.0,13,31
1.0,22,31
1.0,26,32
1.0,30,32
1.0,9,33
1.0,28,33
1.0,31,33
1.0,7,34
1.0,32,34
1.0,0,35
1.0,17,35
1.0,27,35
1.0,28,35
1.0,20,36
1.0,1,37
1.0,9,37
1.0,36,37
1.0,23,38
1.0,16,39
1.0,29,39
1.0,37,39
1.0,28,40
1.0,7,41
1.0,10,41
1.0,18,41
1.0,20,41
1.0,2,42
1.0,19,42
1.0,32,42
1.0,19,43
1.0,30,43
1.0,34,43
1.0,24,44
1.0,34,44
1.0,36,44
1.0,43,44
1.0,7,45
1.0,9,45
1.0,29,45
1.0,36,45
1.0,4,46
1.0,31,46
1.0,38,46
1.0,40,46
1.0,9,47
1.0,23,47
1.0,39,47
1.0,40,47
1.0,3,48
1.0,33,48
1.0,38,48
1.0,40,48
1.0,22,49
1.0,24,49
1.0,38,49
1.0,42,49
