1.0,3,5
1.0,4,7
1.0,2,8
1.0,7,8
1.0,0,9
1.0,7,11
1.0,2,13
1.0,9,13
1.0,1,14
1.0,10,14
1.0,6,16
1.0,13,16
1.0,14,17
1.0,11,18
1.0,15,18
1.0,5,19
1.0,3,20
1.0,19,20
1.0,2,21
1.0,17,21
1.0,3,23
1.0,10,24
1.0,22,24
1.0,12,25
1.0,22,25
1.0,7,26
1.0,22,26
1.0,11,28
1.0,16,28
1.0,21,28
1.0,23,28
1.0,12,29
1.0,18,29
1.0,12,30
1.0,17,30
1.0,19,30
1.0,27,30
1.0,0,31
1.0,25,31
1.0,0,32
1.0,16,32
1.0,20,32
1.0,24,32
1.0,9,33
1.0,10,34
1.0,31,34
1.0,4,35
1.0,15,35
1.0,27,35
1.0,4,36
1.0,18,36
1.0,21,36
1.0,22,36
1.0,13,37
1.0,33,37
1.0,1,38
1.0,4,38
1.0,27,38
1.0,2,39
1.0,5,39
1.0,6,39
1.0,25,40
1.0,29,40
1.0,33,40
1.0,38,40
1.0,5,41
1.0,11,41
1.0,27,41
1.0,23,42
1.0,29,42
1.0,34,42
1.0,35,42
1.0,8,43
1.0,24,43
1.0,26,43
1.0,37,43
1.0,1,44
1.0,3,44
1.0,15,44
1.0,19,44
1.0,10,45
1.0,26,45
1.0,37,45
1.0,39,45
1.0,1,46
1.0,6,46
1.0,8,46
1.0,34,46
1.0,9,47
1.0,31,47
1.0,33,47
1.0,41,47
1.0,6,48
1.0,12,48
1.0,14,48
1.0,20,48
1.0,0,49
1.0,15,49
1.0,17,49
1.0,23,49
