1.0,2,4
1.0,3,4
1.0,3,6
1.0,0,7
1.0,2,7
1.0,8,9
1.0,2,10
1.0,2,13
1.0,13,15
1.0,14,15
1.0,12,17
1.0,5,19
1.0,18,19
1.0,7,20
1.0,8,21
1.0,16,21
1.0,20,22
1.0,1,23
1.0,16,23
1.0,19,23
1.0,3,24
1.0,10,24
1.0,17,25
1.0,1,26
1.0,24,26
1.0,14,27
1.0,15,27
1.0,16,27
1.0,20,27
1.0,12,28
1.0,8,29
1.0,16,29
1.0,22,29
1.0,6,30
1.0,11,30
1.0,18,30
1.0,1,31
1.0,4,31
1.0,21,31
1.0,28,31
1.0,1,32
1.0,9,32
1.0,12,32
1.0,18,33
1.0,23,33
1.0,32,33
1.0,5,34
1.0,9,34
1.0,26,34
1.0,6,35
1.0,26,35
1.0,6,36
1.0,17,36
1.0,35,36
1.0,8,37
1.0,17,37
1.0,28,37
1.0,12,38
1.0,24,38
1.0,5,39
1.0,11,39
1.0,25,39
1.0,34,39
1.0,7,40
1.0,9,40
1.0,38,40
1.0,11,41
1.0,18,41
1.0,28,41
1.0,3,42
1.0,14,42
1.0,20,42
1.0,30,42
1.0,5,43
1.0,19,43
1.0,25,43
1.0,38,43
1.0,0,44
1.0,14,44
1.0,22,44
1.0,41,44
1.0,10,45
1.0,13,45
1.0,25,45
1.0,40,45
1.0,10,46
1.0,21,46
1.0,22,46
1.0,0,47
1.0,15,47
1.0,29,47
1.0,36,47
1.0,0,48
1.0,4,48
1.0,11,48
1.0,37,48
1.0,13,49
1.0,33,49
1.0,35,49
1.0,46,49
