1.0,3,5
1.0,0,6
1.0,4,6
1.0,3,11
1.0,5,11
1.0,0,13
1.0,1,14
1.0,10,14
1.0,8,15
1.0,13,16
1.0,12,18
1.0,7,20
1.0,16,20
1.0,13,21
1.0,15,21
1.0,6,22
1.0,20,22
1.0,20,23
1.0,4,24
1.0,7,24
1.0,19,24
1.0,7,25
1.0,11,25
1.0,17,25
1.0,5,26
1.0,17,26
1.0,10,27
1.0,17,27
1.0,19,28
1.0,1,29
1.0,23,29
1.0,2,30
1.0,8,30
1.0,12,30
1.0,8,31
1.0,18,31
1.0,12,32
1.0,14,32
1.0,1,33
1.0,9,33
1.0,27,33
1.0,32,33
1.0,2,34
1.0,7,34
1.0,17,34
1.0,23,34
1.0,4,35
1.0,6,35
1.0,24,35
1.0,3,36
1.0,19,36
1.0,30,36
1.0,10,37
1.0,22,37
1.0,25,37
1.0,31,37
1.0,4,38
1.0,12,38
1.0,15,38
1.0,21,38
1.0,5,39
1.0,21,39
1.0,29,39
1.0,2,40
1.0,14,40
1.0,27,40
1.0,32,40
1.0,16,41
1.0,22,41
1.0,31,41
1.0,36,41
1.0,0,42
1.0,9,42
1.0,13,42
1.0,28,42
1.0,0,43
1.0,10,43
1.0,35,43
1.0,39,43
1.0,9,44
1.0,18,44
1.0,26,44
1.0,26,45
1.0,28,45
1.0,29,45
1.0,1,46
1.0,9,46
1.0,15,46
1.0,44,46
1.0,2,47
1.0,11,47
1.0,18,47
1.0,8,48
1.0,16,48
1.0,28,48
1.0,47,48
1.0,3,49
1.0,19,49
1.0,23,49
1.0,45,49
