1.0,1,2
1.0,1,4
1.0,5,8
1.0,6,9
1.0,7,9
1.0,5,10
1.0,4,13
1.0,5,14
1.0,10,15
1.0,11,16
1.0,3,17
1.0,16,17
1.0,10,18
1.0,12,18
1.0,3,19
1.0,15,19
1.0,5,20
1.0,9,20
1.0,17,21
1.0,8,22
1.0,11,22
1.0,3,23
1.0,11,24
1.0,7,25
1.0,21,25
1.0,15,26
1.0,0,27
1.0,12,27
1.0,18,27
1.0,7,28
1.0,14,28
1.0,27,28
1.0,6,29
1.0,20,29
1.0,10,30
1.0,2,31
1.0,16,31
1.0,19,31
1.0,19,32
1.0,24,32
1.0,13,33
1.0,22,33
1.0,8,34
1.0,32,34
1.0,0,35
1.0,23,35
1.0,24,35
1.0,11,36
1.0,13,36
1.0,30,36
1.0,14,37
1.0,24,37
1.0,33,37
1.0,9,38
1.0,14,38
1.0,16,38
1.0,21,38
1.0,4,39
1.0,12,39
1.0,13,39
1.0,36,39
1.0,26,40
1.0,30,40
1.0,31,40
1.0,33,40
1.0,2,41
1.0,12,41
1.0,22,41
1.0,30,41
1.0,2,42
1.0,20,42
1.0,34,42
1.0,35,42
1.0,1,43
1.0,3,43
1.0,25,43
1.0,32,43
1.0,1,44
1.0,17,44
1.0,29,44
1.0,34,44
1.0,0,45
1.0,15,45
1.0,21,45
1.0,26,45
1.0,0,46
1.0,6,46
1.0,23,46
1.0,25,46
1.0,6,47
1.0,7,47
1.0,8,47
1.0,4,48
1.0,18,48
1.0,28,48
1.0,29,48
1.0,23,49
1.0,26,49
1.0,37,49
1.0,47,49
