1.0,0,4
1.0,1,5
1.0,1,6
1.0,4,7
1.0,3,8
1.0,4,9
1.0,4,11
1.0,12,14
1.0,2,15
1.0,5,15
1.0,6,15
1.0,5,16
1.0,14,16
1.0,14,17
1.0,16,17
1.0,0,18
1.0,9,18
1.0,0,19
1.0,7,19
1.0,11,19
1.0,13,19
1.0,3,20
1.0,7,21
1.0,11,21
1.0,1,22
1.0,2,23
1.0,9,23
1.0,20,23
1.0,10,24
1.0,13,25
1.0,2,26
1.0,8,26
1.0,20,26
1.0,7,27
1.0,25,27
1.0,26,28
1.0,8,29
1.0,12,29
1.0,10,30
1.0,14,30
1.0,12,31
1.0,28,31
1.0,3,32
1.0,8,32
1.0,13,32
1.0,6,33
1.0,25,33
1.0,9,34
1.0,22,34
1.0,24,34
1.0,10,35
1.0,30,35
1.0,3,36
1.0,33,36
1.0,13,37
1.0,15,37
1.0,21,37
1.0,22,37
1.0,5,38
1.0,16,38
1.0,17,38
1.0,28,38
1.0,2,39
1.0,23,39
1.0,27,39
1.0,34,39
1.0,1,40
1.0,18,40
1.0,20,40
1.0,33,40
1.0,18,41
1.0,24,41
1.0,28,41
1.0,12,42
1.0,25,42
1.0,30,42
1.0,31,42
1.0,31,43
1.0,36,43
1.0,10,44
1.0,21,44
1.0,24,44
1.0,6,45
1.0,11,45
1.0,27,45
1.0,44,45
1.0,17,46
1.0,32,46
1.0,41,46
1.0,29,47
1.0,35,47
1.0,36,47
1.0,22,48
1.0,29,48
1.0,43,48
1.0,46,48
1.0,0,49
1.0,35,49
1.0,43,49
1.0,47,49
