1.0,0,4
1.0,3,5
1.0,4,7
1.0,5,7
1.0,6,7
1.0,1,11
1.0,8,12
1.0,10,13
1.0,3,14
1.0,7,14
1.0,11,15
1.0,14,15
1.0,5,16
1.0,14,16
1.0,1,17
1.0,2,17
1.0,9,18
1.0,10,18
1.0,17,18
1.0,9,19
1.0,12,19
1.0,13,20
1.0,16,21
1.0,6,22
1.0,16,22
1.0,21,22
1.0,2,24
1.0,12,24
1.0,8,25
1.0,8,26
1.0,6,27
1.0,4,28
1.0,21,29
1.0,28,29
1.0,1,30
1.0,3,30
1.0,20,30
1.0,12,31
1.0,23,31
1.0,0,32
1.0,8,33
1.0,22,33
1.0,27,33
1.0,4,34
1.0,13,34
1.0,19,34
1.0,26,34
1.0,11,35
1.0,26,35
1.0,32,35
1.0,2,36
1.0,13,36
1.0,25,36
1.0,35,36
1.0,27,37
1.0,28,37
1.0,19,38
1.0,32,38
1.0,37,38
1.0,6,39
1.0,10,39
1.0,23,39
1.0,5,40
1.0,23,40
1.0,24,40
1.0,38,40
1.0,0,41
1.0,17,41
1.0,20,41
1.0,0,42
1.0,21,42
1.0,31,42
1.0,37,42
1.0,1,43
1.0,29,43
1.0,31,43
1.0,41,43
1.0,2,44
1.0,9,44
1.0,24,44
1.0,32,44
1.0,3,45
1.0,10,45
1.0,23,45
1.0,27,45
1.0,15,46
1.0,20,46
1.0,26,46
1.0,39,46
1.0,9,47
1.0,28,47
1.0,33,47
1.0,15,48
1.0,25,48
1.0,30,48
1.0,47,48
1.0,11,49
1.0,18,49
1.0,25,49
1.0,29,49
