1.0,0,2
1.0,1,3
1.0,6,7
1.0,5,8
1.0,1,9
1.0,4,10
1.0,5,11
1.0,0,12
1.0,11,14
1.0,13,15
1.0,1,16
1.0,7,16
1.0,13,16
1.0,7,17
1.0,15,17
1.0,13,18
1.0,14,18
1.0,8,19
1.0,18,19
1.0,6,20
1.0,12,20
1.0,3,21
1.0,11,22
1.0,2,23
1.0,5,23
1.0,19,23
1.0,20,23
1.0,9,25
1.0,18,25
1.0,2,26
1.0,4,26
1.0,21,26
1.0,22,26
1.0,14,27
1.0,19,27
1.0,8,28
1.0,4,29
1.0,25,29
1.0,28,29
1.0,4,30
1.0,14,31
1.0,30,31
1.0,1,32
1.0,20,32
1.0,5,33
1.0,8,33
1.0,17,33
1.0,28,33
1.0,0,34
1.0,11,34
1.0,21,34
1.0,3,35
1.0,21,35
1.0,30,35
1.0,6,36
1.0,24,36
1.0,25,36
1.0,2,37
1.0,15,37
1.0,24,37
1.0,10,38
1.0,24,38
1.0,34,38
1.0,0,39
1.0,9,39
1.0,10,39
1.0,12,40
1.0,27,40
1.0,30,40
1.0,7,41
1.0,28,41
1.0,31,41
1.0,36,41
1.0,3,42
1.0,15,42
1.0,24,42
1.0,32,42
1.0,12,43
1.0,40,43
1.0,27,44
1.0,32,44
1.0,43,44
1.0,22,45
1.0,31,45
1.0,39,45
1.0,13,46
1.0,17,46
1.0,37,46
1.0,10,47
1.0,35,47
1.0,38,47
1.0,46,47
1.0,6,48
1.0,9,48
1.0,16,48
1.0,45,48
1.0,22,49
1.0,29,49
1.0,43,49
1.0,44,49
