1.0,0,1
1.0,0,6
1.0,5,8
1.0,0,9
1.0,7,10
1.0,8,11
1.0,0,12
1.0,8,12
1.0,6,14
1.0,9,14
1.0,2,15
1.0,6,15
1.0,4,17
1.0,8,18
1.0,9,18
1.0,12,18
1.0,10,19
1.0,11,19
1.0,2,21
1.0,16,21
1.0,6,22
1.0,16,22
1.0,9,23
1.0,20,23
1.0,1,24
1.0,10,24
1.0,16,24
1.0,7,26
1.0,16,26
1.0,5,27
1.0,7,27
1.0,13,27
1.0,1,28
1.0,21,28
1.0,23,28
1.0,3,29
1.0,1,30
1.0,13,30
1.0,15,30
1.0,19,30
1.0,2,31
1.0,27,31
1.0,25,32
1.0,4,33
1.0,32,33
1.0,5,34
1.0,18,34
1.0,29,34
1.0,2,35
1.0,21,35
1.0,33,35
1.0,10,36
1.0,19,36
1.0,35,36
1.0,20,37
1.0,23,37
1.0,26,37
1.0,36,37
1.0,3,38
1.0,5,38
1.0,13,38
1.0,20,39
1.0,22,39
1.0,29,39
1.0,11,40
1.0,25,40
1.0,31,40
1.0,3,41
1.0,14,41
1.0,31,41
1.0,40,41
1.0,25,42
1.0,29,42
1.0,32,42
1.0,4,43
1.0,17,43
1.0,25,43
1.0,17,44
1.0,32,44
1.0,39,44
1.0,11,45
1.0,15,45
1.0,20,45
1.0,22,45
1.0,3,46
1.0,7,46
1.0,14,46
1.0,38,46
1.0,4,47
1.0,13,47
1.0,17,47
1.0,26,47
1.0,24,48
1.0,33,48
1.0,42,48
1.0,43,48
1.0,12,49
1.0,28,49
1.0,34,49
1.0,44,49
