1.0,1,4
1.0,3,4
1.0,2,7
1.0,5,9
1.0,6,9
1.0,2,10
1.0,10,11
1.0,10,12
1.0,0,13
1.0,8,13
1.0,8,14
1.0,1,15
1.0,2,15
1.0,2,16
1.0,14,16
1.0,12,18
1.0,14,19
1.0,3,20
1.0,3,21
1.0,6,21
1.0,12,21
1.0,5,22
1.0,6,22
1.0,18,22
1.0,0,23
1.0,12,23
1.0,22,23
1.0,15,24
1.0,20,24
1.0,24,26
1.0,25,26
1.0,8,27
1.0,11,27
1.0,25,27
1.0,17,28
1.0,24,28
1.0,9,29
1.0,10,29
1.0,5,30
1.0,16,30
1.0,19,30
1.0,28,30
1.0,0,31
1.0,25,31
1.0,26,31
1.0,7,33
1.0,27,33
1.0,3,34
1.0,18,34
1.0,20,34
1.0,0,35
1.0,4,35
1.0,14,35
1.0,29,35
1.0,4,36
1.0,16,36
1.0,23,37
1.0,32,37
1.0,15,38
1.0,21,38
1.0,36,38
1.0,8,39
1.0,13,39
1.0,17,39
1.0,7,40
1.0,19,40
1.0,32,40
1.0,34,40
1.0,13,41
1.0,28,41
1.0,31,41
1.0,39,41
1.0,32,42
1.0,37,42
1.0,1,43
1.0,29,43
1.0,32,43
1.0,1,44
1.0,19,44
1.0,25,44
1.0,37,44
1.0,11,45
1.0,17,45
1.0,26,45
1.0,17,46
1.0,42,46
1.0,43,46
1.0,45,46
1.0,5,47
1.0,6,47
1.0,20,47
1.0,33,47
1.0,9,48
1.0,18,48
1.0,33,48
1.0,42,48
1.0,7,49
1.0,11,49
1.0,36,49
1.0,38,49
