1.0,0,8
1.0,5,8
1.0,8,10
1.0,7,13
1.0,6,14
1.0,10,14
1.0,11,14
1.0,0,15
1.0,3,15
1.0,5,16
1.0,13,16
1.0,11,17
1.0,1,18
1.0,9,19
1.0,11,20
1.0,12,20
1.0,17,20
1.0,8,21
1.0,11,21
1.0,17,21
1.0,9,23
1.0,16,23
1.0,22,23
1.0,2,24
1.0,4,24
1.0,18,24
1.0,16,25
1.0,23,26
1.0,25,26
1.0,0,27
1.0,3,27
1.0,21,27
1.0,10,28
1.0,27,28
1.0,0,29
1.0,4,29
1.0,19,29
1.0,15,30
1.0,18,30
1.0,22,30
1.0,5,31
1.0,10,31
1.0,25,31
1.0,2,32
1.0,19,32
1.0,6,33
1.0,28,33
1.0,7,34
1.0,25,34
1.0,4,35
1.0,29,35
1.0,34,35
1.0,12,36
1.0,13,36
1.0,17,36
1.0,22,36
1.0,2,37
1.0,3,37
1.0,15,37
1.0,19,38
1.0,20,38
1.0,22,38
1.0,1,39
1.0,6,39
1.0,14,39
1.0,12,40
1.0,18,40
1.0,32,40
1.0,34,40
1.0,6,41
1.0,13,41
1.0,39,41
1.0,2,42
1.0,32,42
1.0,35,42
1.0,41,42
1.0,1,43
1.0,3,43
1.0,26,43
1.0,7,44
1.0,12,44
1.0,37,44
1.0,4,45
1.0,30,45
1.0,33,45
1.0,33,46
1.0,44,46
1.0,45,46
1.0,1,47
1.0,28,47
1.0,43,47
1.0,46,47
1.0,7,48
1.0,9,48
1.0,24,48
1.0,26,48
1.0,5,49
1.0,9,49
1.0,31,49
1.0,38,49
