1.0,4,6
1.0,0,8
1.0,0,9
1.0,3,9
1.0,0,10
1.0,2,13
1.0,7,13
1.0,2,14
1.0,7,16
1.0,12,16
1.0,5,17
1.0,1,18
1.0,17,18
1.0,1,19
1.0,15,20
1.0,11,21
1.0,19,21
1.0,4,23
1.0,5,23
1.0,14,24
1.0,7,25
1.0,24,25
1.0,2,26
1.0,4,26
1.0,10,26
1.0,8,27
1.0,9,28
1.0,12,28
1.0,13,28
1.0,26,28
1.0,16,29
1.0,19,29
1.0,6,30
1.0,8,30
1.0,16,30
1.0,3,31
1.0,11,31
1.0,24,31
1.0,27,31
1.0,2,32
1.0,10,32
1.0,4,33
1.0,11,33
1.0,3,34
1.0,21,34
1.0,32,34
1.0,5,35
1.0,20,35
1.0,27,35
1.0,15,36
1.0,19,36
1.0,29,36
1.0,7,37
1.0,13,37
1.0,17,37
1.0,15,38
1.0,22,38
1.0,23,38
1.0,25,38
1.0,29,39
1.0,35,39
1.0,0,40
1.0,17,40
1.0,18,40
1.0,36,40
1.0,6,41
1.0,12,41
1.0,37,41
1.0,6,42
1.0,20,42
1.0,23,42
1.0,34,42
1.0,1,43
1.0,21,43
1.0,22,43
1.0,27,43
1.0,10,44
1.0,20,44
1.0,24,44
1.0,25,44
1.0,14,45
1.0,15,45
1.0,22,45
1.0,32,45
1.0,1,46
1.0,5,46
1.0,12,46
1.0,41,46
1.0,3,47
1.0,8,47
1.0,11,47
1.0,39,47
1.0,18,48
1.0,22,48
1.0,30,48
1.0,33,48
1.0,9,49
1.0,14,49
1.0,33,49
1.0,39,49
