1.0,1,2
1.0,2,5
1.0,5,10
1.0,0,11
1.0,2,11
1.0,8,12
1.0,9,12
1.0,3,14
1.0,0,16
1.0,9,16
1.0,1,17
1.0,7,17
1.0,8,17
1.0,7,18
1.0,2,19
1.0,13,19
1.0,5,21
1.0,6,21
1.0,0,22
1.0,14,22
1.0,3,23
1.0,4,23
1.0,15,23
1.0,10,24
1.0,18,24
1.0,21,24
1.0,5,25
1.0,21,25
1.0,22,25
1.0,0,26
1.0,18,26
1.0,6,27
1.0,20,27
1.0,6,28
1.0,7,28
1.0,20,28
1.0,1,30
1.0,3,30
1.0,25,30
1.0,13,31
1.0,14,31
1.0,13,32
1.0,15,32
1.0,3,33
1.0,18,33
1.0,23,33
1.0,26,33
1.0,15,34
1.0,20,34
1.0,27,34
1.0,4,35
1.0,11,35
1.0,4,36
1.0,6,36
1.0,22,36
1.0,10,37
1.0,29,37
1.0,30,37
1.0,32,37
1.0,16,38
1.0,31,38
1.0,8,39
1.0,11,39
1.0,12,39
1.0,26,39
1.0,17,40
1.0,28,40
1.0,29,40
1.0,31,40
1.0,1,41
1.0,10,41
1.0,32,41
1.0,38,41
1.0,9,42
1.0,14,42
1.0,16,42
1.0,27,42
1.0,4,43
1.0,35,43
1.0,36,43
1.0,8,44
1.0,15,44
1.0,19,44
1.0,38,44
1.0,13,45
1.0,24,45
1.0,29,45
1.0,7,46
1.0,12,46
1.0,29,46
1.0,9,47
1.0,19,47
1.0,34,48
1.0,43,48
1.0,45,48
1.0,47,48
1.0,20,49
1.0,35,49
1.0,46,49
1.0,47,49
