1.0,0,4
1.0,5,6
1.0,7,9
1.0,6,11
1.0,10,11
1.0,1,12
1.0,3,13
1.0,6,13
1.0,2,15
1.0,12,15
1.0,14,16
1.0,1,18
1.0,14,18
1.0,0,20
1.0,13,20
1.0,8,21
1.0,13,21
1.0,19,21
1.0,11,22
1.0,17,23
1.0,16,24
1.0,17,24
1.0,9,25
1.0,15,25
1.0,1,26
1.0,19,26
1.0,12,27
1.0,24,27
1.0,26,27
1.0,8,28
1.0,12,28
1.0,16,29
1.0,21,29
1.0,25,29
1.0,10,30
1.0,11,30
1.0,20,30
1.0,4,31
1.0,19,31
1.0,23,31
1.0,5,32
1.0,9,32
1.0,26,32
1.0,2,33
1.0,22,33
1.0,29,33
1.0,24,34
1.0,33,34
1.0,6,35
1.0,20,35
1.0,31,35
1.0,2,36
1.0,3,36
1.0,8,36
1.0,9,36
1.0,4,37
1.0,14,37
1.0,2,38
1.0,5,39
1.0,15,39
1.0,18,39
1.0,32,39
1.0,25,40
1.0,34,40
1.0,37,40
1.0,28,41
1.0,38,41
1.0,40,41
1.0,1,42
1.0,10,42
1.0,18,42
1.0,23,42
1.0,7,43
1.0,27,43
1.0,37,43
1.0,38,43
1.0,22,44
1.0,30,44
1.0,34,44
1.0,35,44
1.0,0,45
1.0,3,45
1.0,10,45
1.0,16,45
1.0,0,46
1.0,5,46
1.0,14,46
1.0,22,46
1.0,3,47
1.0,7,47
1.0,17,47
1.0,38,47
1.0,7,48
1.0,19,48
1.0,28,48
1.0,41,48
1.0,4,49
1.0,8,49
1.0,17,49
1.0,23,49
