1.0,2,5
1.0,4,7
1.0,2,8
1.0,3,8
1.0,3,9
1.0,0,10
1.0,9,10
1.0,6,12
1.0,10,13
1.0,12,13
1.0,6,14
1.0,13,16
1.0,0,17
1.0,3,17
1.0,5,17
1.0,3,19
1.0,11,19
1.0,0,20
1.0,1,21
1.0,9,21
1.0,15,21
1.0,11,22
1.0,18,22
1.0,19,23
1.0,1,24
1.0,6,24
1.0,15,24
1.0,16,25
1.0,7,26
1.0,11,26
1.0,23,27
1.0,7,28
1.0,11,28
1.0,24,28
1.0,10,29
1.0,27,29
1.0,4,30
1.0,20,30
1.0,25,30
1.0,8,31
1.0,12,31
1.0,15,31
1.0,16,31
1.0,14,32
1.0,22,33
1.0,26,33
1.0,1,34
1.0,5,34
1.0,27,34
1.0,6,35
1.0,22,35
1.0,17,36
1.0,23,36
1.0,20,37
1.0,23,37
1.0,4,38
1.0,18,38
1.0,32,38
1.0,15,39
1.0,18,39
1.0,25,39
1.0,30,39
1.0,18,40
1.0,20,40
1.0,29,40
1.0,33,40
1.0,2,41
1.0,25,41
1.0,13,42
1.0,27,42
1.0,36,42
1.0,37,42
1.0,21,43
1.0,32,43
1.0,33,43
1.0,35,43
1.0,1,44
1.0,2,44
1.0,4,44
1.0,7,44
1.0,12,45
1.0,19,45
1.0,36,45
1.0,37,45
1.0,14,46
1.0,16,46
1.0,26,46
1.0,38,46
1.0,0,47
1.0,5,47
1.0,35,47
1.0,41,47
1.0,9,48
1.0,14,48
1.0,32,48
1.0,41,48
1.0,8,49
1.0,28,49
1.0,29,49
1.0,34,49
