1.0,3,5
1.0,0,6
1.0,5,7
1.0,2,8
1.0,0,9
1.0,4,12
1.0,2,14
1.0,10,14
1.0,1,15
1.0,0,16
1.0,11,16
1.0,15,16
1.0,12,17
1.0,13,17
1.0,3,18
1.0,14,19
1.0,9,21
1.0,3,22
1.0,7,22
1.0,19,22
1.0,21,22
1.0,0,23
1.0,7,23
1.0,2,24
1.0,5,24
1.0,2,25
1.0,18,25
1.0,19,25
1.0,1,26
1.0,12,27
1.0,20,27
1.0,26,27
1.0,13,28
1.0,23,28
1.0,10,29
1.0,4,30
1.0,21,30
1.0,28,30
1.0,19,31
1.0,29,31
1.0,30,31
1.0,5,32
1.0,10,32
1.0,13,32
1.0,8,33
1.0,9,33
1.0,6,34
1.0,7,34
1.0,14,34
1.0,11,35
1.0,16,35
1.0,17,36
1.0,29,36
1.0,31,36
1.0,34,36
1.0,8,37
1.0,20,37
1.0,3,38
1.0,4,38
1.0,13,38
1.0,21,38
1.0,11,39
1.0,29,39
1.0,32,39
1.0,33,39
1.0,12,40
1.0,20,40
1.0,25,40
1.0,18,41
1.0,28,41
1.0,35,41
1.0,37,41
1.0,1,42
1.0,9,42
1.0,11,42
1.0,40,42
1.0,24,43
1.0,26,43
1.0,4,44
1.0,35,44
1.0,43,44
1.0,6,45
1.0,8,45
1.0,20,45
1.0,26,45
1.0,18,46
1.0,37,46
1.0,43,46
1.0,6,47
1.0,10,47
1.0,15,47
1.0,33,47
1.0,1,48
1.0,24,48
1.0,44,48
1.0,46,48
1.0,15,49
1.0,17,49
1.0,23,49
1.0,27,49
