1.0,2,4
1.0,0,5
1.0,2,5
1.0,3,6
1.0,1,8
1.0,6,11
1.0,0,12
1.0,5,13
1.0,7,13
1.0,8,13
1.0,10,14
1.0,10,15
1.0,3,16
1.0,8,17
1.0,16,18
1.0,2,20
1.0,11,20
1.0,11,21
1.0,18,21
1.0,7,22
1.0,7,23
1.0,0,24
1.0,16,24
1.0,17,24
1.0,1,25
1.0,16,25
1.0,24,25
1.0,4,27
1.0,7,27
1.0,9,27
1.0,2,28
1.0,3,28
1.0,21,28
1.0,14,29
1.0,23,29
1.0,14,30
1.0,10,31
1.0,15,31
1.0,17,31
1.0,15,32
1.0,19,32
1.0,22,32
1.0,12,33
1.0,13,33
1.0,22,33
1.0,10,34
1.0,29,34
1.0,31,34
1.0,33,34
1.0,30,35
1.0,1,36
1.0,11,36
1.0,30,36
1.0,4,37
1.0,6,37
1.0,14,37
1.0,20,37
1.0,9,38
1.0,20,38
1.0,32,38
1.0,1,39
1.0,4,39
1.0,6,39
1.0,28,39
1.0,17,40
1.0,23,40
1.0,35,40
1.0,9,41
1.0,19,41
1.0,21,41
1.0,36,41
1.0,0,42
1.0,12,42
1.0,26,42
1.0,35,42
1.0,9,43
1.0,18,43
1.0,12,44
1.0,29,44
1.0,40,44
1.0,8,45
1.0,23,45
1.0,38,45
1.0,44,45
1.0,15,46
1.0,19,46
1.0,26,46
1.0,35,46
1.0,18,47
1.0,26,47
1.0,27,47
1.0,43,47
1.0,3,48
1.0,25,48
1.0,26,48
1.0,30,48
1.0,5,49
1.0,19,49
1.0,22,49
1.0,43,49
