1.0,2,7
1.0,3,8
1.0,1,9
1.0,6,9
1.0,1,10
1.0,11,13
1.0,12,14
1.0,0,15
1.0,1,15
1.0,4,15
1.0,0,16
1.0,12,16
1.0,0,17
1.0,8,17
1.0,7,18
1.0,9,19
1.0,12,19
1.0,16,19
1.0,10,20
1.0,2,21
1.0,18,21
1.0,6,22
1.0,9,22
1.0,11,23
1.0,5,24
1.0,19,25
1.0,24,25
1.0,16,26
1.0,22,26
1.0,25,26
1.0,7,27
1.0,10,27
1.0,14,27
1.0,26,28
1.0,3,29
1.0,14,29
1.0,11,30
1.0,14,30
1.0,24,30
1.0,13,31
1.0,23,31
1.0,4,32
1.0,21,32
1.0,29,32
1.0,10,33
1.0,27,33
1.0,3,34
1.0,6,34
1.0,20,34
1.0,28,34
1.0,4,35
1.0,5,35
1.0,8,35
1.0,20,35
1.0,18,36
1.0,25,36
1.0,29,36
1.0,5,37
1.0,6,38
1.0,15,38
1.0,21,38
1.0,33,38
1.0,7,39
1.0,31,39
1.0,32,39
1.0,2,40
1.0,3,40
1.0,23,40
1.0,8,41
1.0,13,41
1.0,24,41
1.0,37,41
1.0,4,42
1.0,39,42
1.0,1,43
1.0,28,43
1.0,33,43
1.0,36,43
1.0,0,44
1.0,22,44
1.0,42,44
1.0,31,45
1.0,42,45
1.0,44,45
1.0,2,46
1.0,13,46
1.0,23,46
1.0,30,46
1.0,5,47
1.0,28,47
1.0,37,47
1.0,45,47
1.0,11,48
1.0,12,48
1.0,17,48
1.0,18,48
1.0,17,49
1.0,20,49
1.0,37,49
1.0,40,49
