1.0,1,2
1.0,3,5
1.0,2,6
1.0,4,9
1.0,6,9
1.0,7,9
1.0,1,11
1.0,3,12
1.0,11,12
1.0,8,13
1.0,4,14
1.0,13,14
1.0,5,15
1.0,8,16
1.0,1,17
1.0,2,17
1.0,11,18
1.0,12,19
1.0,17,19
1.0,0,20
1.0,6,20
1.0,10,20
1.0,3,21
1.0,8,21
1.0,15,22
1.0,16,22
1.0,1,24
1.0,22,25
1.0,24,25
1.0,10,26
1.0,10,27
1.0,17,27
1.0,12,29
1.0,23,29
1.0,28,29
1.0,0,30
1.0,21,30
1.0,25,30
1.0,7,31
1.0,25,31
1.0,5,32
1.0,21,32
1.0,24,32
1.0,23,33
1.0,26,33
1.0,27,33
1.0,28,33
1.0,9,34
1.0,23,34
1.0,26,34
1.0,31,34
1.0,11,35
1.0,14,35
1.0,29,35
1.0,18,36
1.0,18,37
1.0,36,37
1.0,0,38
1.0,14,38
1.0,27,38
1.0,4,39
1.0,16,39
1.0,32,39
1.0,35,39
1.0,6,40
1.0,7,40
1.0,18,40
1.0,15,41
1.0,20,41
1.0,23,41
1.0,26,41
1.0,2,42
1.0,16,42
1.0,19,42
1.0,5,43
1.0,28,43
1.0,30,43
1.0,13,44
1.0,28,44
1.0,38,44
1.0,7,45
1.0,10,45
1.0,15,45
1.0,44,45
1.0,13,46
1.0,24,46
1.0,36,46
1.0,37,46
1.0,0,47
1.0,3,47
1.0,22,47
1.0,43,47
1.0,36,48
1.0,37,48
1.0,40,48
1.0,42,48
1.0,4,49
1.0,8,49
1.0,19,49
1.0,31,49
