1.0,0,2
1.0,0,4
1.0,4,6
1.0,0,7
1.0,6,8
1.0,6,9
1.0,3,10
1.0,2,12
1.0,9,13
1.0,1,14
1.0,12,14
1.0,8,16
1.0,9,17
1.0,11,18
1.0,12,18
1.0,16,18
1.0,4,19
1.0,15,19
1.0,3,20
1.0,7,20
1.0,3,21
1.0,11,21
1.0,2,22
1.0,10,23
1.0,7,24
1.0,12,24
1.0,13,24
1.0,5,25
1.0,16,25
1.0,8,26
1.0,11,26
1.0,17,26
1.0,5,27
1.0,15,27
1.0,19,28
1.0,24,28
1.0,25,28
1.0,2,29
1.0,1,31
1.0,13,31
1.0,23,32
1.0,27,32
1.0,29,32
1.0,30,32
1.0,5,33
1.0,9,33
1.0,1,34
1.0,6,34
1.0,30,34
1.0,33,34
1.0,5,35
1.0,31,35
1.0,33,36
1.0,35,36
1.0,10,37
1.0,17,37
1.0,23,37
1.0,0,38
1.0,4,38
1.0,11,38
1.0,15,38
1.0,13,39
1.0,22,39
1.0,30,39
1.0,22,40
1.0,37,40
1.0,10,41
1.0,20,41
1.0,28,41
1.0,40,41
1.0,1,42
1.0,29,42
1.0,36,42
1.0,3,43
1.0,18,43
1.0,26,43
1.0,14,44
1.0,27,44
1.0,39,44
1.0,42,44
1.0,17,45
1.0,21,45
1.0,25,45
1.0,43,45
1.0,15,46
1.0,31,46
1.0,35,46
1.0,40,46
1.0,14,47
1.0,19,47
1.0,20,47
1.0,29,47
1.0,7,48
1.0,22,48
1.0,30,48
1.0,36,48
1.0,8,49
1.0,16,49
1.0,21,49
1.0,23,49
