1.0,3,5
1.0,4,7
1.0,2,8
1.0,0,9
1.0,1,10
1.0,9,11
1.0,2,13
1.0,0,14
1.0,7,15
1.0,14,15
1.0,0,16
1.0,6,16
1.0,6,17
1.0,11,17
1.0,3,18
1.0,9,18
1.0,0,19
1.0,1,19
1.0,7,20
1.0,2,21
1.0,20,22
1.0,19,23
1.0,12,24
1.0,22,24
1.0,7,25
1.0,8,25
1.0,16,25
1.0,22,25
1.0,14,26
1.0,24,26
1.0,19,27
1.0,23,27
1.0,5,28
1.0,21,28
1.0,27,28
1.0,3,29
1.0,4,30
1.0,3,31
1.0,23,31
1.0,27,31
1.0,29,31
1.0,21,32
1.0,29,32
1.0,11,33
1.0,8,34
1.0,11,34
1.0,9,35
1.0,13,35
1.0,22,35
1.0,4,36
1.0,5,36
1.0,32,36
1.0,2,37
1.0,18,37
1.0,30,37
1.0,34,37
1.0,6,38
1.0,8,38
1.0,23,38
1.0,24,38
1.0,6,39
1.0,12,39
1.0,21,39
1.0,26,39
1.0,17,40
1.0,20,40
1.0,33,40
1.0,13,41
1.0,14,41
1.0,26,41
1.0,1,42
1.0,10,42
1.0,12,42
1.0,34,42
1.0,15,43
1.0,29,43
1.0,30,43
1.0,40,43
1.0,28,44
1.0,33,44
1.0,35,44
1.0,36,44
1.0,10,45
1.0,20,45
1.0,30,45
1.0,16,46
1.0,32,46
1.0,45,46
1.0,1,47
1.0,13,47
1.0,33,47
1.0,46,47
1.0,5,48
1.0,10,48
1.0,18,48
1.0,41,48
1.0,4,49
1.0,12,49
1.0,15,49
1.0,17,49
