1.0,0,1
1.0,0,6
1.0,3,7
1.0,8,9
1.0,4,10
1.0,2,12
1.0,12,13
1.0,13,14
1.0,5,15
1.0,5,18
1.0,9,19
1.0,15,19
1.0,0,20
1.0,5,20
1.0,19,20
1.0,16,21
1.0,18,21
1.0,8,22
1.0,15,22
1.0,1,23
1.0,11,23
1.0,11,24
1.0,13,24
1.0,19,24
1.0,23,24
1.0,13,25
1.0,9,26
1.0,17,26
1.0,21,26
1.0,3,27
1.0,6,27
1.0,15,27
1.0,2,28
1.0,14,28
1.0,25,28
1.0,2,29
1.0,6,29
1.0,8,29
1.0,7,30
1.0,14,30
1.0,18,30
1.0,4,31
1.0,1,32
1.0,16,32
1.0,4,33
1.0,8,33
1.0,21,33
1.0,17,34
1.0,26,34
1.0,5,35
1.0,7,35
1.0,14,35
1.0,28,35
1.0,12,36
1.0,29,36
1.0,31,36
1.0,11,37
1.0,16,37
1.0,6,38
1.0,10,38
1.0,22,38
1.0,11,39
1.0,25,39
1.0,30,39
1.0,1,40
1.0,3,40
1.0,34,40
1.0,12,41
1.0,23,41
1.0,27,41
1.0,10,42
1.0,17,42
1.0,22,42
1.0,37,42
1.0,25,43
1.0,33,43
1.0,34,43
1.0,3,44
1.0,17,44
1.0,31,44
1.0,39,44
1.0,10,45
1.0,32,45
1.0,38,45
1.0,43,45
1.0,20,46
1.0,31,46
1.0,40,46
1.0,41,46
1.0,2,47
1.0,7,47
1.0,9,47
1.0,36,47
1.0,4,48
1.0,16,48
1.0,37,48
1.0,0,49
1.0,18,49
1.0,32,49
1.0,48,49
