1.0,1,8
1.0,6,8
1.0,7,8
1.0,1,9
1.0,0,12
1.0,3,12
1.0,11,13
1.0,4,15
1.0,13,16
1.0,14,17
1.0,15,17
1.0,1,18
1.0,16,18
1.0,9,19
1.0,2,20
1.0,3,20
1.0,4,21
1.0,5,21
1.0,6,23
1.0,21,23
1.0,14,24
1.0,22,25
1.0,0,26
1.0,9,26
1.0,11,26
1.0,10,27
1.0,12,27
1.0,17,27
1.0,2,28
1.0,7,28
1.0,19,28
1.0,5,29
1.0,7,29
1.0,0,30
1.0,16,31
1.0,20,31
1.0,27,31
1.0,6,32
1.0,22,32
1.0,14,33
1.0,18,33
1.0,24,33
1.0,3,34
1.0,6,34
1.0,11,34
1.0,30,34
1.0,17,35
1.0,24,35
1.0,25,35
1.0,29,35
1.0,10,36
1.0,12,36
1.0,16,36
1.0,24,36
1.0,3,37
1.0,8,37
1.0,7,38
1.0,22,38
1.0,2,39
1.0,4,39
1.0,32,39
1.0,1,40
1.0,25,40
1.0,32,40
1.0,38,40
1.0,9,41
1.0,15,41
1.0,20,41
1.0,37,41
1.0,5,42
1.0,29,42
1.0,37,42
1.0,10,43
1.0,11,43
1.0,15,43
1.0,19,43
1.0,4,44
1.0,23,44
1.0,30,44
1.0,31,44
1.0,2,45
1.0,25,45
1.0,28,45
1.0,39,45
1.0,0,46
1.0,23,46
1.0,26,46
1.0,38,46
1.0,5,47
1.0,13,47
1.0,33,47
1.0,42,47
1.0,13,48
1.0,21,48
1.0,22,48
1.0,30,48
1.0,10,49
1.0,14,49
1.0,18,49
1.0,19,49
