1.0,2,9
1.0,4,10
1.0,9,10
1.0,9,11
1.0,8,12
1.0,4,14
1.0,0,15
1.0,7,16
1.0,14,16
1.0,1,17
1.0,5,17
1.0,6,17
1.0,13,18
1.0,14,18
1.0,4,19
1.0,13,19
1.0,15,20
1.0,16,20
1.0,19,20
1.0,1,21
1.0,1,22
1.0,3,22
1.0,6,22
1.0,7,22
1.0,8,23
1.0,12,24
1.0,10,26
1.0,19,26
1.0,5,27
1.0,6,27
1.0,21,27
1.0,0,28
1.0,3,28
1.0,13,28
1.0,17,29
1.0,3,30
1.0,11,30
1.0,18,30
1.0,11,31
1.0,24,31
1.0,23,32
1.0,24,32
1.0,5,33
1.0,6,33
1.0,12,33
1.0,0,34
1.0,13,34
1.0,27,34
1.0,28,34
1.0,5,35
1.0,29,35
1.0,31,35
1.0,1,36
1.0,8,36
1.0,29,36
1.0,35,36
1.0,10,37
1.0,29,37
1.0,0,38
1.0,14,38
1.0,15,38
1.0,32,38
1.0,18,39
1.0,21,39
1.0,2,40
1.0,4,40
1.0,15,40
1.0,23,40
1.0,25,41
1.0,26,41
1.0,3,42
1.0,11,42
1.0,31,42
1.0,33,42
1.0,21,43
1.0,25,43
1.0,32,43
1.0,39,43
1.0,2,44
1.0,25,44
1.0,26,44
1.0,8,45
1.0,12,45
1.0,30,45
1.0,7,46
1.0,20,46
1.0,37,46
1.0,41,46
1.0,2,47
1.0,16,47
1.0,24,47
1.0,37,47
1.0,9,48
1.0,23,48
1.0,41,48
1.0,45,48
1.0,7,49
1.0,25,49
1.0,39,49
1.0,44,49
