1.0,1,3
1.0,1,5
1.0,0,6
1.0,0,9
1.0,8,10
1.0,0,12
1.0,5,14
1.0,6,14
1.0,4,15
1.0,14,15
1.0,4,16
1.0,9,17
1.0,8,18
1.0,3,19
1.0,7,19
1.0,3,20
1.0,17,20
1.0,20,21
1.0,2,22
1.0,9,22
1.0,11,23
1.0,21,23
1.0,18,24
1.0,18,25
1.0,21,25
1.0,8,26
1.0,12,26
1.0,16,27
1.0,1,28
1.0,2,28
1.0,19,28
1.0,23,28
1.0,6,29
1.0,17,29
1.0,11,30
1.0,23,30
1.0,27,30
1.0,11,31
1.0,12,31
1.0,16,31
1.0,24,31
1.0,7,32
1.0,8,32
1.0,13,32
1.0,16,32
1.0,3,34
1.0,24,34
1.0,25,34
1.0,26,34
1.0,2,35
1.0,7,35
1.0,10,36
1.0,19,36
1.0,24,36
1.0,27,37
1.0,33,37
1.0,20,38
1.0,35,38
1.0,37,38
1.0,14,39
1.0,33,39
1.0,2,40
1.0,5,40
1.0,33,40
1.0,1,41
1.0,10,41
1.0,26,41
1.0,37,41
1.0,9,42
1.0,15,42
1.0,29,42
1.0,40,42
1.0,10,43
1.0,13,43
1.0,27,43
1.0,30,43
1.0,21,44
1.0,22,44
1.0,36,44
1.0,39,44
1.0,0,45
1.0,4,45
1.0,7,45
1.0,13,45
1.0,5,46
1.0,12,46
1.0,33,46
1.0,39,46
1.0,22,47
1.0,25,47
1.0,29,47
1.0,35,47
1.0,6,48
1.0,13,48
1.0,15,48
1.0,38,48
1.0,4,49
1.0,11,49
1.0,17,49
1.0,18,49
