1.0,0,7
1.0,0,9
1.0,6,9
1.0,9,10
1.0,5,11
1.0,0,12
1.0,1,13
1.0,11,13
1.0,3,14
1.0,1,15
1.0,12,15
1.0,13,16
1.0,5,19
1.0,14,19
1.0,18,22
1.0,20,22
1.0,0,23
1.0,21,23
1.0,5,24
1.0,6,24
1.0,15,24
1.0,18,24
1.0,4,25
1.0,6,25
1.0,16,25
1.0,4,26
1.0,12,26
1.0,13,27
1.0,26,27
1.0,1,28
1.0,12,28
1.0,20,28
1.0,2,29
1.0,4,29
1.0,20,29
1.0,7,30
1.0,11,30
1.0,29,30
1.0,4,31
1.0,9,31
1.0,23,31
1.0,5,32
1.0,20,32
1.0,2,33
1.0,7,33
1.0,21,33
1.0,2,34
1.0,3,34
1.0,17,34
1.0,33,34
1.0,21,35
1.0,23,35
1.0,27,35
1.0,1,36
1.0,11,36
1.0,14,36
1.0,8,37
1.0,6,38
1.0,10,38
1.0,21,38
1.0,37,38
1.0,2,39
1.0,31,39
1.0,37,39
1.0,10,40
1.0,18,40
1.0,19,40
1.0,28,40
1.0,8,41
1.0,22,41
1.0,25,41
1.0,39,41
1.0,7,42
1.0,17,42
1.0,30,42
1.0,32,42
1.0,8,43
1.0,36,43
1.0,3,44
1.0,8,44
1.0,14,44
1.0,18,44
1.0,15,45
1.0,17,45
1.0,22,45
1.0,3,46
1.0,37,46
1.0,45,46
1.0,16,47
1.0,19,47
1.0,27,47
1.0,35,47
1.0,16,48
1.0,17,48
1.0,32,48
1.0,43,48
1.0,10,49
1.0,26,49
1.0,43,49
1.0,46,49
