1.0,0,3
1.0,2,3
1.0,1,5
1.0,2,5
1.0,5,7
1.0,0,9
1.0,2,9
1.0,3,9
1.0,8,13
1.0,4,14
1.0,1,16
1.0,10,17
1.0,14,17
1.0,14,18
1.0,1,19
1.0,15,19
1.0,14,21
1.0,4,22
1.0,16,22
1.0,8,23
1.0,22,23
1.0,10,24
1.0,12,24
1.0,15,24
1.0,20,25
1.0,21,25
1.0,13,26
1.0,4,27
1.0,17,27
1.0,26,27
1.0,1,28
1.0,15,28
1.0,16,29
1.0,6,30
1.0,7,30
1.0,19,30
1.0,10,31
1.0,18,31
1.0,22,31
1.0,23,31
1.0,18,32
1.0,30,32
1.0,6,33
1.0,7,33
1.0,6,34
1.0,10,35
1.0,23,35
1.0,18,36
1.0,20,36
1.0,26,36
1.0,34,36
1.0,11,37
1.0,29,37
1.0,34,37
1.0,0,38
1.0,11,38
1.0,15,38
1.0,34,38
1.0,8,39
1.0,16,39
1.0,0,40
1.0,21,40
1.0,28,40
1.0,29,40
1.0,9,41
1.0,28,41
1.0,32,41
1.0,33,41
1.0,7,42
1.0,27,42
1.0,32,42
1.0,35,42
1.0,3,43
1.0,17,43
1.0,25,43
1.0,26,43
1.0,5,44
1.0,12,44
1.0,29,44
1.0,39,44
1.0,11,45
1.0,13,45
1.0,20,45
1.0,37,45
1.0,8,46
1.0,11,46
1.0,20,46
1.0,35,46
1.0,12,47
1.0,13,47
1.0,24,47
1.0,25,47
1.0,2,48
1.0,12,48
1.0,19,48
1.0,21,48
1.0,4,49
1.0,6,49
1.0,33,49
1.0,39,49
