1.0,0,6
1.0,5,8
1.0,6,8
1.0,2,9
1.0,0,11
1.0,2,12
1.0,1,13
1.0,7,13
1.0,3,14
1.0,5,15
1.0,6,16
1.0,10,16
1.0,10,17
1.0,11,17
1.0,6,18
1.0,11,18
1.0,13,19
1.0,14,19
1.0,4,20
1.0,15,21
1.0,20,22
1.0,4,23
1.0,9,23
1.0,8,25
1.0,10,25
1.0,13,26
1.0,24,26
1.0,0,27
1.0,7,28
1.0,21,28
1.0,18,29
1.0,22,29
1.0,20,30
1.0,22,30
1.0,27,30
1.0,2,31
1.0,5,31
1.0,26,31
1.0,9,32
1.0,20,32
1.0,28,32
1.0,1,33
1.0,9,33
1.0,19,33
1.0,1,34
1.0,16,34
1.0,25,34
1.0,3,35
1.0,4,35
1.0,0,36
1.0,1,36
1.0,8,36
1.0,32,36
1.0,17,37
1.0,23,37
1.0,11,38
1.0,15,38
1.0,25,38
1.0,29,38
1.0,7,39
1.0,18,39
1.0,30,39
1.0,3,40
1.0,12,40
1.0,24,40
1.0,35,40
1.0,5,41
1.0,31,41
1.0,34,41
1.0,16,42
1.0,23,42
1.0,24,42
1.0,26,42
1.0,2,43
1.0,22,43
1.0,28,43
1.0,29,43
1.0,3,44
1.0,17,44
1.0,27,44
1.0,33,44
1.0,4,45
1.0,15,45
1.0,19,45
1.0,37,45
1.0,7,46
1.0,10,46
1.0,24,46
1.0,12,47
1.0,14,47
1.0,21,47
1.0,37,47
1.0,14,48
1.0,39,48
1.0,41,48
1.0,46,48
1.0,12,49
1.0,21,49
1.0,27,49
1.0,35,49
