1.0,3,6
1.0,1,7
1.0,1,9
1.0,4,9
1.0,5,10
1.0,4,12
1.0,12,13
1.0,2,14
1.0,10,14
1.0,8,15
1.0,12,15
1.0,6,16
1.0,0,17
1.0,2,17
1.0,8,18
1.0,4,20
1.0,11,20
1.0,3,21
1.0,11,21
1.0,16,22
1.0,21,22
1.0,17,23
1.0,8,24
1.0,14,24
1.0,19,25
1.0,24,25
1.0,20,26
1.0,25,26
1.0,7,27
1.0,16,27
1.0,19,27
1.0,18,28
1.0,19,28
1.0,24,28
1.0,3,29
1.0,7,29
1.0,22,29
1.0,23,29
1.0,14,30
1.0,23,30
1.0,30,31
1.0,0,32
1.0,18,32
1.0,11,33
1.0,28,33
1.0,8,34
1.0,9,34
1.0,10,34
1.0,13,34
1.0,15,35
1.0,26,35
1.0,32,35
1.0,33,35
1.0,0,36
1.0,23,36
1.0,33,36
1.0,2,37
1.0,10,37
1.0,17,37
1.0,27,37
1.0,2,38
1.0,7,38
1.0,6,39
1.0,11,39
1.0,36,39
1.0,0,40
1.0,3,40
1.0,13,40
1.0,25,40
1.0,5,41
1.0,12,41
1.0,32,41
1.0,38,41
1.0,13,42
1.0,31,42
1.0,38,42
1.0,5,43
1.0,16,43
1.0,1,44
1.0,4,44
1.0,5,44
1.0,20,44
1.0,26,45
1.0,31,45
1.0,39,45
1.0,42,45
1.0,18,46
1.0,19,46
1.0,22,46
1.0,9,47
1.0,21,47
1.0,46,47
1.0,1,48
1.0,6,48
1.0,15,48
1.0,43,48
1.0,30,49
1.0,31,49
1.0,43,49
1.0,47,49
