1.0,0,2
1.0,7,8
1.0,0,9
1.0,8,9
1.0,6,10
1.0,7,10
1.0,2,12
1.0,3,13
1.0,12,14
1.0,5,15
1.0,3,16
1.0,10,16
1.0,0,17
1.0,5,19
1.0,7,19
1.0,18,19
1.0,2,20
1.0,13,21
1.0,14,21
1.0,20,21
1.0,8,22
1.0,15,22
1.0,16,22
1.0,12,23
1.0,18,23
1.0,20,23
1.0,0,24
1.0,24,26
1.0,5,28
1.0,24,28
1.0,26,28
1.0,4,29
1.0,9,29
1.0,26,29
1.0,6,30
1.0,13,30
1.0,24,30
1.0,14,31
1.0,17,31
1.0,19,31
1.0,4,32
1.0,11,32
1.0,1,33
1.0,2,33
1.0,17,33
1.0,21,33
1.0,1,34
1.0,25,34
1.0,26,34
1.0,32,34
1.0,10,35
1.0,18,35
1.0,20,35
1.0,27,35
1.0,6,36
1.0,11,36
1.0,18,36
1.0,25,37
1.0,1,38
1.0,37,38
1.0,11,39
1.0,25,39
1.0,30,39
1.0,36,39
1.0,4,40
1.0,9,40
1.0,27,40
1.0,22,41
1.0,25,41
1.0,29,41
1.0,14,42
1.0,16,42
1.0,37,42
1.0,40,42
1.0,4,43
1.0,12,43
1.0,37,43
1.0,5,44
1.0,8,44
1.0,27,44
1.0,41,44
1.0,17,45
1.0,32,45
1.0,38,45
1.0,3,46
1.0,15,46
1.0,27,46
1.0,43,46
1.0,1,47
1.0,7,47
1.0,31,47
1.0,45,47
1.0,3,48
1.0,15,48
1.0,23,48
1.0,28,48
1.0,6,49
1.0,11,49
1.0,13,49
1.0,38,49
