1.0,2,6
1.0,5,6
1.0,0,10
1.0,8,11
1.0,1,12
1.0,7,12
1.0,12,13
1.0,2,14
1.0,7,14
1.0,5,15
1.0,15,16
1.0,7,17
1.0,15,17
1.0,10,18
1.0,8,19
1.0,18,19
1.0,0,20
1.0,5,20
1.0,18,20
1.0,0,21
1.0,4,21
1.0,6,21
1.0,8,22
1.0,11,22
1.0,13,22
1.0,0,23
1.0,2,24
1.0,17,24
1.0,3,25
1.0,23,25
1.0,21,26
1.0,1,27
1.0,11,28
1.0,13,28
1.0,4,29
1.0,9,30
1.0,17,30
1.0,24,30
1.0,24,31
1.0,26,32
1.0,27,32
1.0,9,33
1.0,13,33
1.0,27,33
1.0,14,34
1.0,26,34
1.0,31,34
1.0,4,35
1.0,28,35
1.0,32,35
1.0,5,36
1.0,8,36
1.0,10,36
1.0,1,37
1.0,25,37
1.0,30,37
1.0,31,37
1.0,9,38
1.0,16,38
1.0,14,39
1.0,15,39
1.0,25,39
1.0,27,39
1.0,3,40
1.0,6,40
1.0,7,40
1.0,4,41
1.0,22,41
1.0,31,41
1.0,38,41
1.0,10,42
1.0,12,42
1.0,29,42
1.0,38,42
1.0,3,43
1.0,9,43
1.0,11,43
1.0,35,43
1.0,19,44
1.0,26,44
1.0,29,44
1.0,32,44
1.0,1,45
1.0,3,45
1.0,23,45
1.0,19,46
1.0,28,46
1.0,33,46
1.0,2,47
1.0,16,47
1.0,34,47
1.0,36,47
1.0,20,48
1.0,29,48
1.0,40,48
1.0,46,48
1.0,16,49
1.0,18,49
1.0,23,49
1.0,45,49
