1.0,6,8
1.0,1,9
1.0,2,10
1.0,7,10
1.0,1,11
1.0,6,12
1.0,7,12
1.0,3,14
1.0,4,14
1.0,9,14
1.0,3,15
1.0,11,15
1.0,0,18
1.0,8,18
1.0,7,19
1.0,11,19
1.0,0,20
1.0,17,20
1.0,2,21
1.0,8,21
1.0,10,21
1.0,10,22
1.0,12,22
1.0,9,23
1.0,16,23
1.0,20,23
1.0,5,24
1.0,13,24
1.0,18,24
1.0,2,25
1.0,22,25
1.0,3,26
1.0,22,27
1.0,25,28
1.0,1,29
1.0,27,29
1.0,6,31
1.0,23,31
1.0,27,31
1.0,15,32
1.0,17,32
1.0,29,32
1.0,30,32
1.0,5,33
1.0,13,33
1.0,17,33
1.0,21,33
1.0,11,34
1.0,24,34
1.0,9,35
1.0,19,35
1.0,20,35
1.0,30,35
1.0,26,36
1.0,27,36
1.0,30,36
1.0,34,36
1.0,4,37
1.0,12,37
1.0,13,37
1.0,19,37
1.0,13,38
1.0,16,38
1.0,28,38
1.0,0,39
1.0,25,39
1.0,1,40
1.0,29,40
1.0,0,41
1.0,4,41
1.0,18,41
1.0,39,41
1.0,7,42
1.0,17,42
1.0,31,42
1.0,3,43
1.0,15,43
1.0,42,43
1.0,2,44
1.0,5,44
1.0,6,44
1.0,14,44
1.0,4,45
1.0,26,45
1.0,30,45
1.0,40,45
1.0,16,46
1.0,38,46
1.0,39,46
1.0,8,47
1.0,43,47
1.0,46,47
1.0,5,48
1.0,28,48
1.0,34,48
1.0,40,48
1.0,16,49
1.0,26,49
1.0,28,49
1.0,47,49
