1.0,4,6
1.0,3,7
1.0,2,8
1.0,2,9
1.0,5,9
1.0,7,11
1.0,2,12
1.0,1,13
1.0,3,13
1.0,3,14
1.0,4,14
1.0,10,14
1.0,13,16
1.0,15,17
1.0,16,17
1.0,1,18
1.0,16,18
1.0,8,19
1.0,5,21
1.0,15,21
1.0,6,22
1.0,7,22
1.0,8,22
1.0,9,23
1.0,20,23
1.0,3,24
1.0,10,24
1.0,24,25
1.0,14,26
1.0,15,26
1.0,20,26
1.0,23,27
1.0,0,28
1.0,18,28
1.0,15,29
1.0,27,29
1.0,28,29
1.0,19,30
1.0,26,30
1.0,29,30
1.0,16,31
1.0,19,31
1.0,10,32
1.0,23,32
1.0,27,32
1.0,8,33
1.0,13,33
1.0,31,33
1.0,1,34
1.0,28,34
1.0,33,34
1.0,0,35
1.0,6,35
1.0,7,35
1.0,17,35
1.0,6,36
1.0,11,36
1.0,12,36
1.0,5,37
1.0,12,37
1.0,21,37
1.0,32,37
1.0,4,38
1.0,9,38
1.0,2,39
1.0,10,39
1.0,11,39
1.0,19,40
1.0,31,40
1.0,20,41
1.0,27,41
1.0,38,41
1.0,24,42
1.0,36,42
1.0,38,42
1.0,41,42
1.0,18,43
1.0,25,43
1.0,0,44
1.0,21,44
1.0,30,44
1.0,1,45
1.0,25,45
1.0,43,45
1.0,44,45
1.0,4,46
1.0,20,46
1.0,40,46
1.0,5,47
1.0,25,47
1.0,39,47
1.0,40,47
1.0,0,48
1.0,17,48
1.0,43,48
1.0,46,48
1.0,11,49
1.0,12,49
1.0,22,49
1.0,34,49
