1.0,5,7
1.0,0,8
1.0,0,10
1.0,5,11
1.0,9,11
1.0,8,13
1.0,4,14
1.0,6,14
1.0,2,15
1.0,9,15
1.0,1,16
1.0,2,16
1.0,6,17
1.0,6,18
1.0,11,18
1.0,3,19
1.0,5,19
1.0,13,19
1.0,0,20
1.0,12,20
1.0,0,22
1.0,3,22
1.0,16,23
1.0,18,23
1.0,11,24
1.0,22,24
1.0,14,25
1.0,15,25
1.0,6,26
1.0,8,26
1.0,12,26
1.0,2,27
1.0,10,27
1.0,18,28
1.0,26,28
1.0,4,29
1.0,8,29
1.0,23,29
1.0,1,30
1.0,3,30
1.0,21,30
1.0,14,31
1.0,25,31
1.0,17,32
1.0,27,32
1.0,16,33
1.0,27,33
1.0,12,34
1.0,20,34
1.0,23,34
1.0,3,36
1.0,12,36
1.0,20,36
1.0,10,37
1.0,21,37
1.0,24,37
1.0,7,38
1.0,19,38
1.0,32,38
1.0,35,38
1.0,7,39
1.0,28,39
1.0,30,39
1.0,22,40
1.0,28,40
1.0,32,40
1.0,39,40
1.0,1,41
1.0,15,41
1.0,21,41
1.0,35,41
1.0,4,42
1.0,10,42
1.0,13,42
1.0,33,42
1.0,4,43
1.0,9,43
1.0,17,43
1.0,33,43
1.0,21,44
1.0,34,44
1.0,36,44
1.0,17,45
1.0,31,45
1.0,35,45
1.0,44,45
1.0,1,46
1.0,5,46
1.0,35,46
1.0,2,47
1.0,7,47
1.0,9,47
1.0,29,47
1.0,13,48
1.0,31,48
1.0,37,48
1.0,24,49
1.0,25,49
1.0,46,49
1.0,48,49
