1.0,1,5
1.0,6,8
1.0,0,9
1.0,3,9
1.0,1,10
1.0,7,10
1.0,11,13
1.0,8,14
1.0,6,15
1.0,14,15
1.0,5,17
1.0,6,17
1.0,14,17
1.0,0,20
1.0,13,20
1.0,18,21
1.0,19,21
1.0,0,22
1.0,5,22
1.0,12,22
1.0,2,23
1.0,18,23
1.0,8,24
1.0,13,24
1.0,12,25
1.0,15,25
1.0,5,26
1.0,11,26
1.0,20,26
1.0,9,27
1.0,20,27
1.0,7,28
1.0,16,28
1.0,21,28
1.0,18,29
1.0,19,29
1.0,11,30
1.0,14,30
1.0,3,31
1.0,4,31
1.0,16,31
1.0,3,32
1.0,6,32
1.0,2,33
1.0,10,33
1.0,27,33
1.0,1,34
1.0,25,34
1.0,13,35
1.0,16,35
1.0,30,35
1.0,2,36
1.0,21,36
1.0,35,36
1.0,4,37
1.0,19,37
1.0,28,37
1.0,4,38
1.0,11,38
1.0,26,38
1.0,23,39
1.0,33,39
1.0,12,40
1.0,34,40
1.0,36,40
1.0,7,41
1.0,12,41
1.0,30,41
1.0,38,41
1.0,19,42
1.0,25,42
1.0,27,42
1.0,4,43
1.0,24,43
1.0,34,43
1.0,42,43
1.0,1,44
1.0,3,44
1.0,22,44
1.0,32,44
1.0,0,45
1.0,8,45
1.0,31,45
1.0,39,45
1.0,10,46
1.0,15,46
1.0,32,46
1.0,37,46
1.0,7,47
1.0,18,47
1.0,23,47
1.0,29,47
1.0,2,48
1.0,16,48
1.0,17,48
1.0,39,48
1.0,9,49
1.0,24,49
1.0,29,49
1.0,40,49
