1.0,2,3
1.0,4,5
1.0,1,6
1.0,4,7
1.0,0,8
1.0,7,9
1.0,8,11
1.0,7,12
1.0,4,13
1.0,10,13
1.0,5,14
1.0,11,14
1.0,3,15
1.0,6,15
1.0,0,17
1.0,8,18
1.0,16,18
1.0,12,19
1.0,2,20
1.0,2,21
1.0,8,21
1.0,17,22
1.0,18,22
1.0,15,23
1.0,7,25
1.0,20,25
1.0,4,26
1.0,16,26
1.0,21,26
1.0,1,27
1.0,5,27
1.0,19,27
1.0,14,28
1.0,16,28
1.0,19,28
1.0,2,29
1.0,21,29
1.0,12,30
1.0,29,30
1.0,6,31
1.0,18,31
1.0,13,32
1.0,23,32
1.0,31,32
1.0,13,33
1.0,28,33
1.0,10,34
1.0,20,34
1.0,23,34
1.0,29,34
1.0,10,35
1.0,26,35
1.0,3,36
1.0,19,36
1.0,22,36
1.0,0,37
1.0,11,37
1.0,23,37
1.0,25,37
1.0,6,38
1.0,11,38
1.0,32,38
1.0,12,39
1.0,33,39
1.0,1,40
1.0,9,40
1.0,10,40
1.0,36,40
1.0,9,41
1.0,24,41
1.0,9,42
1.0,17,42
1.0,24,42
1.0,25,43
1.0,27,43
1.0,30,43
1.0,41,43
1.0,1,44
1.0,5,44
1.0,35,44
1.0,42,44
1.0,14,45
1.0,15,45
1.0,22,45
1.0,38,45
1.0,16,46
1.0,20,46
1.0,24,46
1.0,3,47
1.0,17,47
1.0,24,47
1.0,30,47
1.0,0,48
1.0,35,48
1.0,39,48
1.0,41,48
1.0,31,49
1.0,33,49
1.0,39,49
1.0,46,49
