1.0,0,2
1.0,1,5
1.0,5,7
1.0,0,9
1.0,1,9
1.0,4,9
1.0,4,10
1.0,2,11
1.0,6,11
1.0,12,14
1.0,4,15
1.0,5,15
1.0,6,16
1.0,8,16
1.0,15,16
1.0,1,17
1.0,17,20
1.0,6,21
1.0,8,21
1.0,19,21
1.0,18,22
1.0,3,23
1.0,12,23
1.0,0,24
1.0,15,24
1.0,8,25
1.0,21,25
1.0,9,26
1.0,14,26
1.0,10,27
1.0,13,27
1.0,19,27
1.0,2,28
1.0,5,28
1.0,26,28
1.0,7,29
1.0,18,30
1.0,22,30
1.0,29,30
1.0,19,31
1.0,22,31
1.0,24,31
1.0,25,31
1.0,12,32
1.0,20,32
1.0,10,33
1.0,13,33
1.0,17,34
1.0,27,34
1.0,32,34
1.0,18,35
1.0,19,35
1.0,33,35
1.0,0,36
1.0,3,37
1.0,23,37
1.0,7,38
1.0,28,38
1.0,30,38
1.0,33,38
1.0,11,39
1.0,22,39
1.0,36,39
1.0,14,40
1.0,34,40
1.0,36,40
1.0,37,40
1.0,3,41
1.0,14,41
1.0,37,41
1.0,10,42
1.0,13,42
1.0,18,42
1.0,32,42
1.0,8,43
1.0,20,43
1.0,29,43
1.0,39,43
1.0,24,44
1.0,25,44
1.0,41,44
1.0,29,45
1.0,35,45
1.0,36,45
1.0,1,46
1.0,16,46
1.0,17,46
1.0,44,46
1.0,3,47
1.0,12,47
1.0,13,47
1.0,20,47
1.0,6,48
1.0,7,48
1.0,23,48
1.0,26,48
1.0,2,49
1.0,4,49
1.0,11,49
1.0,45,49
