1.0,1,3
1.0,0,4
1.0,2,9
1.0,7,10
1.0,6,11
1.0,10,12
1.0,5,14
1.0,13,14
1.0,8,15
1.0,11,15
1.0,4,16
1.0,5,16
1.0,6,16
1.0,12,16
1.0,3,17
1.0,13,17
1.0,17,18
1.0,2,19
1.0,13,21
1.0,9,22
1.0,15,22
1.0,21,22
1.0,14,23
1.0,12,24
1.0,19,24
1.0,18,26
1.0,20,26
1.0,23,26
1.0,7,27
1.0,8,27
1.0,20,27
1.0,23,28
1.0,25,28
1.0,1,29
1.0,4,29
1.0,24,29
1.0,0,30
1.0,20,30
1.0,26,30
1.0,3,31
1.0,4,31
1.0,24,31
1.0,21,32
1.0,10,33
1.0,31,33
1.0,14,34
1.0,29,34
1.0,2,35
1.0,8,35
1.0,13,35
1.0,1,36
1.0,21,36
1.0,35,36
1.0,2,37
1.0,11,37
1.0,15,37
1.0,32,37
1.0,9,38
1.0,18,38
1.0,32,38
1.0,10,39
1.0,34,39
1.0,38,39
1.0,19,40
1.0,22,40
1.0,25,40
1.0,33,40
1.0,6,41
1.0,8,41
1.0,7,42
1.0,25,42
1.0,27,42
1.0,33,42
1.0,1,43
1.0,9,43
1.0,12,43
1.0,23,43
1.0,3,44
1.0,7,44
1.0,17,44
1.0,25,44
1.0,0,45
1.0,11,45
1.0,30,45
1.0,36,45
1.0,6,46
1.0,20,46
1.0,28,46
1.0,28,47
1.0,34,47
1.0,41,47
1.0,46,47
1.0,5,48
1.0,18,48
1.0,19,48
1.0,32,48
1.0,0,49
1.0,5,49
1.0,39,49
1.0,41,49
