1.0,0,2
1.0,2,4
1.0,4,6
1.0,0,9
1.0,7,9
1.0,3,10
1.0,9,13
1.0,1,14
1.0,5,14
1.0,13,14
1.0,4,15
1.0,5,18
1.0,17,19
1.0,7,20
1.0,14,20
1.0,6,21
1.0,10,21
1.0,15,21
1.0,7,22
1.0,5,23
1.0,13,23
1.0,21,23
1.0,22,23
1.0,16,24
1.0,3,25
1.0,12,25
1.0,0,26
1.0,8,26
1.0,11,26
1.0,18,26
1.0,18,27
1.0,1,28
1.0,17,28
1.0,27,28
1.0,9,29
1.0,11,29
1.0,8,30
1.0,24,30
1.0,16,31
1.0,20,31
1.0,30,31
1.0,5,32
1.0,8,32
1.0,16,32
1.0,1,33
1.0,4,33
1.0,6,33
1.0,11,34
1.0,19,34
1.0,2,35
1.0,15,35
1.0,17,35
1.0,27,36
1.0,29,36
1.0,30,36
1.0,1,37
1.0,20,37
1.0,27,37
1.0,31,37
1.0,10,38
1.0,12,38
1.0,34,38
1.0,8,39
1.0,12,39
1.0,19,39
1.0,29,39
1.0,15,40
1.0,18,40
1.0,22,40
1.0,3,41
1.0,10,41
1.0,25,41
1.0,40,41
1.0,13,42
1.0,35,42
1.0,38,42
1.0,6,43
1.0,16,43
1.0,24,43
1.0,7,44
1.0,19,44
1.0,42,44
1.0,11,45
1.0,24,45
1.0,25,45
1.0,32,45
1.0,17,46
1.0,33,46
1.0,36,46
1.0,44,46
1.0,0,47
1.0,28,47
1.0,34,47
1.0,2,48
1.0,3,48
1.0,12,48
1.0,22,49
1.0,43,49
1.0,47,49
1.0,48,49
