1.0,2,6
1.0,4,6
1.0,2,7
1.0,3,10
1.0,4,11
1.0,10,11
1.0,1,14
1.0,7,14
1.0,6,15
1.0,0,16
1.0,0,17
1.0,1,17
1.0,3,18
1.0,5,18
1.0,7,18
1.0,3,19
1.0,9,20
1.0,0,21
1.0,5,21
1.0,9,22
1.0,13,22
1.0,17,22
1.0,13,23
1.0,20,23
1.0,8,24
1.0,15,24
1.0,7,25
1.0,2,26
1.0,11,27
1.0,12,27
1.0,12,28
1.0,13,28
1.0,23,28
1.0,5,29
1.0,10,29
1.0,27,30
1.0,3,31
1.0,4,31
1.0,12,31
1.0,13,32
1.0,22,32
1.0,8,33
1.0,16,33
1.0,24,33
1.0,25,33
1.0,0,34
1.0,19,34
1.0,8,35
1.0,25,35
1.0,30,35
1.0,31,35
1.0,4,36
1.0,27,36
1.0,28,36
1.0,29,36
1.0,8,37
1.0,20,37
1.0,26,37
1.0,2,38
1.0,15,38
1.0,21,38
1.0,1,39
1.0,12,39
1.0,16,39
1.0,17,40
1.0,18,40
1.0,23,40
1.0,15,41
1.0,29,41
1.0,40,41
1.0,5,42
1.0,25,42
1.0,34,42
1.0,6,43
1.0,21,43
1.0,30,43
1.0,41,43
1.0,10,44
1.0,19,44
1.0,32,44
1.0,14,45
1.0,16,45
1.0,20,45
1.0,26,45
1.0,1,46
1.0,9,46
1.0,30,46
1.0,42,46
1.0,9,47
1.0,14,47
1.0,19,47
1.0,39,47
1.0,11,48
1.0,24,48
1.0,34,48
1.0,38,48
1.0,26,49
1.0,32,49
1.0,37,49
1.0,44,49
