1.0,0,2
1.0,0,5
1.0,6,7
1.0,3,9
1.0,6,11
1.0,10,11
1.0,1,13
1.0,6,13
1.0,8,14
1.0,2,15
1.0,8,15
1.0,3,17
1.0,4,18
1.0,12,18
1.0,2,19
1.0,5,20
1.0,1,21
1.0,9,21
1.0,20,22
1.0,8,23
1.0,3,24
1.0,18,24
1.0,0,25
1.0,1,25
1.0,12,25
1.0,17,25
1.0,7,26
1.0,10,26
1.0,11,26
1.0,12,27
1.0,16,27
1.0,21,27
1.0,7,28
1.0,11,28
1.0,4,29
1.0,5,29
1.0,6,30
1.0,14,30
1.0,12,31
1.0,20,31
1.0,23,31
1.0,5,32
1.0,9,32
1.0,16,32
1.0,17,32
1.0,14,33
1.0,16,33
1.0,18,34
1.0,19,34
1.0,24,34
1.0,22,35
1.0,33,35
1.0,8,36
1.0,35,36
1.0,10,37
1.0,17,37
1.0,30,37
1.0,34,37
1.0,22,38
1.0,24,38
1.0,10,39
1.0,19,39
1.0,26,39
1.0,0,40
1.0,9,40
1.0,15,40
1.0,29,40
1.0,1,41
1.0,2,41
1.0,15,41
1.0,29,41
1.0,4,42
1.0,7,42
1.0,38,42
1.0,27,43
1.0,28,43
1.0,36,43
1.0,13,44
1.0,21,44
1.0,22,44
1.0,23,44
1.0,4,45
1.0,20,45
1.0,30,45
1.0,43,45
1.0,3,46
1.0,13,46
1.0,28,46
1.0,36,46
1.0,23,47
1.0,31,47
1.0,35,47
1.0,42,47
1.0,14,48
1.0,19,48
1.0,38,48
1.0,16,49
1.0,33,49
1.0,39,49
1.0,48,49
