1.0,0,6
1.0,1,6
1.0,6,7
1.0,7,8
1.0,4,9
1.0,3,10
1.0,11,12
1.0,8,13
1.0,3,14
1.0,8,15
1.0,14,16
1.0,0,19
1.0,5,19
1.0,9,19
1.0,14,20
1.0,15,20
1.0,17,20
1.0,2,21
1.0,14,21
1.0,7,22
1.0,8,22
1.0,18,22
1.0,3,23
1.0,13,23
1.0,16,23
1.0,6,24
1.0,1,25
1.0,13,25
1.0,15,25
1.0,23,25
1.0,2,26
1.0,17,26
1.0,24,26
1.0,2,27
1.0,4,27
1.0,18,27
1.0,0,28
1.0,17,29
1.0,1,30
1.0,11,30
1.0,29,30
1.0,10,31
1.0,19,31
1.0,1,32
1.0,2,32
1.0,5,32
1.0,9,33
1.0,10,34
1.0,12,34
1.0,11,35
1.0,33,35
1.0,5,36
1.0,12,36
1.0,20,36
1.0,24,37
1.0,31,37
1.0,11,38
1.0,16,38
1.0,18,38
1.0,29,39
1.0,31,39
1.0,36,39
1.0,7,40
1.0,27,40
1.0,28,40
1.0,35,40
1.0,16,41
1.0,28,41
1.0,30,41
1.0,32,41
1.0,3,42
1.0,4,42
1.0,9,42
1.0,33,42
1.0,5,43
1.0,21,43
1.0,33,43
1.0,10,44
1.0,29,44
1.0,35,44
1.0,38,44
1.0,12,45
1.0,21,45
1.0,24,45
1.0,43,45
1.0,15,46
1.0,18,46
1.0,26,46
1.0,17,47
1.0,28,47
1.0,37,47
1.0,46,47
1.0,4,48
1.0,22,48
1.0,34,48
1.0,37,48
1.0,0,49
1.0,13,49
1.0,34,49
1.0,39,49
