1.0,1,3
1.0,1,5
1.0,1,6
1.0,4,7
1.0,2,8
1.0,4,9
1.0,5,9
1.0,9,10
1.0,3,12
1.0,3,13
1.0,12,13
1.0,0,14
1.0,0,17
1.0,1,18
1.0,6,18
1.0,11,19
1.0,14,19
1.0,6,20
1.0,10,20
1.0,11,20
1.0,13,22
1.0,12,23
1.0,15,23
1.0,8,24
1.0,13,24
1.0,4,25
1.0,0,26
1.0,25,26
1.0,7,27
1.0,16,27
1.0,5,28
1.0,23,28
1.0,15,29
1.0,17,30
1.0,21,30
1.0,28,31
1.0,2,32
1.0,7,32
1.0,9,32
1.0,30,32
1.0,14,33
1.0,16,33
1.0,28,33
1.0,31,33
1.0,24,34
1.0,25,34
1.0,31,34
1.0,12,35
1.0,22,35
1.0,27,35
1.0,21,36
1.0,26,36
1.0,29,36
1.0,7,37
1.0,18,37
1.0,24,37
1.0,36,37
1.0,19,38
1.0,23,38
1.0,26,38
1.0,31,38
1.0,8,39
1.0,16,39
1.0,22,39
1.0,4,40
1.0,14,40
1.0,15,40
1.0,25,40
1.0,6,41
1.0,34,41
1.0,39,41
1.0,8,42
1.0,21,42
1.0,30,42
1.0,5,43
1.0,17,43
1.0,20,43
1.0,27,43
1.0,0,44
1.0,2,44
1.0,29,44
1.0,11,45
1.0,15,45
1.0,29,45
1.0,2,46
1.0,10,46
1.0,17,46
1.0,45,46
1.0,19,47
1.0,41,47
1.0,42,47
1.0,44,47
1.0,3,48
1.0,10,48
1.0,16,48
1.0,21,48
1.0,11,49
1.0,18,49
1.0,22,49
1.0,35,49
