1.0,4,5
1.0,3,10
1.0,6,10
1.0,8,10
1.0,3,11
1.0,7,11
1.0,9,12
1.0,1,13
1.0,1,14
1.0,7,16
1.0,13,17
1.0,14,17
1.0,14,19
1.0,15,19
1.0,2,20
1.0,2,22
1.0,14,22
1.0,8,23
1.0,18,23
1.0,3,24
1.0,20,24
1.0,21,24
1.0,6,25
1.0,10,25
1.0,19,26
1.0,20,26
1.0,24,26
1.0,13,28
1.0,2,29
1.0,11,29
1.0,17,29
1.0,25,29
1.0,8,30
1.0,12,30
1.0,27,30
1.0,9,31
1.0,13,31
1.0,0,32
1.0,18,33
1.0,25,33
1.0,6,34
1.0,8,34
1.0,20,34
1.0,27,34
1.0,0,35
1.0,2,35
1.0,28,35
1.0,33,35
1.0,3,36
1.0,9,36
1.0,1,37
1.0,4,37
1.0,15,37
1.0,17,37
1.0,5,38
1.0,23,38
1.0,32,38
1.0,36,38
1.0,0,39
1.0,16,39
1.0,22,39
1.0,31,39
1.0,5,40
1.0,21,40
1.0,27,40
1.0,0,41
1.0,12,41
1.0,26,41
1.0,28,41
1.0,9,42
1.0,31,42
1.0,32,42
1.0,1,43
1.0,7,43
1.0,15,43
1.0,16,43
1.0,5,44
1.0,18,44
1.0,27,44
1.0,28,44
1.0,7,45
1.0,15,45
1.0,21,45
1.0,42,45
1.0,21,46
1.0,22,46
1.0,30,46
1.0,40,46
1.0,11,47
1.0,16,47
1.0,19,47
1.0,23,47
1.0,4,48
1.0,6,48
1.0,12,48
1.0,36,48
1.0,4,49
1.0,18,49
1.0,32,49
1.0,33,49
