1.0,0,6
1.0,4,7
1.0,6,9
1.0,7,10
1.0,1,11
1.0,9,12
1.0,5,14
1.0,9,14
1.0,3,15
1.0,0,16
1.0,3,16
1.0,2,17
1.0,11,17
1.0,13,17
1.0,6,18
1.0,13,19
1.0,18,19
1.0,12,20
1.0,6,21
1.0,19,21
1.0,20,21
1.0,13,22
1.0,8,24
1.0,10,24
1.0,14,24
1.0,1,25
1.0,12,25
1.0,7,26
1.0,19,26
1.0,2,27
1.0,8,27
1.0,2,28
1.0,5,28
1.0,11,28
1.0,25,28
1.0,22,29
1.0,15,30
1.0,23,30
1.0,27,31
1.0,30,31
1.0,14,32
1.0,15,32
1.0,20,32
1.0,9,33
1.0,16,33
1.0,1,34
1.0,23,34
1.0,25,34
1.0,31,34
1.0,3,35
1.0,5,35
1.0,8,35
1.0,23,35
1.0,3,36
1.0,10,36
1.0,13,37
1.0,29,37
1.0,33,37
1.0,2,38
1.0,11,38
1.0,18,38
1.0,33,38
1.0,8,39
1.0,10,39
1.0,15,39
1.0,0,40
1.0,29,40
1.0,4,41
1.0,17,41
1.0,18,41
1.0,39,41
1.0,4,42
1.0,7,42
1.0,26,42
1.0,32,42
1.0,4,43
1.0,21,43
1.0,26,43
1.0,37,43
1.0,0,44
1.0,29,44
1.0,20,45
1.0,22,45
1.0,36,45
1.0,44,45
1.0,12,46
1.0,23,46
1.0,40,46
1.0,1,47
1.0,5,47
1.0,16,47
1.0,46,47
1.0,30,48
1.0,31,48
1.0,36,48
1.0,44,48
1.0,22,49
1.0,24,49
1.0,27,49
1.0,40,49
