1.0,0,3
1.0,0,6
1.0,3,7
1.0,5,7
1.0,6,7
1.0,2,10
1.0,9,10
1.0,7,16
1.0,4,18
1.0,14,18
1.0,16,19
1.0,13,20
1.0,14,20
1.0,8,22
1.0,11,22
1.0,21,22
1.0,19,23
1.0,0,24
1.0,3,24
1.0,8,24
1.0,1,25
1.0,2,25
1.0,11,25
1.0,4,26
1.0,18,26
1.0,19,26
1.0,5,27
1.0,11,27
1.0,15,27
1.0,21,27
1.0,5,28
1.0,16,29
1.0,17,29
1.0,23,29
1.0,1,30
1.0,16,30
1.0,14,31
1.0,30,31
1.0,13,32
1.0,21,32
1.0,2,33
1.0,6,33
1.0,8,33
1.0,20,33
1.0,19,34
1.0,24,34
1.0,30,34
1.0,2,35
1.0,3,35
1.0,12,35
1.0,5,36
1.0,9,36
1.0,10,37
1.0,17,37
1.0,28,37
1.0,12,38
1.0,26,38
1.0,31,38
1.0,36,38
1.0,9,39
1.0,10,39
1.0,14,39
1.0,15,39
1.0,15,40
1.0,34,40
1.0,4,41
1.0,11,41
1.0,17,41
1.0,22,41
1.0,18,42
1.0,29,42
1.0,40,42
1.0,8,43
1.0,12,43
1.0,23,43
1.0,25,43
1.0,0,44
1.0,9,44
1.0,17,44
1.0,32,44
1.0,6,45
1.0,15,45
1.0,28,45
1.0,35,45
1.0,4,46
1.0,23,46
1.0,28,46
1.0,36,46
1.0,12,47
1.0,21,47
1.0,32,47
1.0,40,47
1.0,1,48
1.0,13,48
1.0,20,48
1.0,42,48
1.0,1,49
1.0,13,49
1.0,31,49
1.0,37,49
