1.0,0,4
1.0,3,4
1.0,3,6
1.0,2,7
1.0,7,10
1.0,8,13
1.0,3,14
1.0,8,15
1.0,0,16
1.0,13,16
1.0,5,17
1.0,18,19
1.0,1,20
1.0,6,20
1.0,17,20
1.0,11,21
1.0,18,21
1.0,2,22
1.0,16,22
1.0,18,22
1.0,11,23
1.0,21,23
1.0,5,25
1.0,12,25
1.0,13,25
1.0,15,25
1.0,1,26
1.0,5,26
1.0,24,27
1.0,23,28
1.0,24,29
1.0,8,30
1.0,9,30
1.0,26,30
1.0,0,31
1.0,14,31
1.0,21,31
1.0,10,32
1.0,28,32
1.0,9,33
1.0,12,33
1.0,32,33
1.0,26,34
1.0,29,34
1.0,31,34
1.0,7,35
1.0,9,35
1.0,2,36
1.0,19,36
1.0,23,36
1.0,24,36
1.0,4,37
1.0,10,37
1.0,15,37
1.0,22,37
1.0,13,38
1.0,16,38
1.0,27,38
1.0,19,39
1.0,32,39
1.0,38,39
1.0,0,40
1.0,1,40
1.0,9,40
1.0,12,40
1.0,6,41
1.0,17,41
1.0,33,41
1.0,39,41
1.0,5,42
1.0,18,42
1.0,35,42
1.0,14,43
1.0,27,43
1.0,28,43
1.0,30,43
1.0,15,44
1.0,20,44
1.0,24,44
1.0,29,44
1.0,3,45
1.0,11,45
1.0,12,45
1.0,34,45
1.0,10,46
1.0,14,46
1.0,19,46
1.0,35,46
1.0,1,47
1.0,11,47
1.0,27,47
1.0,42,47
1.0,2,48
1.0,4,48
1.0,7,48
1.0,29,48
1.0,6,49
1.0,8,49
1.0,17,49
1.0,28,49
