1.0,0,3
1.0,1,5
1.0,0,9
1.0,5,9
1.0,1,10
1.0,7,11
1.0,8,11
1.0,6,12
1.0,7,14
1.0,13,14
1.0,3,16
1.0,8,16
1.0,15,16
1.0,0,17
1.0,12,17
1.0,5,19
1.0,6,20
1.0,8,21
1.0,10,22
1.0,12,22
1.0,1,23
1.0,6,23
1.0,10,23
1.0,21,23
1.0,20,24
1.0,21,24
1.0,12,25
1.0,15,25
1.0,4,27
1.0,26,27
1.0,13,28
1.0,18,28
1.0,4,29
1.0,11,29
1.0,18,29
1.0,3,30
1.0,6,30
1.0,28,30
1.0,3,31
1.0,4,32
1.0,24,32
1.0,30,32
1.0,5,33
1.0,26,33
1.0,31,33
1.0,7,34
1.0,18,34
1.0,22,34
1.0,24,34
1.0,16,35
1.0,29,35
1.0,2,36
1.0,11,36
1.0,17,36
1.0,19,36
1.0,14,37
1.0,20,37
1.0,2,38
1.0,25,38
1.0,28,38
1.0,13,39
1.0,14,39
1.0,15,39
1.0,27,39
1.0,9,40
1.0,19,40
1.0,25,40
1.0,18,41
1.0,31,41
1.0,35,41
1.0,37,41
1.0,2,42
1.0,10,42
1.0,15,42
1.0,0,43
1.0,26,43
1.0,40,43
1.0,8,44
1.0,19,44
1.0,37,44
1.0,42,44
1.0,7,45
1.0,13,45
1.0,22,45
1.0,43,45
1.0,2,46
1.0,21,46
1.0,32,46
1.0,1,47
1.0,4,47
1.0,20,47
1.0,38,47
1.0,17,48
1.0,26,48
1.0,33,48
1.0,46,48
1.0,9,49
1.0,27,49
1.0,31,49
1.0,35,49
