1.0,2,7
1.0,3,8
1.0,9,12
1.0,10,12
1.0,10,13
1.0,0,14
1.0,1,15
1.0,5,15
1.0,4,16
1.0,4,17
1.0,8,17
1.0,4,18
1.0,8,18
1.0,15,18
1.0,9,19
1.0,17,19
1.0,7,20
1.0,7,21
1.0,14,21
1.0,14,22
1.0,3,23
1.0,11,23
1.0,19,23
1.0,20,23
1.0,21,24
1.0,16,26
1.0,21,26
1.0,25,26
1.0,4,27
1.0,0,28
1.0,6,28
1.0,25,28
1.0,17,29
1.0,6,30
1.0,13,30
1.0,3,31
1.0,24,31
1.0,0,32
1.0,2,32
1.0,16,32
1.0,0,33
1.0,7,33
1.0,8,33
1.0,19,34
1.0,10,35
1.0,18,35
1.0,25,35
1.0,6,36
1.0,22,36
1.0,24,36
1.0,34,36
1.0,5,37
1.0,6,37
1.0,11,37
1.0,13,37
1.0,5,38
1.0,27,38
1.0,29,38
1.0,32,38
1.0,22,39
1.0,26,39
1.0,31,39
1.0,5,40
1.0,12,40
1.0,25,40
1.0,29,40
1.0,1,41
1.0,3,41
1.0,28,41
1.0,29,41
1.0,16,42
1.0,27,42
1.0,34,42
1.0,9,43
1.0,11,43
1.0,20,43
1.0,42,43
1.0,12,44
1.0,20,44
1.0,27,44
1.0,39,44
1.0,1,45
1.0,2,45
1.0,13,45
1.0,1,46
1.0,30,46
1.0,31,46
1.0,34,46
1.0,10,47
1.0,22,47
1.0,24,47
1.0,30,47
1.0,2,48
1.0,11,48
1.0,14,48
1.0,45,48
1.0,9,49
1.0,15,49
1.0,33,49
1.0,35,49
