1.0,2,3
1.0,0,4
1.0,1,6
1.0,2,8
1.0,1,9
1.0,7,10
1.0,5,13
1.0,6,13
1.0,4,14
1.0,7,15
1.0,9,15
1.0,14,15
1.0,4,16
1.0,2,17
1.0,12,17
1.0,1,19
1.0,12,20
1.0,13,20
1.0,14,21
1.0,10,22
1.0,12,23
1.0,21,23
1.0,7,24
1.0,17,24
1.0,0,25
1.0,5,25
1.0,19,25
1.0,5,27
1.0,8,27
1.0,5,28
1.0,7,28
1.0,16,28
1.0,24,28
1.0,0,29
1.0,8,29
1.0,16,29
1.0,27,29
1.0,3,30
1.0,10,30
1.0,19,30
1.0,3,31
1.0,6,31
1.0,24,31
1.0,10,32
1.0,11,32
1.0,18,33
1.0,25,33
1.0,26,33
1.0,27,33
1.0,12,34
1.0,4,35
1.0,22,35
1.0,23,35
1.0,34,35
1.0,21,36
1.0,26,36
1.0,32,36
1.0,34,36
1.0,11,37
1.0,22,37
1.0,32,37
1.0,14,38
1.0,26,38
1.0,18,39
1.0,3,40
1.0,11,40
1.0,34,40
1.0,8,41
1.0,22,41
1.0,16,42
1.0,38,42
1.0,39,42
1.0,13,43
1.0,15,43
1.0,39,43
1.0,41,43
1.0,17,44
1.0,18,44
1.0,39,44
1.0,40,44
1.0,9,45
1.0,18,45
1.0,30,45
1.0,42,45
1.0,1,46
1.0,6,46
1.0,19,46
1.0,23,46
1.0,20,47
1.0,26,47
1.0,37,47
1.0,41,47
1.0,0,48
1.0,2,48
1.0,9,48
1.0,38,48
1.0,11,49
1.0,20,49
1.0,21,49
1.0,31,49
