1.0,3,4
1.0,3,6
1.0,2,9
1.0,6,9
1.0,6,11
1.0,2,12
1.0,0,13
1.0,2,13
1.0,9,14
1.0,10,14
1.0,7,15
1.0,4,16
1.0,1,18
1.0,2,19
1.0,3,20
1.0,7,20
1.0,16,20
1.0,1,21
1.0,18,22
1.0,19,22
1.0,14,23
1.0,8,24
1.0,7,25
1.0,24,25
1.0,4,26
1.0,11,26
1.0,10,27
1.0,23,27
1.0,26,27
1.0,19,28
1.0,24,28
1.0,25,28
1.0,6,29
1.0,8,29
1.0,24,29
1.0,5,30
1.0,15,30
1.0,23,30
1.0,29,30
1.0,11,31
1.0,14,31
1.0,17,32
1.0,8,33
1.0,16,33
1.0,22,33
1.0,28,33
1.0,1,34
1.0,5,34
1.0,7,34
1.0,18,34
1.0,1,35
1.0,12,35
1.0,13,35
1.0,12,36
1.0,23,36
1.0,20,37
1.0,21,37
1.0,35,37
1.0,19,38
1.0,0,39
1.0,3,39
1.0,22,39
1.0,15,40
1.0,26,40
1.0,31,40
1.0,38,40
1.0,0,41
1.0,21,41
1.0,38,41
1.0,5,42
1.0,10,42
1.0,32,42
1.0,17,43
1.0,21,43
1.0,36,43
1.0,41,43
1.0,11,44
1.0,17,44
1.0,25,44
1.0,42,44
1.0,13,45
1.0,16,45
1.0,31,45
1.0,38,45
1.0,0,46
1.0,8,46
1.0,9,46
1.0,37,46
1.0,4,47
1.0,27,47
1.0,32,47
1.0,36,47
1.0,5,48
1.0,10,48
1.0,15,48
1.0,17,48
1.0,12,49
1.0,18,49
1.0,32,49
1.0,39,49
