1.0,3,7
1.0,6,7
1.0,2,8
1.0,5,8
1.0,2,9
1.0,5,9
1.0,1,11
1.0,7,12
1.0,10,12
1.0,0,13
1.0,1,13
1.0,8,13
1.0,10,14
1.0,0,15
1.0,6,15
1.0,6,17
1.0,0,18
1.0,14,20
1.0,17,20
1.0,19,21
1.0,1,22
1.0,5,23
1.0,9,23
1.0,1,24
1.0,5,24
1.0,16,24
1.0,20,24
1.0,9,25
1.0,16,25
1.0,16,26
1.0,19,26
1.0,25,26
1.0,3,27
1.0,4,27
1.0,19,28
1.0,14,29
1.0,17,29
1.0,27,29
1.0,11,30
1.0,26,30
1.0,15,31
1.0,23,31
1.0,21,32
1.0,29,32
1.0,30,33
1.0,32,33
1.0,0,34
1.0,22,34
1.0,28,34
1.0,31,34
1.0,14,35
1.0,17,35
1.0,19,35
1.0,22,35
1.0,2,36
1.0,3,36
1.0,11,36
1.0,28,37
1.0,2,38
1.0,13,38
1.0,18,38
1.0,22,38
1.0,6,39
1.0,8,39
1.0,23,39
1.0,4,40
1.0,7,40
1.0,36,40
1.0,4,41
1.0,12,41
1.0,30,42
1.0,40,42
1.0,41,42
1.0,10,43
1.0,12,43
1.0,21,43
1.0,37,43
1.0,18,44
1.0,27,44
1.0,39,44
1.0,42,44
1.0,10,45
1.0,28,45
1.0,33,45
1.0,37,45
1.0,3,46
1.0,15,46
1.0,16,46
1.0,25,46
1.0,20,47
1.0,21,47
1.0,32,47
1.0,4,48
1.0,18,48
1.0,31,48
1.0,41,48
1.0,11,49
1.0,33,49
1.0,37,49
1.0,47,49
