1.0,0,10
1.0,2,10
1.0,3,11
1.0,5,11
1.0,8,11
1.0,6,12
1.0,9,13
1.0,12,13
1.0,2,14
1.0,5,14
1.0,1,15
1.0,7,15
1.0,3,16
1.0,6,17
1.0,10,17
1.0,16,17
1.0,16,19
1.0,14,20
1.0,19,20
1.0,16,22
1.0,18,22
1.0,12,23
1.0,14,23
1.0,3,24
1.0,18,24
1.0,4,25
1.0,15,25
1.0,22,25
1.0,3,26
1.0,23,26
1.0,24,26
1.0,0,27
1.0,12,27
1.0,22,27
1.0,2,28
1.0,11,28
1.0,20,28
1.0,1,29
1.0,8,29
1.0,25,29
1.0,21,30
1.0,7,31
1.0,13,31
1.0,29,31
1.0,19,32
1.0,24,32
1.0,1,33
1.0,4,33
1.0,7,34
1.0,9,34
1.0,13,34
1.0,30,34
1.0,0,35
1.0,1,35
1.0,18,36
1.0,23,36
1.0,5,37
1.0,18,37
1.0,21,37
1.0,33,37
1.0,21,38
1.0,31,38
1.0,9,39
1.0,35,39
1.0,4,40
1.0,21,40
1.0,30,40
1.0,38,40
1.0,32,41
1.0,35,41
1.0,36,41
1.0,17,42
1.0,26,42
1.0,32,42
1.0,39,42
1.0,6,43
1.0,8,43
1.0,39,43
1.0,41,43
1.0,15,44
1.0,19,44
1.0,36,44
1.0,6,45
1.0,20,45
1.0,38,45
1.0,44,45
1.0,0,46
1.0,10,46
1.0,33,46
1.0,9,47
1.0,27,47
1.0,28,47
1.0,4,48
1.0,5,48
1.0,46,48
1.0,47,48
1.0,2,49
1.0,7,49
1.0,8,49
1.0,30,49
