1.0,1,2
1.0,1,3
1.0,0,4
1.0,4,6
1.0,2,9
1.0,0,10
1.0,9,11
1.0,11,12
1.0,2,15
1.0,3,15
1.0,12,16
1.0,0,17
1.0,7,17
1.0,5,18
1.0,2,19
1.0,13,19
1.0,8,20
1.0,9,20
1.0,10,21
1.0,19,21
1.0,15,22
1.0,22,23
1.0,12,24
1.0,21,24
1.0,1,25
1.0,6,25
1.0,8,26
1.0,13,26
1.0,18,26
1.0,8,27
1.0,3,28
1.0,5,28
1.0,20,29
1.0,21,29
1.0,17,30
1.0,29,30
1.0,7,31
1.0,24,31
1.0,27,31
1.0,7,32
1.0,13,32
1.0,8,33
1.0,14,33
1.0,16,33
1.0,1,34
1.0,4,34
1.0,5,34
1.0,6,34
1.0,12,35
1.0,14,35
1.0,22,35
1.0,7,36
1.0,20,36
1.0,26,36
1.0,33,36
1.0,15,37
1.0,22,37
1.0,27,37
1.0,32,37
1.0,9,38
1.0,5,39
1.0,6,39
1.0,10,39
1.0,25,39
1.0,3,40
1.0,23,40
1.0,38,40
1.0,13,41
1.0,17,41
1.0,18,41
1.0,11,42
1.0,18,42
1.0,4,43
1.0,28,43
1.0,35,43
1.0,38,43
1.0,16,44
1.0,29,44
1.0,41,44
1.0,42,44
1.0,24,45
1.0,27,45
1.0,28,45
1.0,40,45
1.0,0,46
1.0,19,46
1.0,30,46
1.0,42,46
1.0,23,47
1.0,25,47
1.0,32,47
1.0,38,47
1.0,10,48
1.0,14,48
1.0,23,48
1.0,31,48
1.0,11,49
1.0,14,49
1.0,16,49
1.0,30,49
