1.0,2,6
1.0,7,8
1.0,6,12
1.0,8,12
1.0,12,13
1.0,1,14
1.0,2,14
1.0,11,14
1.0,8,15
1.0,1,16
1.0,4,16
1.0,9,17
1.0,0,18
1.0,16,18
1.0,10,19
1.0,13,20
1.0,17,20
1.0,5,21
1.0,6,21
1.0,7,21
1.0,15,21
1.0,11,22
1.0,1,24
1.0,9,24
1.0,12,24
1.0,14,25
1.0,23,25
1.0,3,26
1.0,5,26
1.0,23,26
1.0,2,27
1.0,4,28
1.0,13,28
1.0,17,28
1.0,3,29
1.0,22,29
1.0,28,29
1.0,7,30
1.0,22,31
1.0,27,31
1.0,0,32
1.0,18,32
1.0,25,32
1.0,27,32
1.0,18,33
1.0,19,33
1.0,23,33
1.0,31,33
1.0,10,34
1.0,17,34
1.0,24,34
1.0,3,35
1.0,22,35
1.0,5,36
1.0,9,36
1.0,11,36
1.0,3,37
1.0,8,37
1.0,16,37
1.0,4,38
1.0,13,38
1.0,34,38
1.0,19,39
1.0,5,40
1.0,15,40
1.0,20,40
1.0,39,40
1.0,11,41
1.0,30,41
1.0,35,41
1.0,38,41
1.0,7,42
1.0,9,42
1.0,20,42
1.0,1,43
1.0,15,43
1.0,37,43
1.0,10,44
1.0,19,44
1.0,31,44
1.0,43,44
1.0,0,45
1.0,4,45
1.0,29,45
1.0,36,45
1.0,6,46
1.0,23,46
1.0,42,46
1.0,2,47
1.0,35,47
1.0,39,47
1.0,46,47
1.0,25,48
1.0,26,48
1.0,30,48
1.0,39,48
1.0,0,49
1.0,10,49
1.0,27,49
1.0,30,49
