1.0,3,5
1.0,1,6
1.0,4,6
1.0,6,9
1.0,4,10
1.0,4,13
1.0,11,13
1.0,5,14
1.0,9,14
1.0,2,15
1.0,13,15
1.0,0,16
1.0,12,16
1.0,8,17
1.0,12,17
1.0,7,18
1.0,11,18
1.0,17,18
1.0,3,19
1.0,7,19
1.0,11,19
1.0,3,20
1.0,0,21
1.0,9,21
1.0,20,23
1.0,2,24
1.0,15,24
1.0,19,24
1.0,3,25
1.0,12,25
1.0,5,26
1.0,17,26
1.0,2,27
1.0,26,27
1.0,22,29
1.0,28,29
1.0,13,30
1.0,23,30
1.0,29,30
1.0,25,31
1.0,1,32
1.0,7,32
1.0,8,32
1.0,10,32
1.0,5,33
1.0,8,33
1.0,23,34
1.0,28,34
1.0,29,34
1.0,8,35
1.0,11,35
1.0,16,35
1.0,6,36
1.0,27,36
1.0,1,37
1.0,22,37
1.0,31,37
1.0,0,38
1.0,20,38
1.0,36,38
1.0,10,39
1.0,21,39
1.0,26,39
1.0,33,39
1.0,4,40
1.0,14,40
1.0,31,40
1.0,22,41
1.0,23,41
1.0,24,41
1.0,34,41
1.0,37,42
1.0,40,42
1.0,7,43
1.0,9,43
1.0,28,43
1.0,31,43
1.0,15,44
1.0,25,44
1.0,35,44
1.0,38,44
1.0,16,45
1.0,20,45
1.0,42,45
1.0,12,46
1.0,14,46
1.0,22,46
1.0,30,46
1.0,10,47
1.0,18,47
1.0,28,47
1.0,33,47
1.0,21,48
1.0,27,48
1.0,36,48
1.0,42,48
1.0,0,49
1.0,1,49
1.0,2,49
1.0,45,49
