1.0,2,4
1.0,3,8
1.0,6,9
1.0,4,14
1.0,1,15
1.0,8,15
1.0,4,16
1.0,12,16
1.0,8,17
1.0,10,17
1.0,14,17
1.0,7,18
1.0,3,19
1.0,10,19
1.0,2,20
1.0,12,20
1.0,18,20
1.0,9,21
1.0,0,22
1.0,1,22
1.0,7,22
1.0,6,23
1.0,13,23
1.0,7,24
1.0,9,24
1.0,16,24
1.0,14,26
1.0,14,27
1.0,13,28
1.0,24,28
1.0,1,29
1.0,5,29
1.0,6,30
1.0,10,30
1.0,29,30
1.0,1,31
1.0,11,31
1.0,29,31
1.0,30,31
1.0,18,32
1.0,19,32
1.0,27,32
1.0,11,33
1.0,25,33
1.0,21,34
1.0,25,34
1.0,26,34
1.0,22,35
1.0,2,36
1.0,7,36
1.0,10,36
1.0,11,37
1.0,27,37
1.0,28,37
1.0,36,37
1.0,4,38
1.0,5,38
1.0,16,38
1.0,35,38
1.0,2,39
1.0,8,39
1.0,12,39
1.0,13,40
1.0,15,40
1.0,26,40
1.0,33,40
1.0,5,41
1.0,35,41
1.0,3,42
1.0,11,42
1.0,13,42
1.0,25,42
1.0,12,43
1.0,15,43
1.0,17,43
1.0,34,43
1.0,9,44
1.0,23,44
1.0,39,44
1.0,41,44
1.0,0,45
1.0,21,45
1.0,26,45
1.0,35,45
1.0,0,46
1.0,5,46
1.0,23,46
1.0,27,46
1.0,18,47
1.0,19,47
1.0,20,47
1.0,41,47
1.0,0,48
1.0,3,48
1.0,25,48
1.0,32,48
1.0,6,49
1.0,21,49
1.0,28,49
1.0,33,49
