1.0,0,3
1.0,2,5
1.0,0,8
1.0,6,9
1.0,1,12
1.0,11,12
1.0,7,13
1.0,10,13
1.0,2,14
1.0,0,15
1.0,10,15
1.0,15,17
1.0,7,18
1.0,8,19
1.0,2,20
1.0,16,20
1.0,18,21
1.0,19,21
1.0,11,22
1.0,12,23
1.0,14,23
1.0,5,24
1.0,14,24
1.0,13,25
1.0,22,25
1.0,24,25
1.0,1,26
1.0,2,26
1.0,19,26
1.0,8,27
1.0,22,27
1.0,23,27
1.0,26,28
1.0,10,29
1.0,17,30
1.0,4,31
1.0,28,31
1.0,30,31
1.0,3,32
1.0,9,32
1.0,11,32
1.0,18,32
1.0,5,33
1.0,12,33
1.0,20,33
1.0,1,34
1.0,10,34
1.0,20,34
1.0,4,35
1.0,16,35
1.0,18,35
1.0,31,35
1.0,16,36
1.0,22,36
1.0,30,36
1.0,3,37
1.0,4,37
1.0,6,37
1.0,9,38
1.0,23,38
1.0,34,38
1.0,7,39
1.0,14,39
1.0,25,39
1.0,30,39
1.0,1,40
1.0,17,40
1.0,33,40
1.0,6,41
1.0,16,41
1.0,28,41
1.0,5,42
1.0,21,42
1.0,24,42
1.0,3,43
1.0,6,43
1.0,9,43
1.0,38,43
1.0,11,44
1.0,29,44
1.0,36,44
1.0,7,45
1.0,27,45
1.0,44,45
1.0,15,46
1.0,19,46
1.0,21,46
1.0,42,46
1.0,4,47
1.0,8,47
1.0,13,47
1.0,45,47
1.0,0,48
1.0,17,48
1.0,29,48
1.0,40,48
1.0,28,49
1.0,29,49
1.0,37,49
1.0,41,49
