1.0,2,5
1.0,6,9
1.0,0,10
1.0,10,11
1.0,6,12
1.0,0,15
1.0,3,15
1.0,0,16
1.0,12,16
1.0,14,17
1.0,2,18
1.0,4,18
1.0,6,18
1.0,8,19
1.0,15,19
1.0,2,20
1.0,5,21
1.0,6,21
1.0,7,22
1.0,14,22
1.0,22,23
1.0,16,24
1.0,13,25
1.0,19,25
1.0,9,26
1.0,14,26
1.0,0,27
1.0,11,27
1.0,24,27
1.0,13,28
1.0,17,28
1.0,23,28
1.0,18,29
1.0,20,29
1.0,3,30
1.0,8,30
1.0,21,30
1.0,28,30
1.0,1,31
1.0,17,31
1.0,2,32
1.0,7,32
1.0,11,32
1.0,11,33
1.0,25,33
1.0,32,33
1.0,7,34
1.0,15,34
1.0,27,34
1.0,31,34
1.0,3,35
1.0,24,35
1.0,26,35
1.0,1,36
1.0,8,36
1.0,33,36
1.0,8,37
1.0,20,37
1.0,24,37
1.0,10,38
1.0,14,38
1.0,25,38
1.0,1,39
1.0,4,39
1.0,19,39
1.0,9,40
1.0,22,40
1.0,35,40
1.0,9,41
1.0,13,41
1.0,5,42
1.0,13,42
1.0,31,42
1.0,36,42
1.0,7,43
1.0,12,43
1.0,38,43
1.0,39,43
1.0,1,44
1.0,3,44
1.0,16,44
1.0,23,44
1.0,10,45
1.0,20,45
1.0,23,45
1.0,29,45
1.0,5,46
1.0,37,46
1.0,17,47
1.0,21,47
1.0,40,47
1.0,41,47
1.0,4,48
1.0,26,48
1.0,29,48
1.0,46,48
1.0,4,49
1.0,12,49
1.0,41,49
1.0,46,49
