1.0,6,7
1.0,3,9
1.0,8,10
1.0,9,12
1.0,10,12
1.0,5,13
1.0,11,13
1.0,7,17
1.0,15,17
1.0,1,18
1.0,2,18
1.0,16,19
1.0,14,20
1.0,10,21
1.0,9,22
1.0,20,22
1.0,21,22
1.0,0,23
1.0,1,23
1.0,19,23
1.0,15,24
1.0,17,25
1.0,21,25
1.0,7,26
1.0,12,26
1.0,4,27
1.0,16,27
1.0,20,27
1.0,14,28
1.0,16,28
1.0,20,28
1.0,26,28
1.0,2,29
1.0,5,29
1.0,5,30
1.0,13,30
1.0,5,31
1.0,11,31
1.0,21,31
1.0,24,31
1.0,7,32
1.0,11,32
1.0,12,32
1.0,26,32
1.0,11,33
1.0,13,33
1.0,30,33
1.0,15,34
1.0,18,34
1.0,8,35
1.0,34,35
1.0,0,36
1.0,23,36
1.0,6,37
1.0,16,37
1.0,18,37
1.0,35,37
1.0,6,38
1.0,10,38
1.0,30,38
1.0,34,38
1.0,1,39
1.0,8,39
1.0,2,40
1.0,4,40
1.0,17,40
1.0,3,41
1.0,4,41
1.0,8,41
1.0,29,41
1.0,1,42
1.0,9,42
1.0,29,42
1.0,33,42
1.0,3,43
1.0,19,43
1.0,39,43
1.0,14,44
1.0,36,44
1.0,40,44
1.0,0,45
1.0,6,45
1.0,15,45
1.0,39,45
1.0,14,46
1.0,19,46
1.0,35,46
1.0,36,46
1.0,3,47
1.0,22,47
1.0,24,47
1.0,27,47
1.0,0,48
1.0,4,48
1.0,25,48
1.0,43,48
1.0,2,49
1.0,24,49
1.0,25,49
1.0,44,49
