1.0,5,6
1.0,0,7
1.0,4,7
1.0,6,8
1.0,6,9
1.0,0,10
1.0,4,10
1.0,1,11
1.0,10,12
1.0,2,13
1.0,12,14
1.0,9,15
1.0,3,16
1.0,7,16
1.0,2,17
1.0,16,17
1.0,9,19
1.0,13,19
1.0,1,20
1.0,4,21
1.0,16,21
1.0,3,22
1.0,8,22
1.0,11,22
1.0,14,23
1.0,18,23
1.0,17,24
1.0,5,25
1.0,2,26
1.0,10,26
1.0,12,27
1.0,13,27
1.0,24,27
1.0,25,27
1.0,2,29
1.0,25,29
1.0,9,30
1.0,19,30
1.0,22,31
1.0,23,31
1.0,28,31
1.0,5,32
1.0,30,32
1.0,5,33
1.0,29,33
1.0,14,34
1.0,25,34
1.0,28,34
1.0,1,35
1.0,4,35
1.0,32,35
1.0,34,35
1.0,8,36
1.0,15,36
1.0,24,36
1.0,0,37
1.0,31,37
1.0,3,38
1.0,6,38
1.0,21,38
1.0,0,39
1.0,19,39
1.0,14,40
1.0,20,40
1.0,32,40
1.0,33,40
1.0,8,41
1.0,12,41
1.0,26,41
1.0,13,42
1.0,15,42
1.0,18,42
1.0,29,42
1.0,11,43
1.0,26,43
1.0,30,43
1.0,17,44
1.0,20,44
1.0,38,44
1.0,43,44
1.0,3,45
1.0,15,45
1.0,36,45
1.0,37,45
1.0,20,46
1.0,21,46
1.0,24,46
1.0,37,46
1.0,18,47
1.0,28,47
1.0,33,47
1.0,39,47
1.0,1,48
1.0,18,48
1.0,23,48
1.0,41,48
1.0,7,49
1.0,11,49
1.0,28,49
1.0,39,49
