1.0,1,2
1.0,0,6
1.0,3,7
1.0,4,11
1.0,1,12
1.0,2,12
1.0,5,12
1.0,5,14
1.0,10,14
1.0,13,15
1.0,3,16
1.0,15,16
1.0,2,17
1.0,15,18
1.0,1,21
1.0,11,21
1.0,16,21
1.0,7,22
1.0,11,22
1.0,19,22
1.0,18,23
1.0,19,24
1.0,6,25
1.0,7,25
1.0,14,25
1.0,22,25
1.0,20,26
1.0,23,26
1.0,4,27
1.0,17,27
1.0,5,29
1.0,24,29
1.0,1,30
1.0,6,30
1.0,12,30
1.0,19,30
1.0,18,31
1.0,29,31
1.0,9,32
1.0,27,32
1.0,29,32
1.0,8,33
1.0,9,33
1.0,13,33
1.0,19,33
1.0,2,34
1.0,10,34
1.0,24,34
1.0,26,34
1.0,23,35
1.0,7,36
1.0,15,36
1.0,20,36
1.0,3,37
1.0,13,37
1.0,31,37
1.0,8,38
1.0,27,38
1.0,28,38
1.0,13,39
1.0,31,39
1.0,35,39
1.0,37,39
1.0,0,40
1.0,4,40
1.0,28,40
1.0,4,41
1.0,8,41
1.0,14,41
1.0,28,41
1.0,0,42
1.0,9,42
1.0,20,42
1.0,8,43
1.0,18,43
1.0,24,43
1.0,40,43
1.0,9,44
1.0,11,44
1.0,17,44
1.0,35,44
1.0,0,45
1.0,23,45
1.0,32,45
1.0,42,45
1.0,10,46
1.0,16,46
1.0,28,46
1.0,3,47
1.0,17,47
1.0,20,47
1.0,26,47
1.0,10,48
1.0,21,48
1.0,35,48
1.0,36,48
1.0,5,49
1.0,6,49
1.0,38,49
1.0,46,49
