1.0,0,3
1.0,2,3
1.0,2,4
1.0,6,9
1.0,7,10
1.0,5,12
1.0,8,12
1.0,10,13
1.0,10,14
1.0,8,15
1.0,9,15
1.0,5,16
1.0,13,16
1.0,1,17
1.0,5,19
1.0,1,20
1.0,6,20
1.0,12,20
1.0,4,21
1.0,19,21
1.0,10,22
1.0,11,24
1.0,14,24
1.0,17,25
1.0,18,25
1.0,23,25
1.0,17,26
1.0,18,26
1.0,23,26
1.0,6,27
1.0,8,27
1.0,11,27
1.0,14,27
1.0,2,28
1.0,15,28
1.0,26,28
1.0,7,29
1.0,22,29
1.0,28,29
1.0,1,30
1.0,6,30
1.0,5,31
1.0,7,31
1.0,11,31
1.0,14,31
1.0,8,32
1.0,23,32
1.0,29,32
1.0,9,33
1.0,15,33
1.0,18,33
1.0,25,33
1.0,12,34
1.0,13,34
1.0,30,34
1.0,7,35
1.0,9,35
1.0,19,36
1.0,35,36
1.0,2,37
1.0,13,37
1.0,35,37
1.0,16,38
1.0,21,38
1.0,23,38
1.0,37,38
1.0,0,39
1.0,4,39
1.0,20,39
1.0,0,40
1.0,17,40
1.0,1,41
1.0,3,41
1.0,4,41
1.0,30,41
1.0,0,43
1.0,32,43
1.0,42,43
1.0,11,44
1.0,21,44
1.0,22,44
1.0,42,44
1.0,3,45
1.0,36,45
1.0,40,45
1.0,16,46
1.0,36,46
1.0,39,46
1.0,18,47
1.0,24,47
1.0,40,47
1.0,42,47
1.0,24,48
1.0,42,48
1.0,43,48
1.0,46,48
1.0,19,49
1.0,22,49
1.0,34,49
1.0,45,49
