1.0,0,1
1.0,4,8
1.0,3,9
1.0,3,10
1.0,3,11
1.0,7,12
1.0,8,13
1.0,14,15
1.0,9,16
1.0,0,18
1.0,5,18
1.0,6,19
1.0,18,19
1.0,1,21
1.0,19,21
1.0,16,22
1.0,4,23
1.0,6,24
1.0,10,24
1.0,4,25
1.0,15,25
1.0,22,25
1.0,7,26
1.0,11,26
1.0,20,26
1.0,2,27
1.0,20,27
1.0,0,28
1.0,14,28
1.0,22,28
1.0,14,29
1.0,24,29
1.0,4,30
1.0,10,30
1.0,20,30
1.0,15,31
1.0,20,31
1.0,24,31
1.0,2,32
1.0,12,32
1.0,22,32
1.0,2,33
1.0,5,33
1.0,17,34
1.0,23,34
1.0,29,34
1.0,30,34
1.0,12,35
1.0,13,35
1.0,23,35
1.0,6,36
1.0,26,36
1.0,32,36
1.0,8,37
1.0,11,37
1.0,17,37
1.0,25,37
1.0,9,38
1.0,16,38
1.0,27,38
1.0,1,39
1.0,2,39
1.0,29,39
1.0,33,39
1.0,5,40
1.0,8,40
1.0,11,41
1.0,18,41
1.0,19,41
1.0,21,41
1.0,17,42
1.0,31,42
1.0,40,42
1.0,14,43
1.0,16,43
1.0,33,43
1.0,38,43
1.0,6,44
1.0,9,44
1.0,13,44
1.0,42,44
1.0,0,45
1.0,3,45
1.0,7,45
1.0,13,45
1.0,10,46
1.0,15,46
1.0,21,46
1.0,1,47
1.0,17,47
1.0,28,47
1.0,35,47
1.0,7,48
1.0,12,48
1.0,40,48
1.0,46,48
1.0,5,49
1.0,23,49
1.0,27,49
1.0,36,49
