1.0,1,3
1.0,0,4
1.0,0,5
1.0,1,6
1.0,3,7
1.0,0,8
1.0,8,10
1.0,2,13
1.0,6,13
1.0,12,15
1.0,2,16
1.0,13,16
1.0,15,17
1.0,18,19
1.0,8,20
1.0,20,21
1.0,9,22
1.0,3,23
1.0,6,23
1.0,20,23
1.0,8,24
1.0,5,25
1.0,11,26
1.0,17,26
1.0,22,26
1.0,14,27
1.0,22,27
1.0,16,28
1.0,17,28
1.0,19,29
1.0,21,29
1.0,24,29
1.0,7,30
1.0,13,30
1.0,22,30
1.0,23,30
1.0,25,31
1.0,27,31
1.0,11,32
1.0,14,32
1.0,20,32
1.0,17,33
1.0,18,33
1.0,25,33
1.0,1,34
1.0,2,34
1.0,4,34
1.0,26,34
1.0,2,35
1.0,12,35
1.0,18,35
1.0,31,35
1.0,0,36
1.0,19,36
1.0,21,36
1.0,7,37
1.0,9,37
1.0,6,38
1.0,24,38
1.0,32,38
1.0,37,38
1.0,3,39
1.0,5,39
1.0,10,39
1.0,15,39
1.0,12,40
1.0,25,40
1.0,4,41
1.0,10,41
1.0,29,41
1.0,37,41
1.0,14,42
1.0,15,42
1.0,19,42
1.0,9,43
1.0,12,43
1.0,27,43
1.0,31,43
1.0,10,44
1.0,16,44
1.0,18,44
1.0,28,44
1.0,14,45
1.0,24,45
1.0,28,45
1.0,40,45
1.0,7,46
1.0,9,46
1.0,11,46
1.0,36,47
1.0,40,47
1.0,46,47
1.0,4,48
1.0,33,48
1.0,42,48
1.0,47,48
1.0,1,49
1.0,5,49
1.0,11,49
1.0,21,49
