1.0,1,5
1.0,8,10
1.0,8,11
1.0,0,13
1.0,2,13
1.0,5,13
1.0,6,14
1.0,12,14
1.0,10,15
1.0,0,16
1.0,2,16
1.0,10,17
1.0,7,18
1.0,0,19
1.0,0,20
1.0,3,20
1.0,7,20
1.0,11,21
1.0,15,21
1.0,16,22
1.0,3,23
1.0,14,23
1.0,1,25
1.0,19,25
1.0,22,25
1.0,2,26
1.0,19,26
1.0,16,27
1.0,21,27
1.0,8,28
1.0,14,28
1.0,15,28
1.0,9,29
1.0,17,29
1.0,22,29
1.0,23,29
1.0,9,30
1.0,26,30
1.0,6,31
1.0,11,31
1.0,13,31
1.0,17,31
1.0,11,32
1.0,23,32
1.0,8,33
1.0,17,33
1.0,6,34
1.0,20,34
1.0,4,35
1.0,9,35
1.0,10,36
1.0,35,36
1.0,3,37
1.0,4,37
1.0,24,37
1.0,33,37
1.0,1,38
1.0,4,38
1.0,6,38
1.0,32,38
1.0,9,39
1.0,30,39
1.0,36,39
1.0,18,40
1.0,24,40
1.0,25,40
1.0,34,40
1.0,5,41
1.0,21,41
1.0,32,41
1.0,35,41
1.0,3,42
1.0,26,42
1.0,28,42
1.0,36,42
1.0,7,43
1.0,19,43
1.0,30,43
1.0,33,43
1.0,1,44
1.0,5,44
1.0,7,44
1.0,34,44
1.0,12,45
1.0,18,45
1.0,4,46
1.0,15,46
1.0,39,46
1.0,12,47
1.0,22,47
1.0,45,47
1.0,46,47
1.0,2,48
1.0,18,48
1.0,24,48
1.0,27,48
1.0,12,49
1.0,24,49
1.0,27,49
1.0,45,49
