1.0,6,7
1.0,0,9
1.0,4,10
1.0,5,11
1.0,6,11
1.0,9,15
1.0,1,16
1.0,5,16
1.0,11,16
1.0,7,17
1.0,7,18
1.0,2,19
1.0,4,19
1.0,5,19
1.0,3,20
1.0,2,21
1.0,16,21
1.0,20,21
1.0,13,22
1.0,14,22
1.0,20,22
1.0,0,23
1.0,3,23
1.0,12,23
1.0,12,24
1.0,18,24
1.0,1,25
1.0,13,25
1.0,0,26
1.0,15,26
1.0,13,27
1.0,8,28
1.0,9,29
1.0,19,29
1.0,27,29
1.0,15,30
1.0,28,30
1.0,10,31
1.0,23,31
1.0,1,32
1.0,12,32
1.0,3,33
1.0,7,33
1.0,13,33
1.0,11,34
1.0,18,34
1.0,8,35
1.0,29,35
1.0,14,36
1.0,21,36
1.0,25,36
1.0,6,37
1.0,15,37
1.0,33,37
1.0,0,38
1.0,6,38
1.0,18,38
1.0,2,39
1.0,8,39
1.0,17,39
1.0,8,40
1.0,10,40
1.0,14,40
1.0,26,40
1.0,26,41
1.0,31,41
1.0,32,41
1.0,37,41
1.0,1,42
1.0,28,42
1.0,35,42
1.0,36,42
1.0,17,43
1.0,20,43
1.0,30,43
1.0,39,43
1.0,14,44
1.0,25,44
1.0,32,44
1.0,35,44
1.0,5,45
1.0,24,45
1.0,27,45
1.0,30,45
1.0,3,46
1.0,4,46
1.0,22,46
1.0,34,46
1.0,2,47
1.0,9,47
1.0,27,47
1.0,38,47
1.0,4,48
1.0,12,48
1.0,24,48
1.0,31,48
1.0,10,49
1.0,17,49
1.0,28,49
1.0,34,49
