1.0,0,4
1.0,1,5
1.0,4,6
1.0,3,9
1.0,7,9
1.0,8,11
1.0,5,12
1.0,3,15
1.0,7,15
1.0,6,16
1.0,10,16
1.0,15,16
1.0,5,17
1.0,11,17
1.0,17,18
1.0,8,19
1.0,2,20
1.0,7,20
1.0,0,21
1.0,14,21
1.0,19,21
1.0,2,22
1.0,8,22
1.0,18,22
1.0,20,22
1.0,1,23
1.0,2,23
1.0,1,24
1.0,9,24
1.0,0,25
1.0,3,25
1.0,18,26
1.0,14,27
1.0,17,27
1.0,5,28
1.0,12,29
1.0,13,30
1.0,1,31
1.0,4,31
1.0,26,31
1.0,6,32
1.0,30,32
1.0,31,32
1.0,13,33
1.0,28,33
1.0,16,34
1.0,19,34
1.0,28,34
1.0,24,35
1.0,29,35
1.0,30,35
1.0,8,36
1.0,12,36
1.0,30,36
1.0,4,37
1.0,26,37
1.0,27,37
1.0,0,38
1.0,2,38
1.0,13,38
1.0,15,39
1.0,34,39
1.0,36,39
1.0,25,40
1.0,29,40
1.0,33,40
1.0,25,41
1.0,26,41
1.0,32,41
1.0,9,42
1.0,11,42
1.0,21,42
1.0,24,42
1.0,18,43
1.0,40,43
1.0,41,43
1.0,14,44
1.0,27,44
1.0,37,44
1.0,43,44
1.0,10,45
1.0,11,45
1.0,13,45
1.0,19,45
1.0,7,46
1.0,10,46
1.0,12,46
1.0,35,46
1.0,6,47
1.0,10,47
1.0,28,47
1.0,29,47
1.0,20,48
1.0,23,48
1.0,38,48
1.0,39,48
1.0,3,49
1.0,14,49
1.0,23,49
1.0,33,49
