1.0,2,4
1.0,1,7
1.0,2,7
1.0,0,8
1.0,8,11
1.0,9,11
1.0,5,12
1.0,6,12
1.0,3,13
1.0,6,14
1.0,14,15
1.0,4,16
1.0,15,16
1.0,15,17
1.0,6,19
1.0,10,19
1.0,18,19
1.0,4,20
1.0,10,21
1.0,16,21
1.0,18,22
1.0,20,22
1.0,2,23
1.0,3,23
1.0,18,24
1.0,3,25
1.0,18,25
1.0,0,26
1.0,5,26
1.0,11,26
1.0,4,27
1.0,7,27
1.0,23,27
1.0,5,28
1.0,26,28
1.0,21,29
1.0,24,29
1.0,19,30
1.0,20,30
1.0,13,31
1.0,25,31
1.0,3,32
1.0,10,32
1.0,7,33
1.0,32,33
1.0,12,34
1.0,13,34
1.0,33,34
1.0,1,35
1.0,14,35
1.0,24,35
1.0,25,36
1.0,29,36
1.0,13,37
1.0,23,37
1.0,29,37
1.0,27,38
1.0,34,38
1.0,5,39
1.0,15,39
1.0,21,39
1.0,38,39
1.0,1,40
1.0,9,40
1.0,30,40
1.0,31,40
1.0,14,41
1.0,17,41
1.0,22,41
1.0,31,41
1.0,10,42
1.0,11,42
1.0,22,42
1.0,36,42
1.0,2,43
1.0,17,43
1.0,1,44
1.0,8,44
1.0,9,44
1.0,30,44
1.0,6,45
1.0,8,45
1.0,17,45
1.0,33,45
1.0,0,46
1.0,9,46
1.0,16,46
1.0,37,46
1.0,20,47
1.0,24,47
1.0,28,47
1.0,36,47
1.0,12,48
1.0,32,48
1.0,35,48
1.0,43,48
1.0,0,49
1.0,28,49
1.0,38,49
1.0,43,49
