1.0,0,3
1.0,4,5
1.0,5,7
1.0,6,8
1.0,5,9
1.0,4,11
1.0,6,12
1.0,7,12
1.0,10,12
1.0,3,13
1.0,10,14
1.0,8,15
1.0,12,16
1.0,2,17
1.0,16,17
1.0,17,18
1.0,1,19
1.0,6,20
1.0,14,20
1.0,15,20
1.0,0,21
1.0,1,21
1.0,19,21
1.0,2,22
1.0,15,22
1.0,8,23
1.0,14,23
1.0,15,24
1.0,23,24
1.0,1,25
1.0,2,25
1.0,7,26
1.0,17,26
1.0,23,28
1.0,25,28
1.0,27,28
1.0,19,29
1.0,3,30
1.0,18,30
1.0,19,30
1.0,0,31
1.0,29,31
1.0,30,31
1.0,5,32
1.0,11,32
1.0,18,32
1.0,2,33
1.0,9,33
1.0,21,33
1.0,7,35
1.0,10,35
1.0,34,35
1.0,14,36
1.0,28,36
1.0,8,37
1.0,9,37
1.0,27,37
1.0,29,37
1.0,20,38
1.0,27,38
1.0,9,39
1.0,11,39
1.0,25,39
1.0,36,39
1.0,1,40
1.0,22,40
1.0,27,40
1.0,34,40
1.0,3,41
1.0,11,41
1.0,13,42
1.0,18,42
1.0,31,42
1.0,4,43
1.0,24,43
1.0,36,43
1.0,10,44
1.0,16,44
1.0,22,44
1.0,26,44
1.0,0,45
1.0,26,45
1.0,32,45
1.0,43,45
1.0,4,46
1.0,13,46
1.0,29,46
1.0,41,46
1.0,13,47
1.0,34,47
1.0,38,47
1.0,41,47
1.0,6,48
1.0,16,48
1.0,34,48
1.0,38,48
1.0,24,49
1.0,33,49
1.0,35,49
1.0,42,49
