1.0,0,2
1.0,3,5
1.0,4,6
1.0,5,8
1.0,8,10
1.0,0,11
1.0,3,11
1.0,5,12
1.0,4,13
1.0,0,14
1.0,6,14
1.0,11,14
1.0,9,15
1.0,10,15
1.0,2,17
1.0,6,17
1.0,1,18
1.0,8,18
1.0,2,20
1.0,7,22
1.0,12,22
1.0,19,22
1.0,20,22
1.0,0,23
1.0,16,23
1.0,1,24
1.0,15,25
1.0,16,25
1.0,1,27
1.0,6,27
1.0,19,27
1.0,25,27
1.0,23,28
1.0,13,29
1.0,13,30
1.0,17,30
1.0,28,30
1.0,9,31
1.0,21,31
1.0,26,31
1.0,10,32
1.0,19,32
1.0,24,32
1.0,2,33
1.0,26,33
1.0,28,33
1.0,17,34
1.0,21,34
1.0,7,35
1.0,9,35
1.0,18,35
1.0,21,35
1.0,1,36
1.0,28,36
1.0,5,37
1.0,8,37
1.0,12,38
1.0,18,38
1.0,24,38
1.0,12,39
1.0,29,39
1.0,37,39
1.0,19,40
1.0,29,40
1.0,34,40
1.0,39,40
1.0,4,41
1.0,10,41
1.0,25,41
1.0,13,42
1.0,26,42
1.0,34,42
1.0,14,43
1.0,16,43
1.0,21,43
1.0,36,43
1.0,3,44
1.0,4,44
1.0,11,44
1.0,38,44
1.0,7,45
1.0,16,45
1.0,32,45
1.0,42,45
1.0,3,46
1.0,23,46
1.0,24,46
1.0,26,46
1.0,33,47
1.0,36,47
1.0,37,47
1.0,41,47
1.0,7,48
1.0,9,48
1.0,15,48
1.0,20,48
1.0,20,49
1.0,29,49
1.0,30,49
1.0,31,49
