1.0,0,2
1.0,1,2
1.0,3,4
1.0,5,6
1.0,0,8
1.0,2,8
1.0,5,10
1.0,3,11
1.0,0,12
1.0,7,13
1.0,10,14
1.0,11,14
1.0,4,16
1.0,9,16
1.0,9,17
1.0,4,18
1.0,7,18
1.0,14,19
1.0,12,20
1.0,10,21
1.0,12,21
1.0,9,22
1.0,6,23
1.0,11,24
1.0,20,25
1.0,2,26
1.0,19,26
1.0,25,26
1.0,12,27
1.0,13,27
1.0,17,27
1.0,20,27
1.0,1,28
1.0,3,28
1.0,11,28
1.0,15,29
1.0,16,29
1.0,21,30
1.0,5,31
1.0,22,31
1.0,24,31
1.0,6,32
1.0,15,32
1.0,29,32
1.0,3,33
1.0,18,33
1.0,24,33
1.0,30,33
1.0,1,34
1.0,28,34
1.0,4,35
1.0,8,35
1.0,25,35
1.0,5,36
1.0,19,36
1.0,21,36
1.0,35,36
1.0,6,37
1.0,19,37
1.0,22,38
1.0,26,38
1.0,30,38
1.0,8,39
1.0,14,39
1.0,16,39
1.0,15,40
1.0,30,40
1.0,37,40
1.0,1,41
1.0,15,41
1.0,22,41
1.0,20,42
1.0,23,42
1.0,37,42
1.0,9,43
1.0,13,43
1.0,23,43
1.0,24,43
1.0,13,44
1.0,17,44
1.0,25,44
1.0,29,44
1.0,7,45
1.0,17,45
1.0,34,45
1.0,0,46
1.0,23,46
1.0,32,46
1.0,45,46
1.0,31,47
1.0,40,47
1.0,41,47
1.0,7,48
1.0,34,48
1.0,42,48
1.0,47,48
1.0,10,49
1.0,18,49
1.0,38,49
1.0,39,49
