1.0,0,2
1.0,0,6
1.0,2,7
1.0,3,9
1.0,6,11
1.0,4,13
1.0,1,14
1.0,4,14
1.0,5,15
1.0,7,15
1.0,14,16
1.0,8,17
1.0,10,18
1.0,17,18
1.0,2,19
1.0,10,19
1.0,9,20
1.0,11,20
1.0,0,21
1.0,1,21
1.0,3,22
1.0,6,22
1.0,20,22
1.0,4,23
1.0,5,23
1.0,21,23
1.0,6,25
1.0,13,25
1.0,24,25
1.0,3,26
1.0,5,26
1.0,12,26
1.0,15,26
1.0,1,27
1.0,7,27
1.0,19,27
1.0,13,28
1.0,16,28
1.0,5,29
1.0,8,29
1.0,2,30
1.0,24,30
1.0,1,31
1.0,25,32
1.0,27,32
1.0,14,33
1.0,15,33
1.0,21,33
1.0,30,33
1.0,16,34
1.0,3,35
1.0,11,35
1.0,22,35
1.0,32,35
1.0,9,36
1.0,20,36
1.0,24,36
1.0,17,37
1.0,29,37
1.0,16,38
1.0,18,38
1.0,31,38
1.0,8,39
1.0,12,39
1.0,13,39
1.0,38,39
1.0,31,40
1.0,32,40
1.0,36,40
1.0,9,41
1.0,12,41
1.0,34,41
1.0,31,42
1.0,34,42
1.0,41,42
1.0,8,43
1.0,24,43
1.0,34,43
1.0,37,43
1.0,18,44
1.0,37,44
1.0,42,44
1.0,10,45
1.0,11,45
1.0,23,45
1.0,12,46
1.0,29,46
1.0,44,46
1.0,19,47
1.0,28,47
1.0,30,47
1.0,46,47
1.0,4,48
1.0,10,48
1.0,17,48
1.0,45,48
1.0,0,49
1.0,7,49
1.0,28,49
1.0,40,49
