1.0,1,5
1.0,6,7
1.0,6,8
1.0,5,9
1.0,0,11
1.0,7,11
1.0,0,12
1.0,11,13
1.0,2,14
1.0,11,15
1.0,2,17
1.0,16,17
1.0,12,18
1.0,15,19
1.0,2,21
1.0,4,22
1.0,10,22
1.0,4,23
1.0,7,23
1.0,8,23
1.0,20,23
1.0,0,24
1.0,1,24
1.0,8,24
1.0,14,25
1.0,17,25
1.0,9,26
1.0,19,26
1.0,20,26
1.0,5,27
1.0,8,27
1.0,12,28
1.0,24,28
1.0,27,28
1.0,18,29
1.0,21,29
1.0,28,29
1.0,15,30
1.0,13,31
1.0,27,31
1.0,1,32
1.0,3,32
1.0,18,33
1.0,19,33
1.0,6,34
1.0,22,34
1.0,1,35
1.0,9,35
1.0,18,35
1.0,32,35
1.0,30,36
1.0,33,36
1.0,3,37
1.0,20,37
1.0,25,37
1.0,29,37
1.0,19,38
1.0,20,38
1.0,30,38
1.0,15,39
1.0,25,39
1.0,4,40
1.0,10,40
1.0,12,40
1.0,21,40
1.0,4,41
1.0,9,41
1.0,10,41
1.0,17,41
1.0,14,42
1.0,16,42
1.0,21,42
1.0,39,42
1.0,3,43
1.0,30,43
1.0,31,43
1.0,13,44
1.0,26,44
1.0,31,44
1.0,36,44
1.0,3,45
1.0,22,45
1.0,32,45
1.0,38,45
1.0,7,46
1.0,16,46
1.0,36,46
1.0,43,46
1.0,0,47
1.0,2,47
1.0,14,47
1.0,39,47
1.0,6,48
1.0,16,48
1.0,33,48
1.0,34,48
1.0,5,49
1.0,10,49
1.0,13,49
1.0,34,49
