1.0,3,6
1.0,3,8
1.0,0,9
1.0,3,11
1.0,2,12
1.0,8,12
1.0,1,13
1.0,8,13
1.0,1,14
1.0,4,14
1.0,7,14
1.0,6,16
1.0,0,17
1.0,11,17
1.0,13,17
1.0,15,18
1.0,11,19
1.0,15,19
1.0,0,20
1.0,2,20
1.0,0,21
1.0,5,23
1.0,5,24
1.0,8,24
1.0,21,25
1.0,6,26
1.0,19,26
1.0,25,26
1.0,4,27
1.0,10,27
1.0,23,27
1.0,5,28
1.0,11,28
1.0,16,28
1.0,13,29
1.0,16,29
1.0,2,30
1.0,7,30
1.0,19,30
1.0,27,30
1.0,1,31
1.0,5,31
1.0,23,32
1.0,6,33
1.0,7,33
1.0,15,33
1.0,26,33
1.0,18,34
1.0,20,34
1.0,28,35
1.0,29,35
1.0,10,36
1.0,20,36
1.0,25,36
1.0,35,36
1.0,1,37
1.0,9,37
1.0,32,37
1.0,18,38
1.0,24,38
1.0,32,38
1.0,2,39
1.0,10,39
1.0,22,39
1.0,25,39
1.0,10,40
1.0,18,40
1.0,31,40
1.0,14,41
1.0,31,41
1.0,12,42
1.0,29,42
1.0,41,42
1.0,17,43
1.0,22,43
1.0,24,43
1.0,34,43
1.0,4,44
1.0,12,44
1.0,23,44
1.0,41,44
1.0,15,45
1.0,22,45
1.0,38,45
1.0,42,45
1.0,4,46
1.0,9,46
1.0,21,46
1.0,34,46
1.0,9,47
1.0,16,47
1.0,32,47
1.0,35,47
1.0,22,48
1.0,37,48
1.0,40,48
1.0,3,49
1.0,7,49
1.0,21,49
1.0,48,49
