1.0,3,4
1.0,0,6
1.0,1,6
1.0,4,8
1.0,7,8
1.0,5,9
1.0,2,10
1.0,9,11
1.0,11,12
1.0,3,15
1.0,1,16
1.0,3,17
1.0,4,17
1.0,10,17
1.0,16,17
1.0,15,18
1.0,9,19
1.0,4,20
1.0,12,20
1.0,14,20
1.0,2,21
1.0,3,21
1.0,8,22
1.0,10,22
1.0,15,22
1.0,0,23
1.0,16,25
1.0,20,25
1.0,0,27
1.0,5,27
1.0,12,27
1.0,14,27
1.0,11,28
1.0,14,28
1.0,16,28
1.0,22,28
1.0,14,29
1.0,23,29
1.0,13,30
1.0,0,31
1.0,13,31
1.0,9,32
1.0,21,32
1.0,26,32
1.0,18,33
1.0,24,33
1.0,25,33
1.0,5,34
1.0,6,34
1.0,24,34
1.0,7,35
1.0,31,35
1.0,33,35
1.0,1,36
1.0,19,36
1.0,23,36
1.0,8,37
1.0,34,37
1.0,2,38
1.0,7,38
1.0,13,38
1.0,21,38
1.0,26,39
1.0,29,39
1.0,37,39
1.0,19,40
1.0,26,40
1.0,30,40
1.0,25,41
1.0,29,41
1.0,24,42
1.0,31,42
1.0,37,42
1.0,40,42
1.0,19,43
1.0,23,43
1.0,35,43
1.0,30,44
1.0,32,44
1.0,41,44
1.0,10,45
1.0,13,45
1.0,15,45
1.0,18,45
1.0,1,46
1.0,11,46
1.0,12,46
1.0,24,46
1.0,6,47
1.0,36,47
1.0,39,47
1.0,41,47
1.0,5,48
1.0,7,48
1.0,18,48
1.0,30,48
1.0,2,49
1.0,26,49
1.0,43,49
1.0,44,49
