1.0,1,6
1.0,3,7
1.0,5,7
1.0,2,8
1.0,4,8
1.0,4,9
1.0,3,11
1.0,4,12
1.0,7,13
1.0,12,14
1.0,13,14
1.0,1,16
1.0,1,17
1.0,6,18
1.0,16,18
1.0,0,19
1.0,4,19
1.0,15,19
1.0,9,20
1.0,12,20
1.0,3,21
1.0,5,21
1.0,0,22
1.0,16,22
1.0,10,23
1.0,13,24
1.0,23,24
1.0,10,26
1.0,17,26
1.0,11,27
1.0,25,27
1.0,1,28
1.0,8,28
1.0,22,28
1.0,23,29
1.0,25,29
1.0,27,29
1.0,15,30
1.0,23,30
1.0,10,31
1.0,19,31
1.0,6,32
1.0,13,32
1.0,5,33
1.0,10,33
1.0,18,33
1.0,31,33
1.0,21,34
1.0,25,34
1.0,27,34
1.0,29,34
1.0,30,35
1.0,15,36
1.0,35,36
1.0,14,37
1.0,22,37
1.0,2,38
1.0,11,38
1.0,17,38
1.0,7,39
1.0,9,39
1.0,20,39
1.0,38,39
1.0,0,40
1.0,24,40
1.0,36,40
1.0,2,41
1.0,12,41
1.0,20,41
1.0,31,41
1.0,8,42
1.0,18,42
1.0,25,42
1.0,28,42
1.0,6,43
1.0,15,43
1.0,35,43
1.0,37,43
1.0,3,44
1.0,11,44
1.0,16,44
1.0,35,44
1.0,32,45
1.0,36,45
1.0,40,45
1.0,2,46
1.0,5,46
1.0,30,46
1.0,14,47
1.0,17,47
1.0,21,47
1.0,26,47
1.0,9,48
1.0,24,48
1.0,26,48
1.0,37,48
1.0,0,49
1.0,32,49
1.0,45,49
1.0,46,49
