1.0,1,5
1.0,1,8
1.0,1,10
1.0,6,10
1.0,9,10
1.0,9,11
1.0,4,12
1.0,0,13
1.0,3,13
1.0,6,13
1.0,8,13
1.0,0,15
1.0,2,15
1.0,14,15
1.0,0,16
1.0,1,16
1.0,4,16
1.0,7,17
1.0,7,18
1.0,6,19
1.0,17,19
1.0,6,20
1.0,14,20
1.0,15,22
1.0,20,22
1.0,2,23
1.0,22,23
1.0,21,24
1.0,17,25
1.0,23,25
1.0,18,27
1.0,25,27
1.0,5,28
1.0,9,28
1.0,3,29
1.0,12,29
1.0,2,30
1.0,18,30
1.0,11,31
1.0,20,31
1.0,22,32
1.0,24,32
1.0,27,32
1.0,30,32
1.0,4,33
1.0,10,34
1.0,11,34
1.0,12,34
1.0,4,35
1.0,5,35
1.0,24,35
1.0,28,35
1.0,3,36
1.0,8,36
1.0,26,36
1.0,7,37
1.0,21,37
1.0,26,37
1.0,34,37
1.0,8,38
1.0,21,38
1.0,33,38
1.0,7,39
1.0,17,39
1.0,33,39
1.0,38,39
1.0,21,40
1.0,29,40
1.0,30,41
1.0,33,41
1.0,5,42
1.0,14,42
1.0,23,42
1.0,18,43
1.0,19,43
1.0,27,43
1.0,0,44
1.0,2,44
1.0,29,44
1.0,31,44
1.0,12,45
1.0,19,45
1.0,26,45
1.0,42,45
1.0,16,46
1.0,24,46
1.0,25,46
1.0,40,46
1.0,14,47
1.0,26,47
1.0,40,47
1.0,41,47
1.0,28,48
1.0,31,48
1.0,36,48
1.0,43,48
1.0,3,49
1.0,9,49
1.0,11,49
1.0,41,49
