1.0,0,4
1.0,1,6
1.0,1,7
1.0,6,8
1.0,6,10
1.0,7,10
1.0,4,12
1.0,2,15
1.0,5,15
1.0,2,17
1.0,8,17
1.0,15,17
1.0,2,18
1.0,12,18
1.0,11,19
1.0,7,20
1.0,11,21
1.0,12,21
1.0,5,22
1.0,9,22
1.0,4,23
1.0,21,23
1.0,14,24
1.0,20,24
1.0,18,25
1.0,21,25
1.0,23,25
1.0,9,26
1.0,1,27
1.0,15,27
1.0,6,28
1.0,13,28
1.0,22,28
1.0,13,29
1.0,16,29
1.0,19,29
1.0,0,30
1.0,29,30
1.0,10,31
1.0,14,31
1.0,19,31
1.0,4,32
1.0,12,32
1.0,24,32
1.0,5,33
1.0,11,33
1.0,14,33
1.0,26,33
1.0,30,34
1.0,20,35
1.0,25,35
1.0,5,36
1.0,16,36
1.0,20,36
1.0,1,37
1.0,2,37
1.0,16,37
1.0,34,37
1.0,3,38
1.0,11,38
1.0,34,38
1.0,35,38
1.0,7,39
1.0,16,39
1.0,19,40
1.0,24,40
1.0,35,40
1.0,39,40
1.0,8,41
1.0,9,41
1.0,14,41
1.0,17,41
1.0,10,42
1.0,18,42
1.0,27,42
1.0,28,42
1.0,0,43
1.0,9,43
1.0,26,43
1.0,36,43
1.0,0,44
1.0,31,44
1.0,3,45
1.0,13,45
1.0,3,46
1.0,8,46
1.0,34,46
1.0,39,46
1.0,3,47
1.0,13,47
1.0,44,47
1.0,45,47
1.0,22,48
1.0,26,48
1.0,30,48
1.0,44,48
1.0,23,49
1.0,27,49
1.0,32,49
1.0,45,49
