1.0,1,2
1.0,0,5
1.0,7,10
1.0,4,11
1.0,5,13
1.0,6,13
1.0,3,14
1.0,0,15
1.0,5,15
1.0,8,15
1.0,7,16
1.0,11,16
1.0,4,17
1.0,6,18
1.0,4,20
1.0,14,20
1.0,0,21
1.0,17,21
1.0,15,22
1.0,7,23
1.0,11,23
1.0,1,24
1.0,10,24
1.0,12,24
1.0,9,25
1.0,13,26
1.0,21,26
1.0,6,27
1.0,20,27
1.0,0,28
1.0,11,28
1.0,14,28
1.0,23,28
1.0,1,29
1.0,9,29
1.0,19,29
1.0,22,29
1.0,3,30
1.0,9,30
1.0,27,30
1.0,4,31
1.0,10,31
1.0,18,31
1.0,3,32
1.0,16,32
1.0,18,32
1.0,19,33
1.0,30,33
1.0,5,34
1.0,7,34
1.0,9,34
1.0,12,34
1.0,12,35
1.0,13,36
1.0,21,36
1.0,23,36
1.0,35,36
1.0,17,37
1.0,19,37
1.0,26,37
1.0,2,38
1.0,17,38
1.0,25,38
1.0,3,39
1.0,12,39
1.0,35,39
1.0,25,40
1.0,38,40
1.0,37,41
1.0,39,41
1.0,8,42
1.0,14,42
1.0,20,42
1.0,33,42
1.0,18,43
1.0,35,43
1.0,41,43
1.0,2,44
1.0,10,44
1.0,22,44
1.0,33,44
1.0,2,45
1.0,40,45
1.0,41,45
1.0,1,46
1.0,8,46
1.0,43,46
1.0,45,46
1.0,8,47
1.0,16,47
1.0,22,47
1.0,32,47
1.0,6,48
1.0,26,48
1.0,27,48
1.0,40,48
1.0,19,49
1.0,24,49
1.0,25,49
1.0,31,49
