1.0,0,1
1.0,3,5
1.0,0,6
1.0,5,6
1.0,5,7
1.0,1,10
1.0,8,10
1.0,7,12
1.0,11,14
1.0,4,15
1.0,6,15
1.0,11,15
1.0,2,16
1.0,8,16
1.0,13,16
1.0,4,17
1.0,14,18
1.0,10,20
1.0,16,20
1.0,18,21
1.0,1,22
1.0,14,22
1.0,20,22
1.0,15,23
1.0,19,24
1.0,23,24
1.0,12,25
1.0,19,25
1.0,21,25
1.0,11,26
1.0,12,26
1.0,0,27
1.0,2,27
1.0,11,28
1.0,18,28
1.0,27,28
1.0,3,29
1.0,17,29
1.0,25,29
1.0,23,30
1.0,8,31
1.0,9,31
1.0,17,31
1.0,28,32
1.0,3,33
1.0,6,33
1.0,30,33
1.0,5,34
1.0,9,34
1.0,31,34
1.0,32,34
1.0,1,35
1.0,2,35
1.0,13,35
1.0,18,36
1.0,21,36
1.0,24,36
1.0,0,37
1.0,7,37
1.0,33,37
1.0,19,38
1.0,26,38
1.0,30,39
1.0,4,40
1.0,14,40
1.0,35,40
1.0,8,41
1.0,17,41
1.0,29,41
1.0,38,41
1.0,2,42
1.0,12,42
1.0,27,42
1.0,13,43
1.0,19,43
1.0,38,43
1.0,9,44
1.0,10,44
1.0,39,44
1.0,42,44
1.0,21,45
1.0,24,45
1.0,36,45
1.0,39,45
1.0,4,46
1.0,39,46
1.0,40,46
1.0,43,46
1.0,20,47
1.0,23,47
1.0,26,47
1.0,30,47
1.0,7,48
1.0,13,48
1.0,32,48
1.0,37,48
1.0,3,49
1.0,9,49
1.0,22,49
1.0,32,49
