1.0,3,4
1.0,2,8
1.0,1,9
1.0,1,11
1.0,9,11
1.0,4,12
1.0,10,12
1.0,6,13
1.0,7,13
1.0,0,15
1.0,3,15
1.0,0,16
1.0,4,16
1.0,13,16
1.0,4,17
1.0,10,17
1.0,2,19
1.0,7,19
1.0,18,20
1.0,7,21
1.0,11,21
1.0,15,21
1.0,0,22
1.0,5,23
1.0,16,23
1.0,22,23
1.0,12,24
1.0,18,24
1.0,0,25
1.0,22,25
1.0,14,26
1.0,20,26
1.0,1,28
1.0,14,28
1.0,21,28
1.0,6,29
1.0,27,29
1.0,15,30
1.0,10,31
1.0,17,31
1.0,20,31
1.0,19,32
1.0,23,32
1.0,25,32
1.0,5,33
1.0,12,33
1.0,1,34
1.0,26,35
1.0,28,35
1.0,29,35
1.0,33,35
1.0,18,36
1.0,25,36
1.0,17,37
1.0,30,37
1.0,34,37
1.0,36,37
1.0,9,38
1.0,10,38
1.0,30,38
1.0,36,38
1.0,14,39
1.0,24,39
1.0,34,39
1.0,5,40
1.0,29,40
1.0,7,41
1.0,27,41
1.0,40,41
1.0,3,42
1.0,6,42
1.0,13,42
1.0,20,42
1.0,14,43
1.0,27,43
1.0,33,43
1.0,6,44
1.0,8,44
1.0,27,44
1.0,40,44
1.0,3,45
1.0,9,45
1.0,22,45
1.0,34,45
1.0,2,46
1.0,18,46
1.0,24,46
1.0,41,46
1.0,8,47
1.0,11,47
1.0,26,47
1.0,31,47
1.0,2,48
1.0,5,48
1.0,32,48
1.0,39,48
1.0,8,49
1.0,19,49
1.0,30,49
1.0,43,49
