1.0,0,7
1.0,5,7
1.0,2,8
1.0,3,10
1.0,8,12
1.0,3,13
1.0,2,14
1.0,12,14
1.0,2,15
1.0,3,18
1.0,11,18
1.0,1,19
1.0,8,20
1.0,0,21
1.0,13,21
1.0,11,22
1.0,18,22
1.0,6,23
1.0,11,23
1.0,19,23
1.0,7,24
1.0,9,24
1.0,7,25
1.0,8,25
1.0,14,25
1.0,13,26
1.0,14,26
1.0,19,26
1.0,18,27
1.0,2,28
1.0,16,28
1.0,23,28
1.0,27,28
1.0,27,29
1.0,4,30
1.0,22,30
1.0,15,31
1.0,26,31
1.0,6,32
1.0,9,32
1.0,22,32
1.0,31,32
1.0,4,33
1.0,5,33
1.0,1,34
1.0,12,34
1.0,19,35
1.0,10,36
1.0,16,36
1.0,17,36
1.0,24,36
1.0,4,37
1.0,5,37
1.0,30,37
1.0,35,37
1.0,1,38
1.0,16,38
1.0,17,38
1.0,5,39
1.0,9,39
1.0,16,39
1.0,21,39
1.0,20,40
1.0,33,40
1.0,34,40
1.0,3,41
1.0,10,41
1.0,21,41
1.0,40,41
1.0,17,42
1.0,20,42
1.0,27,42
1.0,38,42
1.0,9,43
1.0,11,43
1.0,17,43
1.0,0,44
1.0,12,44
1.0,33,44
1.0,34,44
1.0,6,45
1.0,13,45
1.0,15,45
1.0,35,45
1.0,0,46
1.0,24,46
1.0,29,46
1.0,35,46
1.0,15,47
1.0,20,47
1.0,25,47
1.0,30,47
1.0,6,48
1.0,29,48
1.0,31,48
1.0,43,48
1.0,1,49
1.0,4,49
1.0,10,49
1.0,29,49
