1.0,3,4
1.0,2,5
1.0,0,6
1.0,0,7
1.0,1,9
1.0,3,12
1.0,4,12
1.0,7,12
1.0,4,14
1.0,11,15
1.0,9,16
1.0,10,16
1.0,13,16
1.0,2,17
1.0,6,18
1.0,6,19
1.0,3,20
1.0,14,21
1.0,19,22
1.0,20,22
1.0,9,23
1.0,21,23
1.0,1,24
1.0,17,24
1.0,18,24
1.0,4,25
1.0,7,25
1.0,8,25
1.0,13,26
1.0,22,26
1.0,8,28
1.0,13,28
1.0,21,28
1.0,6,29
1.0,9,29
1.0,21,29
1.0,0,30
1.0,2,30
1.0,20,30
1.0,5,31
1.0,15,32
1.0,22,32
1.0,10,33
1.0,12,33
1.0,14,34
1.0,17,34
1.0,10,35
1.0,23,35
1.0,0,36
1.0,11,36
1.0,18,36
1.0,19,37
1.0,20,37
1.0,32,37
1.0,17,38
1.0,27,38
1.0,31,38
1.0,35,38
1.0,11,39
1.0,15,39
1.0,27,39
1.0,36,39
1.0,3,40
1.0,18,40
1.0,25,40
1.0,10,41
1.0,11,41
1.0,33,41
1.0,40,41
1.0,13,42
1.0,16,42
1.0,23,42
1.0,34,42
1.0,5,43
1.0,8,43
1.0,24,43
1.0,30,43
1.0,15,44
1.0,26,44
1.0,27,44
1.0,34,44
1.0,1,45
1.0,27,45
1.0,33,45
1.0,2,46
1.0,7,46
1.0,28,46
1.0,31,46
1.0,1,47
1.0,5,47
1.0,32,47
1.0,45,47
1.0,8,48
1.0,14,48
1.0,26,48
1.0,31,48
1.0,19,49
1.0,29,49
1.0,35,49
1.0,37,49
