1.0,0,1
1.0,2,8
1.0,2,10
1.0,3,11
1.0,11,12
1.0,4,13
1.0,11,13
1.0,6,14
1.0,11,14
1.0,6,15
1.0,12,15
1.0,4,16
1.0,0,17
1.0,7,18
1.0,15,18
1.0,4,19
1.0,18,19
1.0,19,20
1.0,3,21
1.0,6,21
1.0,18,23
1.0,6,24
1.0,9,24
1.0,7,25
1.0,9,25
1.0,1,26
1.0,2,26
1.0,13,26
1.0,25,26
1.0,9,27
1.0,16,27
1.0,24,27
1.0,3,28
1.0,4,28
1.0,23,28
1.0,20,29
1.0,25,29
1.0,0,30
1.0,7,30
1.0,22,30
1.0,1,31
1.0,5,31
1.0,9,31
1.0,17,32
1.0,21,32
1.0,22,32
1.0,7,33
1.0,13,33
1.0,19,33
1.0,17,34
1.0,20,34
1.0,10,35
1.0,34,35
1.0,28,36
1.0,0,37
1.0,15,37
1.0,20,37
1.0,8,38
1.0,21,38
1.0,29,38
1.0,35,38
1.0,12,39
1.0,33,39
1.0,34,39
1.0,12,40
1.0,29,40
1.0,36,40
1.0,5,41
1.0,17,41
1.0,27,41
1.0,30,41
1.0,10,42
1.0,16,42
1.0,22,42
1.0,8,43
1.0,10,43
1.0,24,43
1.0,32,43
1.0,1,44
1.0,8,44
1.0,23,44
1.0,36,44
1.0,14,45
1.0,31,45
1.0,39,45
1.0,2,46
1.0,22,46
1.0,35,46
1.0,36,46
1.0,5,47
1.0,16,47
1.0,37,47
1.0,42,47
1.0,3,48
1.0,14,48
1.0,45,48
1.0,5,49
1.0,23,49
1.0,40,49
1.0,48,49
