1.0,3,5
1.0,4,7
1.0,6,9
1.0,7,10
1.0,2,12
1.0,11,13
1.0,3,14
1.0,11,14
1.0,13,14
1.0,5,15
1.0,8,17
1.0,3,18
1.0,1,19
1.0,13,19
1.0,1,20
1.0,13,20
1.0,15,20
1.0,16,21
1.0,20,21
1.0,6,23
1.0,22,24
1.0,1,25
1.0,23,25
1.0,6,26
1.0,16,26
1.0,3,27
1.0,9,27
1.0,15,27
1.0,12,28
1.0,15,28
1.0,18,28
1.0,26,28
1.0,4,29
1.0,2,30
1.0,19,30
1.0,18,31
1.0,26,31
1.0,29,31
1.0,21,32
1.0,22,32
1.0,17,33
1.0,23,33
1.0,11,34
1.0,17,34
1.0,25,34
1.0,30,34
1.0,0,35
1.0,7,35
1.0,10,35
1.0,21,35
1.0,4,36
1.0,14,36
1.0,31,36
1.0,2,37
1.0,6,37
1.0,10,37
1.0,12,37
1.0,0,38
1.0,24,38
1.0,32,38
1.0,8,39
1.0,16,39
1.0,29,39
1.0,1,40
1.0,7,40
1.0,9,40
1.0,25,40
1.0,4,41
1.0,5,41
1.0,11,41
1.0,18,41
1.0,8,42
1.0,10,42
1.0,22,42
1.0,0,43
1.0,2,43
1.0,19,43
1.0,8,44
1.0,23,44
1.0,24,44
1.0,33,44
1.0,17,45
1.0,24,45
1.0,33,45
1.0,38,45
1.0,0,46
1.0,22,46
1.0,43,46
1.0,5,47
1.0,30,47
1.0,39,47
1.0,46,47
1.0,9,48
1.0,27,48
1.0,32,48
1.0,42,48
1.0,12,49
1.0,16,49
1.0,29,49
1.0,36,49
