1.0,6,7
1.0,7,9
1.0,4,10
1.0,6,11
1.0,1,14
1.0,5,15
1.0,7,15
1.0,15,16
1.0,0,17
1.0,9,17
1.0,4,18
1.0,0,19
1.0,1,19
1.0,9,19
1.0,4,20
1.0,14,20
1.0,10,21
1.0,12,21
1.0,21,22
1.0,5,23
1.0,2,24
1.0,6,24
1.0,7,25
1.0,9,25
1.0,3,26
1.0,5,26
1.0,13,26
1.0,20,27
1.0,24,27
1.0,0,28
1.0,20,29
1.0,22,29
1.0,0,30
1.0,15,30
1.0,23,30
1.0,12,31
1.0,18,31
1.0,24,31
1.0,2,32
1.0,4,32
1.0,16,32
1.0,30,32
1.0,1,33
1.0,11,33
1.0,12,33
1.0,22,33
1.0,3,34
1.0,17,34
1.0,25,34
1.0,13,35
1.0,3,36
1.0,13,36
1.0,2,37
1.0,8,37
1.0,16,37
1.0,34,37
1.0,10,38
1.0,17,38
1.0,31,38
1.0,35,38
1.0,10,39
1.0,26,39
1.0,35,39
1.0,3,40
1.0,14,40
1.0,29,40
1.0,36,40
1.0,16,41
1.0,18,41
1.0,23,41
1.0,28,41
1.0,8,42
1.0,11,42
1.0,27,42
1.0,35,42
1.0,1,43
1.0,22,43
1.0,21,44
1.0,25,44
1.0,28,44
1.0,29,44
1.0,5,45
1.0,13,45
1.0,14,45
1.0,36,45
1.0,8,46
1.0,12,46
1.0,23,46
1.0,8,47
1.0,27,47
1.0,28,47
1.0,46,47
1.0,2,48
1.0,19,48
1.0,39,48
1.0,43,48
1.0,6,49
1.0,11,49
1.0,18,49
1.0,43,49
