1.0,4,5
1.0,0,7
1.0,1,8
1.0,2,9
1.0,4,9
1.0,3,10
1.0,10,12
1.0,2,13
1.0,3,14
1.0,9,14
1.0,13,14
1.0,6,15
1.0,10,16
1.0,12,16
1.0,2,17
1.0,18,19
1.0,1,20
1.0,7,20
1.0,11,20
1.0,1,22
1.0,19,22
1.0,18,23
1.0,22,23
1.0,5,24
1.0,21,24
1.0,6,25
1.0,16,25
1.0,17,25
1.0,17,26
1.0,21,26
1.0,12,27
1.0,15,27
1.0,0,28
1.0,6,28
1.0,15,28
1.0,10,29
1.0,23,30
1.0,21,31
1.0,28,31
1.0,30,31
1.0,4,32
1.0,15,32
1.0,30,32
1.0,2,33
1.0,26,33
1.0,27,33
1.0,3,34
1.0,11,34
1.0,13,34
1.0,9,35
1.0,29,35
1.0,8,36
1.0,18,36
1.0,25,36
1.0,29,36
1.0,5,37
1.0,21,37
1.0,29,37
1.0,3,38
1.0,35,38
1.0,7,39
1.0,16,39
1.0,11,40
1.0,27,40
1.0,31,40
1.0,38,40
1.0,20,41
1.0,22,41
1.0,35,41
1.0,39,41
1.0,12,42
1.0,14,42
1.0,39,42
1.0,4,43
1.0,7,43
1.0,30,43
1.0,42,43
1.0,13,44
1.0,18,44
1.0,23,44
1.0,37,44
1.0,17,45
1.0,32,45
1.0,34,45
1.0,11,46
1.0,33,46
1.0,38,46
1.0,45,46
1.0,0,47
1.0,5,47
1.0,8,47
1.0,26,47
1.0,0,48
1.0,1,48
1.0,19,48
1.0,24,48
1.0,6,49
1.0,8,49
1.0,19,49
1.0,24,49
