1.0,1,3
1.0,2,3
1.0,5,6
1.0,5,9
1.0,6,9
1.0,3,12
1.0,11,12
1.0,8,13
1.0,1,14
1.0,13,14
1.0,4,15
1.0,5,15
1.0,8,16
1.0,16,18
1.0,0,19
1.0,4,20
1.0,9,20
1.0,16,21
1.0,20,22
1.0,18,23
1.0,19,23
1.0,7,25
1.0,9,25
1.0,12,25
1.0,14,25
1.0,24,26
1.0,10,27
1.0,1,28
1.0,20,28
1.0,11,29
1.0,22,29
1.0,26,29
1.0,1,30
1.0,2,30
1.0,11,30
1.0,2,31
1.0,26,31
1.0,0,32
1.0,6,32
1.0,18,32
1.0,10,33
1.0,21,33
1.0,24,33
1.0,3,34
1.0,7,34
1.0,13,34
1.0,30,34
1.0,21,35
1.0,24,35
1.0,27,35
1.0,14,36
1.0,28,36
1.0,29,36
1.0,2,37
1.0,27,37
1.0,32,37
1.0,36,37
1.0,7,38
1.0,8,38
1.0,18,38
1.0,28,38
1.0,12,39
1.0,17,39
1.0,26,39
1.0,31,39
1.0,0,40
1.0,11,40
1.0,17,40
1.0,23,40
1.0,15,41
1.0,19,41
1.0,21,41
1.0,0,42
1.0,10,42
1.0,7,43
1.0,13,43
1.0,22,43
1.0,24,43
1.0,16,44
1.0,27,44
1.0,42,44
1.0,4,45
1.0,10,45
1.0,33,45
1.0,6,46
1.0,8,46
1.0,17,46
1.0,23,46
1.0,31,47
1.0,42,47
1.0,44,47
1.0,45,47
1.0,5,48
1.0,15,48
1.0,17,48
1.0,41,48
1.0,4,49
1.0,19,49
1.0,22,49
1.0,35,49
