1.0,0,2
1.0,0,3
1.0,4,8
1.0,5,9
1.0,6,9
1.0,0,10
1.0,5,10
1.0,5,11
1.0,2,12
1.0,10,12
1.0,3,13
1.0,8,13
1.0,11,13
1.0,1,14
1.0,8,14
1.0,5,15
1.0,4,16
1.0,12,16
1.0,16,18
1.0,0,19
1.0,6,19
1.0,15,19
1.0,9,20
1.0,15,20
1.0,1,21
1.0,7,21
1.0,4,22
1.0,6,24
1.0,17,24
1.0,22,24
1.0,23,24
1.0,1,25
1.0,4,25
1.0,18,25
1.0,11,26
1.0,7,27
1.0,18,27
1.0,1,28
1.0,2,28
1.0,19,28
1.0,22,29
1.0,14,30
1.0,21,30
1.0,3,31
1.0,8,31
1.0,3,32
1.0,18,32
1.0,29,32
1.0,7,33
1.0,20,33
1.0,26,33
1.0,23,34
1.0,27,34
1.0,10,36
1.0,35,36
1.0,12,37
1.0,29,37
1.0,35,37
1.0,2,38
1.0,14,38
1.0,27,38
1.0,7,39
1.0,30,39
1.0,33,39
1.0,11,40
1.0,21,40
1.0,26,40
1.0,17,41
1.0,22,41
1.0,25,41
1.0,31,41
1.0,17,42
1.0,36,42
1.0,15,43
1.0,32,43
1.0,34,43
1.0,42,43
1.0,13,44
1.0,26,44
1.0,35,44
1.0,36,44
1.0,17,45
1.0,29,45
1.0,31,45
1.0,38,45
1.0,16,46
1.0,20,46
1.0,23,46
1.0,40,46
1.0,28,47
1.0,34,47
1.0,35,47
1.0,6,48
1.0,9,48
1.0,30,48
1.0,42,48
1.0,23,49
1.0,37,49
1.0,39,49
1.0,47,49
