1.0,1,2
1.0,1,6
1.0,3,8
1.0,4,9
1.0,6,12
1.0,10,12
1.0,7,13
1.0,8,13
1.0,3,14
1.0,10,14
1.0,3,15
1.0,11,15
1.0,0,16
1.0,2,16
1.0,5,17
1.0,3,18
1.0,4,19
1.0,12,19
1.0,11,20
1.0,12,21
1.0,17,21
1.0,2,22
1.0,14,22
1.0,4,24
1.0,15,24
1.0,18,24
1.0,5,25
1.0,13,25
1.0,23,25
1.0,1,26
1.0,9,26
1.0,7,27
1.0,10,27
1.0,5,28
1.0,9,28
1.0,24,28
1.0,4,29
1.0,17,29
1.0,22,29
1.0,26,30
1.0,11,31
1.0,7,32
1.0,27,32
1.0,31,32
1.0,23,33
1.0,17,34
1.0,20,34
1.0,23,34
1.0,31,34
1.0,9,35
1.0,20,35
1.0,26,35
1.0,33,35
1.0,5,36
1.0,16,36
1.0,18,36
1.0,11,37
1.0,21,37
1.0,25,37
1.0,14,38
1.0,29,38
1.0,36,38
1.0,2,39
1.0,8,39
1.0,13,39
1.0,20,39
1.0,6,40
1.0,21,40
1.0,38,40
1.0,8,41
1.0,19,41
1.0,30,41
1.0,15,42
1.0,18,42
1.0,0,43
1.0,1,43
1.0,33,43
1.0,37,43
1.0,0,44
1.0,7,44
1.0,28,44
1.0,30,45
1.0,31,45
1.0,41,45
1.0,6,46
1.0,19,46
1.0,32,46
1.0,40,46
1.0,0,47
1.0,23,47
1.0,27,47
1.0,33,47
1.0,10,48
1.0,30,48
1.0,42,48
1.0,44,48
1.0,16,49
1.0,22,49
1.0,42,49
1.0,45,49
