1.0,2,5
1.0,2,6
1.0,1,7
1.0,0,9
1.0,3,12
1.0,11,12
1.0,8,13
1.0,11,13
1.0,4,14
1.0,4,15
1.0,1,17
1.0,9,17
1.0,16,17
1.0,7,19
1.0,7,20
1.0,9,20
1.0,20,21
1.0,10,22
1.0,8,23
1.0,10,23
1.0,2,24
1.0,22,24
1.0,3,25
1.0,16,25
1.0,19,25
1.0,8,26
1.0,19,26
1.0,4,27
1.0,14,27
1.0,17,27
1.0,23,27
1.0,20,28
1.0,21,28
1.0,2,30
1.0,5,30
1.0,18,30
1.0,10,31
1.0,14,31
1.0,3,32
1.0,13,32
1.0,16,32
1.0,30,32
1.0,1,33
1.0,5,33
1.0,18,33
1.0,22,33
1.0,18,34
1.0,6,35
1.0,24,35
1.0,34,35
1.0,6,36
1.0,19,36
1.0,29,36
1.0,3,37
1.0,11,37
1.0,21,37
1.0,15,38
1.0,16,38
1.0,28,38
1.0,37,38
1.0,21,39
1.0,23,39
1.0,7,40
1.0,8,40
1.0,25,40
1.0,26,40
1.0,0,41
1.0,12,41
1.0,29,41
1.0,39,41
1.0,0,42
1.0,15,42
1.0,34,42
1.0,10,43
1.0,14,43
1.0,18,43
1.0,29,43
1.0,0,44
1.0,5,44
1.0,24,44
1.0,36,44
1.0,4,45
1.0,6,45
1.0,9,45
1.0,15,45
1.0,11,46
1.0,22,46
1.0,39,46
1.0,42,46
1.0,29,47
1.0,31,47
1.0,34,47
1.0,12,48
1.0,28,48
1.0,31,48
1.0,35,48
1.0,1,49
1.0,13,49
1.0,26,49
1.0,47,49
