1.0,3,9
1.0,8,9
1.0,1,11
1.0,6,11
1.0,8,13
1.0,6,14
1.0,9,14
1.0,10,14
1.0,5,15
1.0,10,16
1.0,5,17
1.0,8,18
1.0,0,19
1.0,7,19
1.0,12,19
1.0,1,20
1.0,10,20
1.0,4,21
1.0,13,21
1.0,4,22
1.0,7,22
1.0,17,22
1.0,0,23
1.0,15,24
1.0,23,24
1.0,13,25
1.0,16,25
1.0,3,26
1.0,17,26
1.0,12,27
1.0,21,27
1.0,3,28
1.0,18,28
1.0,27,28
1.0,4,29
1.0,12,29
1.0,11,30
1.0,23,30
1.0,29,30
1.0,3,31
1.0,6,31
1.0,7,31
1.0,2,32
1.0,5,32
1.0,28,32
1.0,19,33
1.0,20,33
1.0,5,34
1.0,12,34
1.0,16,34
1.0,10,35
1.0,25,35
1.0,8,36
1.0,14,36
1.0,15,36
1.0,16,36
1.0,2,37
1.0,18,37
1.0,20,37
1.0,31,37
1.0,11,38
1.0,18,38
1.0,26,38
1.0,0,39
1.0,2,39
1.0,13,39
1.0,0,40
1.0,17,40
1.0,27,40
1.0,1,41
1.0,25,41
1.0,26,41
1.0,33,42
1.0,34,42
1.0,35,42
1.0,1,43
1.0,15,43
1.0,32,43
1.0,4,44
1.0,29,44
1.0,30,44
1.0,33,44
1.0,9,45
1.0,23,45
1.0,39,45
1.0,21,46
1.0,22,46
1.0,24,46
1.0,42,46
1.0,6,47
1.0,35,47
1.0,38,47
1.0,45,47
1.0,24,48
1.0,41,48
1.0,43,48
1.0,2,49
1.0,7,49
1.0,40,49
1.0,48,49
