1.0,0,4
1.0,3,4
1.0,1,9
1.0,6,9
1.0,7,9
1.0,2,10
1.0,9,11
1.0,7,12
1.0,6,14
1.0,12,15
1.0,10,17
1.0,16,17
1.0,6,19
1.0,13,19
1.0,0,20
1.0,2,20
1.0,7,20
1.0,5,21
1.0,12,21
1.0,2,22
1.0,17,22
1.0,19,23
1.0,22,23
1.0,1,24
1.0,6,24
1.0,17,24
1.0,0,25
1.0,16,25
1.0,0,26
1.0,5,26
1.0,8,27
1.0,11,27
1.0,15,28
1.0,18,28
1.0,21,28
1.0,23,28
1.0,1,29
1.0,20,29
1.0,16,30
1.0,5,31
1.0,8,31
1.0,13,31
1.0,15,31
1.0,3,32
1.0,14,32
1.0,15,33
1.0,18,33
1.0,27,33
1.0,29,34
1.0,29,35
1.0,30,35
1.0,26,36
1.0,32,36
1.0,18,37
1.0,35,37
1.0,3,38
1.0,13,38
1.0,21,38
1.0,36,38
1.0,19,39
1.0,23,39
1.0,36,39
1.0,37,39
1.0,1,40
1.0,16,40
1.0,25,40
1.0,2,41
1.0,26,41
1.0,30,41
1.0,35,41
1.0,7,42
1.0,11,42
1.0,27,42
1.0,3,43
1.0,10,43
1.0,14,43
1.0,8,44
1.0,10,44
1.0,11,44
1.0,25,44
1.0,4,45
1.0,12,45
1.0,18,45
1.0,34,45
1.0,13,46
1.0,22,46
1.0,34,46
1.0,40,46
1.0,5,47
1.0,8,47
1.0,14,47
1.0,24,47
1.0,33,48
1.0,34,48
1.0,37,48
1.0,42,48
1.0,4,49
1.0,30,49
1.0,32,49
1.0,43,49
