1.0,0,1
1.0,0,2
1.0,3,4
1.0,0,8
1.0,4,11
1.0,5,11
1.0,6,14
1.0,10,14
1.0,5,15
1.0,2,16
1.0,3,16
1.0,1,17
1.0,3,18
1.0,10,20
1.0,5,21
1.0,6,21
1.0,1,22
1.0,8,22
1.0,9,22
1.0,12,22
1.0,8,23
1.0,20,23
1.0,5,24
1.0,14,24
1.0,2,25
1.0,19,25
1.0,24,26
1.0,11,27
1.0,15,27
1.0,23,27
1.0,10,28
1.0,16,28
1.0,20,28
1.0,12,29
1.0,15,29
1.0,3,30
1.0,20,30
1.0,0,31
1.0,13,31
1.0,7,32
1.0,13,32
1.0,16,32
1.0,30,32
1.0,4,33
1.0,12,33
1.0,15,33
1.0,7,34
1.0,17,34
1.0,33,34
1.0,6,35
1.0,13,35
1.0,2,36
1.0,6,36
1.0,12,36
1.0,7,37
1.0,23,37
1.0,26,37
1.0,29,37
1.0,17,38
1.0,25,38
1.0,34,38
1.0,4,39
1.0,9,39
1.0,10,40
1.0,11,40
1.0,25,40
1.0,36,40
1.0,17,41
1.0,19,41
1.0,27,41
1.0,31,41
1.0,8,42
1.0,18,42
1.0,21,42
1.0,21,43
1.0,39,43
1.0,1,44
1.0,9,44
1.0,18,44
1.0,26,44
1.0,24,45
1.0,35,45
1.0,39,45
1.0,43,45
1.0,14,46
1.0,19,46
1.0,29,46
1.0,38,46
1.0,7,47
1.0,30,47
1.0,42,47
1.0,43,47
1.0,13,48
1.0,19,48
1.0,28,48
1.0,31,48
1.0,9,49
1.0,18,49
1.0,26,49
1.0,35,49
