1.0,1,5
1.0,2,5
1.0,7,9
1.0,4,11
1.0,6,11
1.0,4,13
1.0,5,13
1.0,0,14
1.0,1,14
1.0,8,15
1.0,11,15
1.0,12,16
1.0,3,18
1.0,8,19
1.0,14,20
1.0,15,20
1.0,0,21
1.0,8,21
1.0,10,21
1.0,10,22
1.0,19,23
1.0,15,24
1.0,11,25
1.0,16,25
1.0,21,25
1.0,22,25
1.0,16,26
1.0,18,26
1.0,2,27
1.0,4,27
1.0,18,27
1.0,22,27
1.0,0,28
1.0,6,28
1.0,17,28
1.0,2,29
1.0,23,29
1.0,3,30
1.0,19,30
1.0,3,31
1.0,7,31
1.0,13,31
1.0,18,32
1.0,30,32
1.0,12,33
1.0,26,33
1.0,31,33
1.0,1,34
1.0,0,35
1.0,17,35
1.0,14,36
1.0,35,36
1.0,6,37
1.0,28,37
1.0,29,37
1.0,32,37
1.0,8,38
1.0,33,38
1.0,35,38
1.0,20,39
1.0,30,39
1.0,4,40
1.0,6,40
1.0,7,40
1.0,17,40
1.0,10,41
1.0,12,41
1.0,26,41
1.0,34,41
1.0,3,42
1.0,9,42
1.0,23,42
1.0,34,42
1.0,7,43
1.0,13,43
1.0,34,43
1.0,39,43
1.0,1,44
1.0,32,44
1.0,39,44
1.0,2,45
1.0,9,45
1.0,23,45
1.0,36,45
1.0,10,46
1.0,17,46
1.0,19,46
1.0,38,46
1.0,16,47
1.0,20,47
1.0,24,47
1.0,36,47
1.0,9,48
1.0,12,48
1.0,24,48
1.0,44,48
1.0,5,49
1.0,22,49
1.0,24,49
1.0,29,49
