1.0,1,5
1.0,1,6
1.0,3,6
1.0,5,7
1.0,0,10
1.0,2,12
1.0,7,12
1.0,4,14
1.0,12,14
1.0,0,15
1.0,8,15
1.0,3,16
1.0,7,16
1.0,10,16
1.0,2,17
1.0,4,17
1.0,9,17
1.0,0,18
1.0,5,20
1.0,13,20
1.0,17,20
1.0,19,20
1.0,18,21
1.0,11,22
1.0,13,22
1.0,1,23
1.0,11,23
1.0,14,23
1.0,8,24
1.0,13,25
1.0,15,25
1.0,11,26
1.0,15,26
1.0,25,27
1.0,3,28
1.0,9,28
1.0,19,29
1.0,27,29
1.0,28,29
1.0,4,30
1.0,21,30
1.0,24,30
1.0,4,31
1.0,10,31
1.0,19,31
1.0,29,31
1.0,1,32
1.0,2,32
1.0,19,33
1.0,26,33
1.0,28,33
1.0,5,34
1.0,18,34
1.0,27,34
1.0,9,35
1.0,11,35
1.0,14,35
1.0,10,36
1.0,22,36
1.0,33,36
1.0,6,37
1.0,21,37
1.0,8,38
1.0,24,38
1.0,27,38
1.0,36,38
1.0,6,40
1.0,13,40
1.0,37,40
1.0,25,41
1.0,39,41
1.0,18,42
1.0,32,42
1.0,39,42
1.0,37,43
1.0,39,43
1.0,41,43
1.0,2,44
1.0,22,44
1.0,23,44
1.0,24,44
1.0,0,45
1.0,21,45
1.0,43,45
1.0,30,46
1.0,35,46
1.0,39,46
1.0,40,46
1.0,3,47
1.0,9,47
1.0,16,47
1.0,26,47
1.0,8,48
1.0,32,48
1.0,34,48
1.0,42,48
1.0,7,49
1.0,12,49
1.0,41,49
1.0,45,49
