1.0,1,3
1.0,5,8
1.0,6,11
1.0,6,13
1.0,4,14
1.0,7,14
1.0,11,16
1.0,7,18
1.0,8,18
1.0,16,19
1.0,1,20
1.0,11,20
1.0,0,21
1.0,8,21
1.0,13,21
1.0,20,21
1.0,3,22
1.0,4,22
1.0,0,23
1.0,23,24
1.0,23,25
1.0,9,26
1.0,7,27
1.0,10,27
1.0,2,28
1.0,10,28
1.0,26,28
1.0,0,29
1.0,27,29
1.0,5,30
1.0,7,30
1.0,15,30
1.0,5,31
1.0,17,31
1.0,24,31
1.0,30,31
1.0,6,32
1.0,15,32
1.0,17,32
1.0,19,32
1.0,9,33
1.0,12,33
1.0,16,33
1.0,9,34
1.0,12,34
1.0,25,34
1.0,10,35
1.0,12,35
1.0,20,35
1.0,33,35
1.0,2,36
1.0,13,36
1.0,15,36
1.0,34,36
1.0,11,37
1.0,15,37
1.0,29,37
1.0,0,38
1.0,1,38
1.0,2,38
1.0,14,39
1.0,24,39
1.0,25,39
1.0,18,40
1.0,19,40
1.0,27,40
1.0,38,40
1.0,9,41
1.0,24,41
1.0,13,42
1.0,16,42
1.0,28,42
1.0,5,43
1.0,6,43
1.0,14,43
1.0,42,43
1.0,3,44
1.0,8,44
1.0,22,44
1.0,26,44
1.0,22,45
1.0,26,45
1.0,37,45
1.0,39,45
1.0,2,46
1.0,3,46
1.0,4,46
1.0,41,46
1.0,1,47
1.0,12,47
1.0,17,47
1.0,19,47
1.0,4,48
1.0,25,48
1.0,29,48
1.0,41,48
1.0,10,49
1.0,17,49
1.0,18,49
1.0,23,49
