1.0,0,4
1.0,0,7
1.0,1,8
1.0,0,9
1.0,8,11
1.0,1,12
1.0,7,13
1.0,8,13
1.0,11,13
1.0,8,15
1.0,4,16
1.0,10,16
1.0,10,17
1.0,12,18
1.0,4,19
1.0,14,19
1.0,2,21
1.0,10,21
1.0,20,21
1.0,23,24
1.0,2,25
1.0,9,25
1.0,19,25
1.0,23,25
1.0,1,26
1.0,4,26
1.0,9,26
1.0,5,27
1.0,22,27
1.0,3,28
1.0,11,28
1.0,13,28
1.0,17,28
1.0,15,30
1.0,16,30
1.0,17,30
1.0,1,31
1.0,17,31
1.0,18,31
1.0,2,32
1.0,21,32
1.0,22,32
1.0,15,33
1.0,27,33
1.0,3,34
1.0,12,34
1.0,14,34
1.0,32,34
1.0,6,35
1.0,30,35
1.0,3,36
1.0,5,36
1.0,10,36
1.0,15,36
1.0,5,37
1.0,6,37
1.0,24,37
1.0,2,38
1.0,16,38
1.0,20,38
1.0,14,39
1.0,29,39
1.0,33,39
1.0,35,39
1.0,3,40
1.0,5,40
1.0,11,40
1.0,6,41
1.0,38,41
1.0,7,42
1.0,12,42
1.0,26,42
1.0,29,42
1.0,0,43
1.0,27,43
1.0,29,43
1.0,31,43
1.0,6,44
1.0,18,44
1.0,20,44
1.0,23,44
1.0,23,45
1.0,29,45
1.0,35,45
1.0,41,45
1.0,9,46
1.0,22,46
1.0,33,46
1.0,18,47
1.0,20,47
1.0,22,47
1.0,46,47
1.0,7,48
1.0,19,48
1.0,24,48
1.0,41,48
1.0,14,49
1.0,24,49
1.0,37,49
1.0,40,49
