1.0,0,1
1.0,1,2
1.0,3,4
1.0,0,5
1.0,5,7
1.0,0,8
1.0,6,8
1.0,3,10
1.0,9,10
1.0,2,11
1.0,3,14
1.0,2,15
1.0,13,15
1.0,5,19
1.0,14,19
1.0,19,20
1.0,11,22
1.0,12,22
1.0,21,22
1.0,6,23
1.0,18,23
1.0,10,24
1.0,16,24
1.0,6,25
1.0,16,25
1.0,20,25
1.0,15,26
1.0,16,26
1.0,21,26
1.0,3,27
1.0,17,27
1.0,18,27
1.0,2,28
1.0,8,28
1.0,11,28
1.0,5,29
1.0,7,29
1.0,23,29
1.0,8,30
1.0,10,30
1.0,12,30
1.0,24,31
1.0,25,31
1.0,6,32
1.0,19,32
1.0,21,32
1.0,29,32
1.0,11,33
1.0,12,33
1.0,24,34
1.0,27,34
1.0,33,34
1.0,1,36
1.0,4,36
1.0,22,36
1.0,28,36
1.0,13,37
1.0,14,37
1.0,17,37
1.0,34,37
1.0,13,38
1.0,17,38
1.0,18,38
1.0,20,39
1.0,35,39
1.0,38,39
1.0,7,40
1.0,21,40
1.0,9,41
1.0,14,41
1.0,39,41
1.0,16,42
1.0,17,42
1.0,31,42
1.0,1,43
1.0,4,43
1.0,23,43
1.0,35,43
1.0,20,44
1.0,35,44
1.0,13,45
1.0,15,45
1.0,30,45
1.0,33,45
1.0,0,46
1.0,9,46
1.0,40,46
1.0,44,46
1.0,9,47
1.0,26,47
1.0,31,47
1.0,41,47
1.0,7,48
1.0,12,48
1.0,35,48
1.0,42,48
1.0,4,49
1.0,18,49
1.0,40,49
1.0,44,49
