1.0,1,4
1.0,1,11
1.0,6,12
1.0,12,13
1.0,8,14
1.0,11,16
1.0,14,16
1.0,0,18
1.0,5,18
1.0,8,18
1.0,4,19
1.0,16,19
1.0,19,20
1.0,9,21
1.0,14,21
1.0,18,21
1.0,9,22
1.0,19,22
1.0,3,24
1.0,13,24
1.0,2,25
1.0,7,25
1.0,24,25
1.0,2,26
1.0,9,26
1.0,17,26
1.0,5,27
1.0,17,27
1.0,8,28
1.0,27,28
1.0,7,29
1.0,15,29
1.0,22,29
1.0,23,29
1.0,3,30
1.0,6,30
1.0,10,30
1.0,23,30
1.0,6,31
1.0,7,31
1.0,10,31
1.0,11,32
1.0,15,32
1.0,21,32
1.0,13,33
1.0,17,33
1.0,8,34
1.0,13,34
1.0,17,34
1.0,1,35
1.0,22,35
1.0,24,35
1.0,31,35
1.0,0,36
1.0,23,36
1.0,27,36
1.0,16,37
1.0,20,37
1.0,32,37
1.0,4,38
1.0,28,38
1.0,33,38
1.0,3,39
1.0,20,39
1.0,38,39
1.0,2,40
1.0,3,40
1.0,6,40
1.0,23,40
1.0,4,41
1.0,25,41
1.0,33,41
1.0,36,41
1.0,0,42
1.0,5,42
1.0,9,42
1.0,5,43
1.0,15,43
1.0,37,43
1.0,10,44
1.0,12,44
1.0,15,44
1.0,26,44
1.0,14,45
1.0,2,46
1.0,11,46
1.0,34,46
1.0,45,46
1.0,1,47
1.0,10,47
1.0,28,47
1.0,45,47
1.0,7,48
1.0,12,48
1.0,42,48
1.0,43,48
1.0,0,49
1.0,20,49
1.0,39,49
1.0,45,49
