1.0,3,5
1.0,4,7
1.0,1,8
1.0,6,8
1.0,2,9
1.0,7,9
1.0,8,10
1.0,9,11
1.0,4,13
1.0,11,14
1.0,12,14
1.0,10,15
1.0,12,15
1.0,2,16
1.0,1,19
1.0,6,20
1.0,13,20
1.0,1,21
1.0,10,21
1.0,12,22
1.0,16,23
1.0,22,23
1.0,2,24
1.0,13,24
1.0,8,25
1.0,15,25
1.0,23,26
1.0,0,27
1.0,3,27
1.0,6,27
1.0,24,27
1.0,18,28
1.0,21,28
1.0,22,28
1.0,14,29
1.0,26,29
1.0,7,30
1.0,16,30
1.0,26,30
1.0,5,31
1.0,21,31
1.0,29,31
1.0,13,32
1.0,18,32
1.0,12,33
1.0,15,33
1.0,20,33
1.0,17,34
1.0,19,34
1.0,25,34
1.0,33,34
1.0,6,35
1.0,18,35
1.0,3,36
1.0,10,36
1.0,11,36
1.0,19,36
1.0,0,37
1.0,30,37
1.0,0,38
1.0,5,38
1.0,35,38
1.0,18,39
1.0,22,39
1.0,23,39
1.0,2,40
1.0,24,40
1.0,32,40
1.0,38,40
1.0,5,41
1.0,37,41
1.0,4,42
1.0,26,42
1.0,37,42
1.0,41,42
1.0,1,43
1.0,17,43
1.0,29,43
1.0,32,43
1.0,17,44
1.0,28,44
1.0,3,45
1.0,14,45
1.0,19,45
1.0,44,45
1.0,4,46
1.0,16,46
1.0,20,46
1.0,25,47
1.0,31,47
1.0,35,47
1.0,39,47
1.0,0,48
1.0,7,48
1.0,9,48
1.0,11,48
1.0,17,49
1.0,41,49
1.0,44,49
1.0,46,49
