1.0,4,5
1.0,0,6
1.0,7,9
1.0,11,12
1.0,11,13
1.0,2,14
1.0,9,15
1.0,11,15
1.0,13,15
1.0,7,17
1.0,8,17
1.0,1,18
1.0,10,18
1.0,1,19
1.0,18,19
1.0,14,20
1.0,18,20
1.0,1,21
1.0,6,21
1.0,13,22
1.0,4,23
1.0,6,24
1.0,12,24
1.0,2,25
1.0,13,25
1.0,20,25
1.0,22,26
1.0,7,27
1.0,17,27
1.0,19,28
1.0,20,28
1.0,0,29
1.0,14,29
1.0,24,29
1.0,28,29
1.0,2,30
1.0,16,30
1.0,3,31
1.0,16,31
1.0,21,31
1.0,26,31
1.0,12,32
1.0,4,33
1.0,8,33
1.0,3,34
1.0,14,34
1.0,25,34
1.0,27,34
1.0,3,35
1.0,9,35
1.0,10,35
1.0,10,36
1.0,16,36
1.0,22,36
1.0,17,37
1.0,27,37
1.0,30,37
1.0,32,37
1.0,1,38
1.0,4,38
1.0,32,38
1.0,5,39
1.0,16,39
1.0,21,39
1.0,33,39
1.0,3,40
1.0,5,40
1.0,7,40
1.0,23,40
1.0,2,41
1.0,22,41
1.0,33,41
1.0,8,42
1.0,41,42
1.0,9,43
1.0,35,43
1.0,0,44
1.0,30,44
1.0,38,44
1.0,42,44
1.0,12,45
1.0,26,45
1.0,28,45
1.0,36,45
1.0,0,46
1.0,6,46
1.0,11,46
1.0,43,46
1.0,19,47
1.0,24,47
1.0,26,47
1.0,32,47
1.0,5,48
1.0,15,48
1.0,23,48
1.0,43,48
1.0,8,49
1.0,10,49
1.0,23,49
1.0,42,49
