1.0,2,5
1.0,5,8
1.0,6,8
1.0,5,10
1.0,1,12
1.0,4,14
1.0,11,14
1.0,13,16
1.0,5,17
1.0,1,19
1.0,4,19
1.0,18,20
1.0,17,21
1.0,13,22
1.0,4,23
1.0,10,23
1.0,15,23
1.0,0,24
1.0,3,24
1.0,8,25
1.0,18,25
1.0,16,26
1.0,22,26
1.0,6,27
1.0,19,27
1.0,2,28
1.0,3,28
1.0,13,28
1.0,20,28
1.0,12,29
1.0,14,29
1.0,7,30
1.0,19,30
1.0,23,30
1.0,27,30
1.0,1,31
1.0,9,31
1.0,24,31
1.0,2,32
1.0,6,32
1.0,9,32
1.0,4,33
1.0,13,33
1.0,24,33
1.0,0,34
1.0,11,34
1.0,16,34
1.0,2,35
1.0,3,35
1.0,10,35
1.0,27,35
1.0,1,36
1.0,21,36
1.0,26,36
1.0,9,37
1.0,11,37
1.0,16,37
1.0,18,38
1.0,22,38
1.0,25,38
1.0,21,39
1.0,29,39
1.0,34,39
1.0,11,40
1.0,12,40
1.0,14,40
1.0,7,41
1.0,15,41
1.0,21,41
1.0,9,42
1.0,17,42
1.0,26,42
1.0,32,42
1.0,7,43
1.0,8,43
1.0,38,43
1.0,3,44
1.0,7,44
1.0,17,44
1.0,33,44
1.0,15,45
1.0,18,45
1.0,25,45
1.0,37,45
1.0,0,46
1.0,20,46
1.0,31,46
1.0,43,46
1.0,0,47
1.0,36,47
1.0,39,47
1.0,41,47
1.0,6,48
1.0,10,48
1.0,20,48
1.0,40,48
1.0,12,49
1.0,15,49
1.0,22,49
1.0,29,49
