1.0,3,6
1.0,1,7
1.0,1,9
1.0,4,9
1.0,0,10
1.0,3,10
1.0,2,11
1.0,5,11
1.0,8,11
1.0,7,12
1.0,2,14
1.0,4,14
1.0,10,14
1.0,4,16
1.0,2,17
1.0,11,17
1.0,13,17
1.0,9,18
1.0,16,18
1.0,12,19
1.0,0,20
1.0,15,20
1.0,8,21
1.0,18,22
1.0,21,23
1.0,8,24
1.0,13,24
1.0,21,25
1.0,24,25
1.0,19,26
1.0,5,27
1.0,7,27
1.0,17,27
1.0,3,28
1.0,13,28
1.0,3,29
1.0,5,29
1.0,1,30
1.0,25,30
1.0,19,31
1.0,22,31
1.0,19,32
1.0,26,32
1.0,29,32
1.0,31,32
1.0,6,33
1.0,15,33
1.0,31,33
1.0,6,34
1.0,15,34
1.0,33,34
1.0,14,35
1.0,22,35
1.0,25,35
1.0,20,36
1.0,22,36
1.0,24,36
1.0,21,37
1.0,9,38
1.0,12,38
1.0,27,38
1.0,37,38
1.0,10,39
1.0,15,39
1.0,28,39
1.0,0,40
1.0,5,40
1.0,18,40
1.0,28,40
1.0,2,41
1.0,30,41
1.0,0,42
1.0,16,42
1.0,35,42
1.0,36,42
1.0,7,43
1.0,20,43
1.0,37,43
1.0,41,43
1.0,4,44
1.0,26,44
1.0,29,44
1.0,1,45
1.0,12,45
1.0,23,45
1.0,44,45
1.0,8,46
1.0,23,46
1.0,39,46
1.0,6,47
1.0,13,47
1.0,37,47
1.0,46,47
1.0,23,48
1.0,26,48
1.0,30,48
1.0,16,49
1.0,34,49
1.0,41,49
1.0,48,49
