0.024094310524527707,1,7
0.8010551449181886,5,8
0.1241890127157469,7,9
0.0491718221481211,0,14
0.8907696748195567,3,16
0.8398907896025322,10,16
0.5641848519912193,5,19
0.5475146896778691,16,19
0.6918572875342215,1,20
0.11716604842787648,10,20
0.29112215301979427,10,21
0.5336600074808578,12,22
0.2794235399691639,13,22
0.9772642076169137,6,23
0.0012432395277788277,23,26
0.09940363694051435,6,27
0.8153958590001539,18,27
0.9255515917648327,26,27
0.29800429780190274,24,28
0.3438753675415538,15,29
0.5892167646241558,17,29
0.6057357024361697,21,30
0.08725304891274233,2,31
0.08039768305290484,18,31
0.11406795780290624,11,32
0.4127689061712634,21,33
0.32630095794698266,32,33
0.1993200843257663,17,34
0.4408314844038338,15,35
0.6246024738693848,24,35
0.19852090963358837,4,37
0.08401162105436388,33,37
0.8557176841095734,2,38
0.4428243641902858,26,39
0.19528661269490233,36,39
0.5369075382673993,37,39
0.9127834021026238,28,40
0.3277260730851096,5,41
0.6387500014503368,38,41
0.7759441251768742,40,41
0.7675180540873912,1,42
0.21100502806555133,14,42
0.965257357324024,25,42
0.138227024723224,3,43
0.2786995683894037,25,44
0.22645170482462018,38,44
0.259388525136942,34,45
0.2602435459689283,36,45
0.9418941527940101,7,46
0.3254409305171959,24,46
0.8255859228330473,12,47
0.2671882107649258,14,47
0.7164679715291713,19,47
0.6820050160336559,13,48
0.555283671818307,30,48
0.008197858843363659,4,49
0.4271555619245734,44,49
0.9836615941923371,8,50
0.6347986523078352,28,50
0.15952167914835935,32,50
0.43047012103110294,11,51
0.660404340974917,36,51
0.41896413197987814,48,51
0.9725641606703476,6,53
0.28117388999844684,18,53
0.8053175847115641,9,54
0.09129206813404434,34,54
0.8227247785328092,49,54
0.16456888863621066,52,55
0.556720727516645,25,56
0.7441186612404135,52,56
0.6771419489824775,43,57
0.3019902866486732,52,57
0.3477368477058109,3,58
0.4447209694919755,55,58
0.8403841370820818,2,59
0.6791272484455955,30,59
0.3925126197056482,31,59
0.11907881640750706,0,60
0.6539185473018911,29,60
0.5193104575885515,23,61
0.26282318928652604,53,61
0.15201190137687914,58,61
0.5920407556271403,4,62
0.03904379451062445,40,62
0.5816438472438956,46,62
0.8050245353412276,13,63
0.3882534608120506,22,63
0.5702762508836267,11,64
0.8157123449755957,43,64
0.40859565403196674,56,64
0.9894764460236303,9,65
0.774617177055425,45,65
0.6953429428029302,55,65
0.3641283484132992,17,66
0.7024905929590008,60,66
0.7434447269076069,8,67
0.3211901705171226,12,67
0.48416022651675117,20,67
0.3932710232252806,0,68
0.14381107418198968,57,68
0.3212115100176862,63,68
0.11604055879014974,15,69
0.6608679811368401,35,69
0.8025607099234905,66,69
