1.0,1,3
1.0,2,4
1.0,3,7
1.0,4,7
1.0,0,10
1.0,1,10
1.0,5,14
1.0,12,15
1.0,13,16
1.0,5,17
1.0,9,18
1.0,16,18
1.0,0,20
1.0,8,20
1.0,0,23
1.0,18,23
1.0,6,24
1.0,21,24
1.0,8,25
1.0,22,25
1.0,5,26
1.0,9,27
1.0,11,27
1.0,2,28
1.0,4,28
1.0,25,29
1.0,6,30
1.0,11,30
1.0,13,31
1.0,14,32
1.0,20,32
1.0,3,33
1.0,26,33
1.0,15,34
1.0,32,34
1.0,19,35
1.0,21,35
1.0,14,36
1.0,16,36
1.0,26,36
1.0,17,37
1.0,35,37
1.0,7,38
1.0,19,38
1.0,27,38
1.0,1,39
1.0,8,40
1.0,12,40
1.0,29,40
1.0,12,41
1.0,17,41
1.0,29,41
1.0,13,42
1.0,31,42
1.0,34,42
1.0,2,43
1.0,6,43
1.0,19,43
1.0,9,44
1.0,23,44
1.0,22,45
1.0,24,45
1.0,33,45
1.0,10,46
1.0,31,46
1.0,39,46
1.0,15,47
1.0,28,47
1.0,30,47
1.0,22,48
1.0,37,48
1.0,44,48
1.0,11,49
1.0,21,49
1.0,39,49
