0.47804228605416277,7,8
0.36194530375050715,3,9
0.26954267350294658,6,11
0.83553298671957377,0,13
0.40182352560766654,1,13
0.74817068735743919,10,13
0.17088892932781252,12,15
0.31963309285292918,10,16
0.56903941718734785,8,17
0.43431371236729122,14,17
0.22947293750897557,2,18
0.26783146205009467,16,18
0.73714750024802678,14,19
0.44630949857720648,14,20
0.11086111020600542,7,22
0.43099488917144668,19,23
0.93926510232155691,22,23
0.94896366984361691,9,24
0.91960812271649284,12,24
0.11788363094261223,0,25
0.18740027093110068,7,26
0.35926174348057205,21,26
0.54121140692354963,25,27
0.27634485172368883,2,28
0.047292298493043283,4,28
0.088414313452771287,26,29
0.74115531105570298,28,29
0.27102408796774335,21,30
0.42814427663928278,27,30
0.62702287082536767,0,31
0.32393973884514304,1,31
0.2020455089827079,5,31
0.043808269829040736,11,32
0.97906754692308318,27,32
0.0026189795393735116,1,33
0.63075703984202214,4,33
0.62186786165644869,16,34
0.94767240467099545,25,34
0.12975563350967312,15,35
0.27153777752074904,29,35
0.74005683698736946,32,35
0.0095156662636631806,6,36
0.11196366205608344,24,36
0.53633869743171114,5,37
0.74528689277968385,36,37
0.81501393185866067,18,38
0.28910557087326805,3,39
0.063863741516149153,6,39
0.22485726635037406,15,39
0.53981309566038205,9,40
0.64049486732502026,19,40
0.11615018343514238,30,40
0.44784180412977881,4,41
0.38742541482144166,20,41
0.9438303161133661,38,41
0.27474245578948209,11,42
0.30067061575489895,23,42
0.5971980928364411,20,43
0.74657404771092917,33,43
0.62057887262714218,5,44
0.71382143578382318,34,44
0.25422764491292027,2,45
0.33491757753831741,42,45
0.73704939957122384,43,45
0.44018684716732237,8,46
0.80149223236195699,10,46
0.78184041643008007,44,46
0.010492596248243946,3,47
0.81301193440819974,17,47
0.70131304147851914,22,47
0.56848995356247034,12,48
0.32666653217991037,37,48
0.13873435155570035,21,49
0.46736877895726536,38,49
0.56115212547828963,48,49
