0.010739993704177997,3,4
0.27953247331258513,0,8
0.47064559952122575,5,8
0.45252956502300834,4,10
0.42004379687360338,9,10
0.4163790285045248,9,11
0.064096356873658777,2,13
0.41244601828126759,12,13
0.33361294119738216,4,15
0.23797755128340681,6,18
0.40887268005726685,2,19
0.42863041516261047,14,19
0.73255952450667039,13,20
0.49523082017208919,7,21
0.52990649778393561,16,21
0.99925668895521014,17,22
0.84205629012790828,21,22
0.022347897030729147,17,24
0.47906915095779923,6,25
0.81757279336765543,7,25
0.95727619762483618,22,26
0.22881599104261252,12,27
0.17023418314868188,14,28
0.41232732326579014,7,29
0.60884618982846683,1,30
0.38720766824865249,28,30
0.3760026128194609,2,31
0.29097130533589377,9,31
0.98878225847850487,29,31
0.54695984764605887,18,32
0.3540667105700338,25,33
0.1398693863736189,0,34
0.055416092572369013,16,34
0.6042691058212929,32,34
0.23733062845922592,3,35
0.22814812074375834,15,35
0.65079911891310183,28,35
0.57922147765816412,5,36
0.50318615183400894,24,36
0.81570392554646298,17,37
0.23706259574202893,23,37
0.56349944717980904,29,37
0.066962081530701822,8,38
0.61311027370481064,16,38
0.31955001978256181,5,39
0.33930436037465128,6,39
0.53599678919093008,11,40
0.033613916409256706,24,40
0.54170223888550673,27,40
0.19000784726979258,11,41
0.85592347689684556,33,41
0.85649605546254914,38,41
0.72185757675088857,10,42
0.30266161974847849,18,42
0.21023400951742177,26,42
0.63881158301102325,1,43
0.50694432885262086,20,43
0.0816218981788569,27,43
0.45366111374491935,0,44
0.49288784422533549,20,44
0.012875729612818132,33,44
0.84579083079741979,15,45
0.88643710457797942,30,45
0.97588368912137446,23,46
0.42695878747060145,32,46
0.21495614915156258,39,46
0.89515328847871578,3,47
0.27013743691196457,12,47
0.52960223211190638,19,47
0.096031418121074186,1,48
0.18367449092095611,26,48
0.13677105824364977,45,48
0.17024476577514369,14,49
0.9435693913530071,23,49
0.82493626224993011,36,49
