0.10721719167108856,0,5
0.66712656761934641,2,6
0.074480263867467977,8,9
0.78177933205344008,7,13
0.94797178386907666,8,13
0.024521473680253592,0,14
0.94211523592123048,13,15
0.15980143833679206,1,16
0.67569285930837331,12,16
0.63949949933630679,4,18
0.5555520372333318,1,19
0.26807426582516547,7,20
0.031638996391072483,16,21
0.49278730115805691,3,22
0.18935129522333427,10,22
0.75244884400368339,17,22
0.75497431021400629,3,23
0.45617077077188517,10,23
0.18964673599946025,5,24
0.98156877781895635,8,24
0.20698999161067988,9,25
0.94156086486496693,0,26
0.29041741275530775,21,26
0.94474293473557791,4,27
0.048630563694963658,7,27
0.50855272151865971,12,27
0.65869866757169671,4,28
0.96003954656061485,14,28
0.96331801228611025,18,30
0.11778842752456042,9,31
0.038389448401991877,25,31
0.17959662295011858,12,32
0.25115765415144664,15,33
0.041537740909305398,23,33
0.98343187019234346,6,34
0.96778532889490099,17,34
0.7139188260494681,2,35
0.091107618625714704,3,35
0.39845393848817467,29,35
0.63077146869869982,17,36
0.99856168663132971,18,36
0.14748550238134361,11,37
0.42574408158044474,19,37
0.93304315492449752,30,37
0.85502022742933881,2,38
0.74517503761481252,29,39
0.32615262776549359,1,40
0.043329091891949778,32,40
0.58678984037188098,34,40
0.37918030492796173,29,41
0.71492899133558796,30,41
0.20988815822390494,10,42
0.092872630620487451,14,42
0.13664348479783095,19,42
0.27212866053708551,25,43
0.15910499329278294,33,43
0.3114829277039437,41,43
0.75559908039671542,6,44
0.064180823149474042,38,44
0.99098158327072061,39,44
0.8756454769723675,20,45
0.56269801096646077,24,45
0.92109558100693012,32,45
0.96381372983689173,15,46
0.064872814634630904,31,46
0.3535353462164037,39,46
0.98111425516320017,11,47
0.308022834103721,36,47
0.97290226811102076,38,47
0.16316190069710834,11,48
0.78762690849202954,20,48
0.39025742548393638,28,48
0.59078129642179678,5,49
0.88847602146448845,21,49
0.79294829899442942,26,49
