0.5325519865549373,3,9
0.37172091966320109,2,10
0.5482058209430275,0,11
0.18171134672984035,5,11
0.13564099786822925,8,12
0.93873240749858433,0,15
0.38468709265596257,7,15
0.25468752880752021,7,16
0.33735101759890063,2,17
0.30975947644630342,10,18
0.12271294410456923,1,20
0.16046742657946023,18,21
0.74577009685994877,1,22
0.43326632008352572,5,23
0.95457242916312146,6,24
0.51751075493876575,19,25
0.83813050309863601,18,26
0.10563672083501574,3,27
0.50143434433006673,7,27
0.30539066006034066,14,27
0.4907515065812168,0,28
0.53872151572867721,16,28
0.86305718448731494,2,29
0.17262204253122204,26,29
0.6813230567494889,28,29
0.62417454169513076,21,30
0.33543489524497194,23,30
0.39582752238368135,3,31
0.58793283013076048,13,32
0.065687267155140949,25,32
0.32464143125207578,5,33
0.54542006026434142,8,33
0.7896236559651828,19,33
0.46825035332694942,1,34
0.12118783722423332,4,34
0.91593127670436114,17,34
0.40408672879202123,4,35
0.93709587607683442,25,35
0.70791159707257956,30,35
0.81556346344723829,8,36
0.48253142696463525,20,37
0.42653572157616526,22,37
0.5493520540315403,26,37
0.92535921397858878,16,38
0.0052569883684228103,24,38
0.88990418806200278,31,38
0.064659075458689541,6,39
0.020950256531176992,15,39
0.50019527053725565,19,39
0.73462282925541078,9,40
0.10817826316759638,12,40
0.17173765784654671,6,41
0.1678068865715886,13,41
0.65736744747500642,13,42
0.55266194133693192,23,42
0.9548201391040414,36,42
0.33797109264822756,9,43
0.386015747888659,10,43
0.32342810756889762,32,43
0.32816363986022823,11,44
0.86272012346164928,12,44
0.63644270456862473,20,44
0.51994924678898335,17,45
0.64455224559829716,21,46
0.86424283023026405,22,46
0.56418913798054404,45,46
0.47358573794020575,14,47
0.090657911457013962,36,47
0.25518401346529762,40,47
0.42514142477966554,31,48
0.72898976189238673,41,48
0.12845810877622232,45,48
0.80859144266505467,4,49
0.90001819704386665,14,49
0.20112274404747443,24,49
