1.0,0,1
1.0,6,8
1.0,2,10
1.0,12,14
1.0,4,15
1.0,9,15
1.0,7,16
1.0,10,17
1.0,3,18
1.0,3,19
1.0,8,19
1.0,18,19
1.0,5,21
1.0,10,21
1.0,20,22
1.0,0,23
1.0,11,23
1.0,1,24
1.0,14,24
1.0,22,24
1.0,9,25
1.0,0,26
1.0,2,26
1.0,14,27
1.0,6,28
1.0,12,29
1.0,18,29
1.0,28,30
1.0,6,31
1.0,30,31
1.0,12,32
1.0,16,32
1.0,26,32
1.0,23,33
1.0,25,34
1.0,33,34
1.0,13,35
1.0,17,35
1.0,31,35
1.0,8,36
1.0,27,36
1.0,16,37
1.0,27,37
1.0,15,38
1.0,37,38
1.0,3,39
1.0,4,39
1.0,13,39
1.0,1,40
1.0,4,40
1.0,25,40
1.0,5,41
1.0,28,41
1.0,34,41
1.0,2,42
1.0,9,42
1.0,21,43
1.0,29,43
1.0,42,43
1.0,17,44
1.0,20,44
1.0,36,44
1.0,7,45
1.0,11,45
1.0,5,46
1.0,7,46
1.0,33,46
1.0,11,47
1.0,22,47
1.0,30,47
1.0,13,48
1.0,20,48
1.0,38,49
1.0,45,49
1.0,48,49
