1.0,1,5
1.0,3,8
1.0,9,11
1.0,14,15
1.0,9,16
1.0,15,18
1.0,16,18
1.0,3,19
1.0,12,19
1.0,10,20
1.0,3,21
1.0,4,21
1.0,6,21
1.0,7,22
1.0,12,22
1.0,11,23
1.0,13,23
1.0,10,24
1.0,10,25
1.0,13,25
1.0,14,25
1.0,17,26
1.0,2,27
1.0,6,28
1.0,8,28
1.0,9,28
1.0,15,29
1.0,20,29
1.0,20,30
1.0,0,31
1.0,26,31
1.0,2,32
1.0,17,32
1.0,12,33
1.0,19,33
1.0,27,33
1.0,16,34
1.0,31,34
1.0,1,35
1.0,7,35
1.0,8,35
1.0,22,37
1.0,26,37
1.0,5,38
1.0,6,38
1.0,17,38
1.0,29,39
1.0,30,39
1.0,37,39
1.0,23,40
1.0,24,41
1.0,30,41
1.0,40,41
1.0,0,42
1.0,24,42
1.0,36,42
1.0,0,43
1.0,34,43
1.0,36,43
1.0,7,44
1.0,36,44
1.0,13,45
1.0,14,45
1.0,32,45
1.0,18,46
1.0,40,46
1.0,4,47
1.0,27,47
1.0,44,47
1.0,1,48
1.0,2,48
1.0,5,48
1.0,4,49
1.0,11,49
1.0,46,49
