0.75842657316576589,2,7
0.6735743732994135,1,9
0.80157344106683071,4,11
0.36982597200734446,6,14
0.9132199268400838,5,15
0.087785459765530427,5,16
0.0056945932338441363,7,17
0.45823186427731522,9,18
0.89130221768770246,13,18
0.61542212501977922,3,19
0.026589406851326602,9,20
0.33048655969713103,12,20
0.36044349502314776,12,21
0.99470805686907271,4,22
0.49244375484553238,15,23
0.095395804812804186,15,24
0.2263902854879859,22,24
0.56695701966983192,7,25
0.37043291475989326,16,25
0.38545161219038204,0,26
0.77121974030336604,18,26
0.42623899953501054,20,26
0.67855436556423432,3,27
0.0064893446941455268,8,27
0.23498561777017324,13,27
0.5528369737158686,10,28
0.09216686604143276,23,28
0.62352488832546193,11,29
0.49400937090873442,17,29
0.87280844232015475,0,31
0.070687395287245325,4,31
0.75742620037206088,8,32
0.035086004325844411,25,32
0.65539661073036037,5,33
0.49916921817516002,2,34
0.0069641036162556569,14,34
0.26402393289742454,30,34
0.34580334661351542,0,35
0.13837153221864551,2,35
0.11646326945043695,12,35
0.15612490653147471,6,36
0.45407327168997746,33,36
0.91371025286559859,3,37
0.89665125806934409,21,37
0.67772085290304585,1,38
0.48592481992484959,11,38
0.55106787887165609,37,38
0.70927537296956744,10,39
0.31012489341712279,29,39
0.39570126681223383,16,40
0.91607010088652441,32,40
0.6244220251819429,10,41
0.66867413578763291,19,41
0.29935445735376465,8,42
0.28890092987630278,30,42
0.8044707712757051,13,43
0.51984810832761819,22,43
0.68887938106080404,42,43
0.84910823265188584,19,44
0.66374884909000498,28,44
0.85201326836678448,41,44
0.38878254097665232,1,45
0.39475364662809387,6,45
0.13461173041803576,14,45
0.77130006235056969,17,46
0.17163123392081869,24,46
0.53438532832124597,39,46
0.75020414966151205,23,47
0.20099922824211813,30,47
0.87319724648974006,31,47
0.20828542843308828,36,48
0.8378115093751114,40,48
0.39716597067894255,21,49
0.64432219100926602,33,49
0.27162615804199353,48,49
