0.90486993478913669,2,4
0.18461550123019843,2,6
0.16786437682485567,6,7
0.81910662924669186,0,9
0.70377295476937107,4,10
0.44212946590131841,3,11
0.16890574841986283,0,13
0.98983556936661576,8,14
0.072334994545720566,10,16
0.55065969328414444,16,17
0.69484576104211115,5,18
0.28363210904033054,12,18
0.7379773780920541,5,20
0.078279372745463816,19,20
0.53457229140216866,8,21
0.99175952253536603,6,24
0.18850778516073574,11,24
0.42464114413901699,13,24
0.62308166923353403,21,25
0.35823497367106405,14,26
0.46955115849058959,15,26
0.74933679997271063,7,27
0.81692796646942178,10,27
0.88563026762556962,1,28
0.6322157432536647,8,28
0.65913293753324842,12,28
0.31557424834028636,23,29
0.49204398444061426,5,30
0.71150270503880031,9,30
0.16126525183789919,3,31
0.77167885166589079,26,32
0.70499507871447631,25,33
0.098641542201226451,31,33
0.22759591894810238,9,34
0.36516723777133842,33,34
0.8113770149569246,1,35
0.53157138358273415,23,35
0.13187977573671783,4,36
0.11966334136294987,32,36
0.75932333298853061,14,37
0.12152721562763202,27,37
0.70825020352597112,19,38
0.83490637178393323,30,38
0.65163794663482588,17,39
0.78762254464052328,20,39
0.15399566207201798,22,39
0.38927772881776745,11,40
0.98254250143382138,12,40
0.14493534590407342,17,40
0.015323680716345045,13,41
0.39709299581802082,31,41
0.6342487109713919,22,42
0.54605064656669733,36,42
0.20813954899470988,38,42
0.31151069802328191,16,43
0.44977011167498326,22,43
0.77657533170644022,41,43
0.66513306003471773,2,44
0.52173568989160946,15,44
0.58480952924593665,32,44
0.0082240722662486609,21,45
0.38359049258077615,25,45
0.21165228425964888,34,45
0.38263401956513221,7,46
0.049718994478378575,19,46
0.60415148256145901,35,46
0.60858251243774231,18,47
0.24426999242746328,23,47
0.61510053669422293,29,47
0.95943119184252412,1,48
0.41740775143569464,29,48
0.28444009451486518,37,48
0.12751372910312464,0,49
0.60576847042702708,3,49
0.47227725297576395,15,49
