0.33647701120581885,0,2
0.48491538784964039,1,6
0.045475562776529421,1,7
0.49789019322833894,0,9
0.027032765795995561,4,10
0.81750896724380073,9,12
0.88587140982487966,5,13
0.89379678408486463,10,13
0.40450624270105551,7,15
0.35023411784231795,8,16
0.44498413752830002,2,17
0.87741384087667862,8,17
0.96402970375254049,3,18
0.77888127557766396,6,19
0.51181546709528036,7,19
0.04872221255901743,15,19
0.16387411371070693,11,20
0.6357552872134582,21,22
0.87785417666651944,11,23
0.46580142590291418,8,25
0.35297576351695514,16,27
0.87177821233957931,4,28
0.31325219277825478,12,28
0.1084288130666563,21,30
0.56668668841648573,22,30
0.93564856945588826,29,30
0.22510551441473625,0,31
0.79719303385126961,18,31
0.70890967323519671,3,32
0.087831294605655086,16,32
0.85331305969166349,23,32
0.54040334005583945,13,33
0.92949527683204258,26,33
0.14042377435087061,2,34
0.43490361695760937,12,34
0.83871304607236286,21,34
0.008940956679486578,14,35
0.27313715592374788,28,35
0.084844628434341374,31,35
0.46924208735508455,14,36
0.052350936031727913,25,36
0.49105340777441842,29,36
0.68702004183782095,26,37
0.43157011450000959,27,37
0.84419611082329638,1,38
0.33853098373553914,5,38
0.0063620369234195229,26,39
0.93956713146565685,38,39
0.22657764782271861,3,40
0.92511469529903134,24,41
0.98105791353022853,29,41
0.43882088306912359,37,41
0.15781338775395171,24,42
0.95822714009796661,27,42
0.13886424029104527,17,43
0.57331662042253029,33,43
0.49755213105549578,40,43
0.9594111972105176,10,44
0.01272888087198909,23,44
0.47974388831455339,42,44
0.52524894917021159,4,45
0.85689442139882832,9,45
0.41644243470965869,22,45
0.26028076633454833,15,46
0.64645899106107718,20,46
0.27538648542594912,40,46
0.38507748765319594,24,47
0.59806564020395847,25,47
0.61936802977913707,39,47
0.4405068401136123,5,48
0.29971259668952788,6,48
0.5951637166716699,14,48
0.2842647062910939,11,49
0.54559648305103181,18,49
0.25105014868279762,20,49
