0.25319573884550672,0,4
0.70250244511477811,1,6
0.90081588648734456,13,14
0.53016557579448498,12,15
0.98147478126566901,14,15
0.30061453770813429,7,17
0.83534239848368097,15,17
0.99338076032765044,3,18
0.77642976766345106,16,18
0.069483716770867732,8,19
0.40296994571216893,6,20
0.41420733220899131,11,20
0.65015777804101804,10,21
0.64634428788584786,3,22
0.55077565010258545,19,22
0.24794798676812524,7,23
0.2451538194212306,0,24
0.56603495677312288,5,24
0.93152785851897302,16,25
0.92262714305670956,18,25
0.22792835716388093,4,26
0.70162750830122433,4,28
0.13161658103759255,20,28
0.1461823213278165,22,28
0.26645461979021889,1,29
0.26938442091099113,2,30
0.63889220492659127,24,30
0.47545107876776072,8,31
0.59160507290378084,21,31
0.94181918538187515,27,31
0.32987181456067394,9,32
0.73805387894321006,12,32
0.64718590736424952,26,32
0.0072897176280892761,8,33
0.77771106783922639,16,33
0.8537581581254251,5,34
0.55431660237446523,12,34
0.39075967687452573,9,35
0.27797492823166037,10,35
0.23929969291881537,6,36
0.83336733104945615,33,37
0.25528264306996706,36,37
0.27065672002800056,11,38
0.42570069554467571,29,38
0.84793007267815235,34,38
0.49027124586191251,2,39
0.48799661514395398,7,39
0.44777307239455466,29,39
0.22766349130959862,25,40
0.96527069978216751,36,40
0.87015476127198765,2,41
0.55291962765178893,19,41
0.14419725698059793,9,42
0.29087053028019105,21,42
0.53287711271820948,27,42
0.76818838574903159,14,43
0.64802474968100376,27,43
0.11766920098278433,30,43
0.64503577427836356,13,44
0.33946339263831826,35,44
0.37648502941844109,37,44
0.3325156187932351,5,45
0.033348621025768854,11,45
0.36825876762769671,23,45
0.38250214780556446,13,46
0.60902994034779168,41,46
0.64541959883627609,1,47
0.6405067744615357,23,47
0.061463032352084612,26,47
0.34294548351947274,0,48
0.78199866702235366,10,48
0.79948606073810946,17,48
0.30247286212491209,3,49
0.69054343379532901,40,49
0.17905397983883931,46,49
