0.66570928827414544,3,7
0.78147594444439983,7,8
0.11486535974269185,0,9
0.86166475727027236,5,10
0.90077490790196812,12,13
0.72219870357536509,2,16
0.94518150442885251,6,18
0.74941950420113546,13,18
0.30994049577715077,1,19
0.2245777953985616,2,19
0.72231067182827713,16,19
0.23891550894500013,3,20
0.288124351018757,4,21
0.73218923084528365,6,21
0.29587138626744547,11,22
0.1542052527645158,4,23
0.85625592752763435,7,23
0.051740593634795995,0,24
0.41483266425979293,11,24
0.82367199489149212,0,25
0.96570681323124063,5,25
0.47335280675367619,24,25
0.46187982102787317,9,26
0.32776099746350296,15,26
0.31140672668654901,5,27
0.43705924664400686,20,27
0.99660550006344417,23,27
0.085147909876787775,10,28
0.34042259188478974,3,29
0.12916189745106599,15,30
0.71832260619308819,21,30
0.19564950290082417,1,31
0.27875885720230209,1,32
0.42041327882455082,17,33
0.33606639828819262,28,33
0.027960600822048209,28,34
0.024941291715294689,31,34
0.91128375890238977,15,35
0.43879052139190533,34,35
0.71702901631982308,2,36
0.85269211827232017,8,36
0.35421462966924766,33,36
0.41210094202109071,22,37
0.71997658449395285,14,38
0.35591963699550377,37,38
0.50512281016872917,6,39
0.25463533757968282,29,39
0.40394973014161883,26,40
0.050352119339010959,37,40
0.23111907649170194,8,41
0.62521276358481048,20,41
0.46084728233464156,35,41
0.2444532036503847,17,42
0.064749178526816609,32,42
0.62253010552289456,14,43
0.71712604639123245,16,43
0.45376745778685612,39,43
0.42727924009571983,22,44
0.84876550538725093,38,44
0.70764113083733282,42,44
0.40714550697073815,13,45
0.93989189976398091,18,45
0.89149116102857606,40,45
0.84756999334682093,10,46
0.57628899141711809,14,46
0.85353537037865856,30,46
0.74437645542131226,4,47
0.55035295921187066,11,47
0.79445263234326047,12,47
0.60372797524803734,9,48
0.89645558783783041,31,48
0.5937060737890052,32,48
0.89615984764525758,12,49
0.72174924347204361,17,49
0.80858736789199448,29,49
