0.27985278452960682,2,7
0.93941187565318363,0,9
0.76324942022015085,7,11
0.33861024081306867,3,12
0.30648280251632498,2,13
0.25425563624129299,5,13
0.58554191535997602,0,15
0.77680565900603049,12,15
0.49868746055595414,4,16
0.088771730006001803,1,17
0.47954038157187306,6,18
0.94483986008102505,16,19
0.16678946191700839,8,20
0.12496301060093595,10,21
0.41724377159711434,19,21
0.092993766737457628,6,22
0.11486903445193575,9,23
0.32526728115520831,20,23
0.24040382950693395,5,24
0.10212854775541524,18,24
0.98720794460644401,23,25
0.058550323056815068,7,26
0.29875706231632959,22,27
0.11875312386734438,5,28
0.2922718395077375,13,28
0.071364655866601789,26,28
0.0062648040201047639,17,29
0.72033403672670138,20,29
0.23278892047679545,10,30
0.88796923951120144,17,31
0.39053820203788758,22,31
0.31967156022638588,14,33
0.97687735429575562,32,33
0.41499551874660645,2,34
0.49912681894571942,29,34
0.86485435635449959,30,35
0.9140973693604969,9,36
0.17169481724117952,11,36
0.80574881205089444,32,36
0.25434879657890574,3,37
0.66829996667259783,35,37
0.83962623710196105,19,38
0.27397925560832392,25,38
0.70920057101092526,27,38
0.34523898588482771,4,39
0.54021253478154729,12,39
0.52024512410120538,8,40
0.54147742570146296,14,40
0.29679642533920692,21,40
0.21881010240853582,1,41
0.92177726960360429,3,41
0.54277230250344444,26,41
0.21795189360412737,6,42
0.07369016150809049,14,42
0.60037985137480954,18,42
0.017538902562823866,0,43
0.49475752794148942,8,43
0.8400319832716967,33,43
0.078568733202103891,11,44
0.99179493586258605,15,44
0.83862270995907762,25,44
0.89854650346870746,27,45
0.3293692264828999,35,45
0.28876404951324952,39,45
0.79298285124256473,1,46
0.97135362487216792,30,46
0.4303068356336609,32,46
0.64994604880921936,10,47
0.39002536274550115,34,47
0.13484692070550031,4,48
0.37177029347411994,31,48
0.38676786600115665,37,48
0.3358853641850964,16,49
0.084840014389900298,24,49
0.41999514718513475,47,49
