1.0,4,6
1.0,2,9
1.0,3,10
1.0,5,10
1.0,1,11
1.0,2,11
1.0,8,14
1.0,12,14
1.0,6,15
1.0,0,16
1.0,6,16
1.0,1,18
1.0,2,18
1.0,14,19
1.0,0,20
1.0,5,20
1.0,3,23
1.0,1,25
1.0,5,25
1.0,10,25
1.0,7,26
1.0,15,26
1.0,19,27
1.0,26,27
1.0,8,28
1.0,13,29
1.0,16,29
1.0,8,30
1.0,22,30
1.0,23,30
1.0,17,31
1.0,21,31
1.0,4,32
1.0,7,32
1.0,9,32
1.0,18,33
1.0,11,34
1.0,12,34
1.0,9,35
1.0,31,35
1.0,17,36
1.0,28,36
1.0,35,36
1.0,7,37
1.0,22,37
1.0,21,38
1.0,27,38
1.0,38,39
1.0,17,40
1.0,37,40
1.0,28,41
1.0,33,41
1.0,20,42
1.0,40,42
1.0,0,43
1.0,12,43
1.0,34,43
1.0,4,44
1.0,24,44
1.0,42,44
1.0,19,45
1.0,24,45
1.0,33,45
1.0,15,46
1.0,22,46
1.0,23,46
1.0,3,47
1.0,13,47
1.0,39,47
1.0,21,48
1.0,24,48
1.0,41,48
1.0,13,49
1.0,29,49
1.0,39,49
