0.1607310163153397,3,4
0.24610757764068858,8,9
0.19161269774328438,5,10
0.21099296905394793,6,10
0.1929835877313304,6,11
0.64753418443922151,8,11
0.059892390330553491,5,12
0.40012882825421303,7,13
0.37977561824310124,10,13
0.73962056179240232,1,14
0.011982426445804384,0,15
0.92135489099206214,2,15
0.85522517801585851,7,16
0.041998549439660859,11,16
0.14945053403774899,5,17
0.27500698612059671,1,19
0.89385564367698389,13,19
0.17468541361096157,16,20
0.80215207976489411,2,21
0.19230905574045665,9,23
0.14464991224408341,14,23
0.14489862533149711,7,24
0.58360046410383526,21,25
0.37237331615986602,8,26
0.16061818858478316,25,26
0.61165178999140857,12,27
0.7973918336321264,18,28
0.59042733143990955,26,28
0.9713939402150551,6,29
0.022912939343072036,12,29
0.048696537082912217,15,29
0.53644198996654624,27,30
0.62280430232536743,4,31
0.392618607880304,19,32
0.36922243829550228,28,32
0.78151759656160102,24,33
0.81668431487097215,24,34
0.18823050552167064,31,34
0.48630796610034444,2,35
0.30322818098264137,21,36
0.45832350549245526,33,36
0.5565940973179575,0,37
0.46272404537370559,30,37
0.37736574679908896,25,38
0.95673247091775693,30,38
0.33624207091151159,32,38
0.21128133833188345,17,39
0.061936832755401849,23,39
0.78181873009882374,33,39
0.75539670530178693,9,40
0.66971742849796356,18,40
0.71000237853393655,22,40
0.0081969464647584367,1,41
0.86396822805424078,27,41
0.64915189945229312,3,42
0.13668115260038549,41,42
0.87833202843439062,18,43
0.038246498436758536,31,43
0.81359681234182446,35,43
0.36903233352746712,4,44
0.44778725853645129,14,44
0.3918102912723278,34,45
0.73614766420296052,36,45
0.80072651661219174,37,45
0.63315845259867631,0,46
0.5197610395498764,22,46
0.91805390852315027,35,46
0.1352503374156635,17,47
0.95513343710271481,20,47
0.80528618786201767,20,48
0.66591985325983827,42,48
0.2800877755334138,44,48
0.34548207104353978,3,49
0.70827093410767195,22,49
0.15485769179193154,47,49
