1.0,0,5
1.0,5,6
1.0,1,7
1.0,2,7
1.0,10,11
1.0,0,12
1.0,5,14
1.0,2,15
1.0,3,17
1.0,10,17
1.0,3,18
1.0,9,18
1.0,0,19
1.0,9,19
1.0,11,21
1.0,9,22
1.0,16,22
1.0,1,23
1.0,6,23
1.0,15,23
1.0,16,25
1.0,1,26
1.0,25,26
1.0,15,27
1.0,13,28
1.0,18,28
1.0,21,28
1.0,21,29
1.0,12,30
1.0,27,30
1.0,8,31
1.0,13,32
1.0,24,32
1.0,30,32
1.0,8,33
1.0,20,33
1.0,24,33
1.0,29,34
1.0,19,35
1.0,20,35
1.0,14,36
1.0,29,36
1.0,4,38
1.0,12,38
1.0,36,38
1.0,6,39
1.0,17,39
1.0,22,40
1.0,24,40
1.0,26,40
1.0,20,41
1.0,37,41
1.0,13,42
1.0,31,42
1.0,39,42
1.0,34,43
1.0,41,43
1.0,7,44
1.0,10,44
1.0,37,44
1.0,8,45
1.0,31,45
1.0,34,45
1.0,4,46
1.0,16,46
1.0,35,46
1.0,3,47
1.0,4,47
1.0,11,47
1.0,14,48
1.0,37,48
1.0,43,48
1.0,2,49
1.0,25,49
1.0,27,49
