0.64190217165569863,5,8
0.31163789157490873,3,10
0.24696897482431124,4,14
0.082893802712028397,12,14
0.37895170609846507,2,15
0.91786710426489404,6,15
0.1369339454000319,13,15
0.17056768727508675,9,18
0.57567767984832863,1,19
0.71704233043019927,9,19
0.76287825010869037,8,20
0.54198363787187143,9,20
0.12903603111296147,2,21
0.15668124452290899,17,22
0.17032241346187682,0,23
0.20526929759305645,1,23
0.61724606764669299,4,24
0.78662821793012272,7,24
0.91816125078707822,14,25
0.61566076806634906,22,25
0.37450003365250562,12,26
0.12070053926860891,25,26
0.870950621558504,7,27
0.95810766511168877,12,27
0.50612384933029353,13,28
0.60201480875584656,7,29
0.66238608439614766,18,29
0.85109946680578263,0,30
0.49330379630298415,28,30
0.7946431030477602,10,31
0.83957168277900529,24,31
0.11122316813740951,26,31
0.34834023241194734,8,32
0.85293745954730671,11,32
0.44616505743705515,20,33
0.046669850208279073,32,33
0.79373325637548597,30,34
0.093869753876765105,2,35
0.77342304522326832,33,35
0.92109685969603661,16,36
0.5619114906237449,10,37
0.66120719022325836,17,37
0.2807761780459811,18,38
0.32952009846560071,21,38
0.49252630533438746,6,39
0.6736905694289067,16,39
0.35994873740406752,34,39
0.94564877021968907,0,40
0.025361995741985499,36,40
0.44431808030878484,3,41
0.57349789409391483,5,41
0.75130187266328285,4,42
0.96710028065294429,5,42
0.060818256219698386,16,42
0.79773601732880683,17,43
0.99888138684706085,23,43
0.13215403306023055,29,43
0.9920057358996105,11,44
0.92853352030986347,28,44
0.078045157616014493,34,44
0.64992356472159629,1,45
0.27490576550278123,22,45
0.80450149950850769,38,45
0.50213842748738213,3,46
0.059680361152379402,13,46
0.94826023083220845,40,46
0.95859710531483366,11,47
0.76521807023530575,19,47
0.40716853537154696,41,47
0.50351303746388087,21,48
0.8019123072111296,36,48
0.48267844276555127,37,48
0.11348393672420143,6,49
0.53316778340556359,27,49
0.9249911406282133,35,49
