1.0,5,7
1.0,4,8
1.0,1,13
1.0,0,14
1.0,6,14
1.0,11,15
1.0,11,17
1.0,3,18
1.0,6,18
1.0,10,18
1.0,2,19
1.0,3,21
1.0,5,22
1.0,9,23
1.0,12,23
1.0,20,23
1.0,12,24
1.0,20,25
1.0,4,26
1.0,15,26
1.0,20,27
1.0,5,28
1.0,14,28
1.0,22,28
1.0,27,29
1.0,2,30
1.0,7,30
1.0,1,31
1.0,8,31
1.0,8,32
1.0,11,32
1.0,16,33
1.0,21,33
1.0,16,34
1.0,29,34
1.0,19,35
1.0,24,35
1.0,30,35
1.0,2,36
1.0,4,36
1.0,19,36
1.0,3,37
1.0,12,37
1.0,29,37
1.0,0,38
1.0,25,38
1.0,10,39
1.0,15,39
1.0,34,39
1.0,9,40
1.0,22,40
1.0,27,40
1.0,9,41
1.0,21,41
1.0,10,42
1.0,17,43
1.0,42,43
1.0,7,44
1.0,25,44
1.0,26,44
1.0,0,45
1.0,31,45
1.0,32,45
1.0,16,46
1.0,24,46
1.0,33,46
1.0,1,47
1.0,13,47
1.0,43,47
1.0,17,48
1.0,41,48
1.0,42,48
1.0,6,49
1.0,13,49
1.0,38,49
