0.22879104075769729,0,4
0.14352422620193117,1,9
0.82895740450349076,6,9
0.40745203594602108,9,11
0.75055764879775211,6,12
0.38301433637397853,2,13
0.068975237075484142,5,13
0.85474820512699801,0,15
0.89599407689667387,2,16
0.42367353251348772,5,18
0.35859265141771013,1,19
0.077240523444996656,0,20
0.0068403425676163421,7,20
0.8008708822002194,15,20
0.0033994098355989433,8,22
0.65694441048981933,13,22
0.076018572961325748,17,22
0.38957469488207164,8,24
0.95268548141426534,16,24
0.1181208740718096,19,25
0.29504644415648962,14,26
0.41809882335062043,10,27
0.96329621282411981,17,27
0.54293562321187372,3,28
0.22880767172962746,24,28
0.21802295579790198,11,29
0.56077182360511846,7,30
0.17836690134585009,18,30
0.75315620648656179,21,31
0.75301871634164663,23,31
0.55269378471846464,26,31
0.81045685565102332,6,32
0.43332421690319334,10,32
0.075981122451941552,11,33
0.51603342156893306,1,34
0.74835937456160107,12,34
0.267908009080011,26,35
0.54912331113553958,29,35
0.81610665198602017,16,36
0.94015146521907011,29,36
0.55058117966110154,3,37
0.11565241434009099,10,37
0.94110366314458771,25,37
0.054503729777690468,21,38
0.19899795368451645,23,38
0.83941780019143197,30,38
0.19314577911372643,8,39
0.21858594599640779,7,40
0.5040501114392566,39,40
0.0021342057151072513,12,41
0.94463510119040417,36,41
0.29781860628037204,15,42
0.31487396881750551,17,42
0.043895612814940921,28,42
0.48386649180805319,2,43
0.16126332347704952,39,43
0.0098690561062256821,40,43
0.58629615559173476,21,44
0.33768217136814938,27,44
0.9228294500151486,32,44
0.29531363012886713,3,45
0.62213873571441947,5,45
0.80851297018032753,33,45
0.7821866005605902,14,46
0.0062213235110086806,23,46
0.58462755242285436,33,46
0.7747199385245227,14,47
0.76307350226064452,35,47
0.75077524465295109,41,47
0.76585670889593582,4,48
0.85053351673719668,18,48
0.21127575328360781,25,48
0.80108662479229609,4,49
0.54677133259884092,19,49
0.49348766752708573,34,49
