0.96424221422372469,1,2
0.89144162161223206,4,6
0.69479982981075006,5,8
0.53575782610931788,4,10
0.23652821032164961,7,13
0.31404428873454782,6,14
0.80467229146065067,1,15
0.91274620891042535,9,15
0.59444708493110676,14,17
0.42881024888420594,0,18
0.7792185725151155,6,19
0.59666886992355894,9,21
0.91774548078243379,11,22
0.69949558388419208,21,22
0.29527217390455895,4,23
0.25019150521735856,5,23
0.68280475649107719,8,24
0.35906122366403426,10,24
0.77270787728594781,2,25
0.036685943241206997,3,26
0.056054773297550042,2,27
0.95820657082692007,13,27
0.68034008638659238,25,27
0.99145678586629338,12,28
0.94270914136176032,19,28
0.4889087340178051,9,29
0.85169061336796148,10,29
0.3950957039304176,19,29
0.93537850791374832,3,30
0.50105217210058317,22,30
0.28347564832591432,24,31
0.12837937955375611,20,32
0.81404067079101694,0,33
0.74939814391786941,20,33
0.10081347874116242,18,34
0.56662751370085396,31,34
0.7761964350583509,13,35
0.59290898969951999,15,35
0.64675059440474669,3,36
0.30251289967038664,11,36
0.50939887170836029,12,36
0.86167748330667659,20,37
0.088224124848792829,23,37
0.6196758089600628,18,38
0.082163094309314344,21,38
0.52537352914283275,26,38
0.30944529051904457,7,39
0.15457002939978826,11,39
0.75725154137486361,31,39
0.0073088381362510502,14,40
0.62735815097042158,1,41
0.19462547042504619,7,41
0.79967949912798608,35,41
0.029500094267618571,17,42
0.81064124058272036,33,42
0.59348427646704693,16,43
0.026542202816927651,37,43
0.74229303799841162,5,44
0.0022390773638087946,17,44
0.60384555588831246,40,44
0.32619829714676318,8,45
0.95274468827078329,32,45
0.71505803664192402,40,45
0.94334932804735105,26,46
0.69139721671175047,32,46
0.22947596838833872,43,46
0.043352908139188573,0,47
0.55235777285972665,28,47
0.055901140625174706,30,47
0.96202578037291786,16,48
0.57469370634772432,34,48
0.46836589169850218,42,48
0.46437508086698398,12,49
0.92299482466357252,16,49
0.94044398694337406,25,49
