0.97671295315823536,0,4
0.10893062091785444,4,5
0.30368916165674276,6,8
0.32896312712341047,8,9
0.81817457919492853,9,11
0.26510794348883659,2,12
0.93106187789392825,8,13
0.77647804020811606,9,14
0.88261611534614104,13,15
0.75170090245775423,12,17
0.23704853386487679,14,17
0.81292744142236639,11,19
0.44723008618729831,14,19
0.58373525610355359,13,20
0.92873335128243872,18,20
0.26962128549690489,10,21
0.067668928158154285,15,21
0.88046807414595929,0,22
0.80939811793085137,7,22
0.25089008896890297,17,22
0.79875143649994018,5,23
0.29075484645806515,2,26
0.22092001558913454,6,26
0.9022384373039195,16,26
0.8495580308481141,6,27
0.93847481109223407,7,27
0.0041999983929978946,16,27
0.6362962337730026,24,28
0.84060033788258759,19,29
0.07790161139874141,24,29
0.58177484436325777,3,30
0.64174097963522403,1,31
0.92016844951075094,10,32
0.4411028923483532,0,33
0.84117660503230918,18,33
0.67430852750715564,30,34
0.36062765940587882,31,34
0.11321137743798737,32,34
0.018847599386221714,1,35
0.4508770727303969,5,35
0.0059453564764794242,23,35
0.32601661036445606,10,36
0.8610631409390247,23,36
0.42363651207521802,18,37
0.37470427901898329,2,38
0.41411227131635076,36,38
0.4807373597211837,24,39
0.26460399420977621,28,39
0.69937222052998782,37,39
0.86786049294692102,7,40
0.28138604237018994,20,40
0.59973810862329557,28,40
0.36509444613956654,37,41
0.89759218437425392,16,42
0.22543177190488628,25,42
0.52420612100094022,41,42
0.31185349414098607,12,43
0.23491806309955565,21,43
0.62693950743047633,32,43
0.035463016862058772,15,44
0.77559314452756534,38,44
0.022102036315979734,41,44
0.29813722105916873,11,45
0.94404813876898097,25,45
0.82339306646327526,33,45
0.72712179300969471,3,46
0.30480301649549468,3,47
0.60059048866207809,4,47
0.32573081644843183,25,47
0.31826749131129739,29,48
0.87392417918985887,30,48
0.052441199544834838,46,48
0.095110920129202858,1,49
0.022005421393613167,31,49
0.40202810019319446,46,49
