0.81988027736266489,1,4
0.51853162268638509,7,9
0.46584987797250044,4,10
0.10075437913455321,5,11
0.81590295097141907,0,12
0.80766261532354633,10,13
0.09357630096174574,9,14
0.85827939803285092,3,15
0.84070489412954574,1,17
0.069926191362475021,6,17
0.18663831470657999,16,20
0.78554907106982508,12,21
0.18721598577733911,15,21
0.66575953991104908,11,22
0.36883463023270946,13,22
0.59115138418383884,18,23
0.48140544424590059,20,23
0.20291083758066819,0,24
0.10588560794606972,3,24
0.4093044900530296,7,25
0.45058990231315477,19,25
0.91461998235327535,16,26
0.87403934731892785,5,27
0.75209642226446793,16,28
0.67704659155923053,19,28
0.24207999527219526,3,29
0.93253428766257496,22,29
0.92854677902115157,28,29
0.11885570695704162,6,30
0.61436327997893381,21,30
0.14090069752653156,26,30
0.98414088039097991,4,32
0.58515004699560558,11,32
0.71803828996970132,31,33
0.3594844306238727,9,34
0.82020444815207849,12,34
0.99734518912760328,13,34
0.40690400044254271,2,35
0.58745826031217951,5,35
0.91490923271868307,2,36
0.42158836702987734,33,36
0.095214539644534191,19,37
0.3527677014407945,18,38
0.27327225768704599,27,38
0.52409012609636474,26,39
0.76887523213725739,36,39
0.059005373265403338,2,40
0.26561177481531484,8,40
0.33604779821677644,37,40
0.44797956190458132,1,41
0.027133393789229965,15,41
0.77749714841351725,17,41
0.0048655362624032694,6,42
0.97237342284547912,8,42
0.96412829487582641,10,42
0.99903194064128442,8,43
0.70996294493070677,23,43
0.20327926987629918,24,43
0.55497153861254245,27,44
0.57281901950615999,32,44
0.77909280710061657,14,45
0.42329740696461338,20,45
0.94294512893221349,37,45
0.95884028732545068,18,46
0.49335928149321628,31,46
0.70191548069207277,35,46
0.37464408134998939,31,47
0.31551519807649142,33,47
0.38317600918005801,38,47
0.45105457311253716,7,48
0.66279653666997174,25,48
0.93985785704139957,39,48
0.16118667568175737,0,49
0.62459972431521793,14,49
0.39247047809953517,44,49
