0.82675144874128925,1,7
0.64338074842499426,4,7
0.30650903483985503,0,9
0.83426168083777064,4,10
0.08299696613446006,6,11
0.99968488061785554,4,12
0.57374479644293941,11,12
0.42276203443873639,6,15
0.12115041843561625,0,16
0.24184851133667373,10,16
0.34530391046211062,9,17
0.78670410845634564,2,18
0.18488457198486463,6,19
0.069431875354411754,11,19
0.85924798130976554,5,20
0.084868248856006412,2,21
0.23919132467696103,21,23
0.02995784715991634,20,24
0.47914160687199425,14,26
0.40319328487737138,18,26
0.70212954099238978,5,27
0.89559369663415611,14,27
0.32063785418770663,15,27
0.33622625504740888,12,28
0.72204002119769717,15,28
0.58917114137766036,9,29
0.99307456529569382,23,29
0.03427260618396577,25,29
0.23696859426743078,0,30
0.69399265294743451,2,30
0.30410660503115383,8,31
0.77234865915598505,1,32
0.036618803885441253,24,33
0.46032129831630741,25,33
0.89269088301165467,31,33
0.51140605707105924,3,34
0.20880389221089635,8,34
0.0067979149179084875,17,35
0.21541817219699178,16,36
0.88443570299193175,28,36
0.87795391996358818,18,37
0.29483830755944074,22,37
0.025860023209027805,36,37
0.26271405123534441,13,38
0.85940223947736682,21,38
0.4238039650981319,22,38
0.43443087346139375,1,39
0.73887594176055038,8,39
0.13003121240976534,10,39
0.33002650836473513,19,40
0.87230134101861267,23,40
0.13293051551264568,35,40
0.22313111506011274,13,41
0.15573762636327826,14,42
0.63865912618813292,25,42
0.36242791264726493,26,43
0.97935408743906383,32,43
0.74154657262724799,34,43
0.67337900322717847,24,44
0.97504101227206419,32,44
0.34796818662135154,41,44
0.74087640125019849,13,45
0.20678822402614294,30,45
0.26817870340298167,42,45
0.048531141007650547,17,46
0.0029102466216439637,22,46
0.23767052784793896,3,47
0.69997014308965566,5,47
0.64397868970932948,7,47
0.46857332518786288,20,48
0.21897600434857745,35,48
0.4300206678986791,46,48
0.92370667013984509,3,49
0.03481583579397074,31,49
0.3059530590504097,41,49
