0.55639782554189432,3,4
0.59438921518374255,2,7
0.12845833328295564,6,7
0.1712299722490066,0,12
0.028175977547425624,5,13
0.15293111289860517,1,14
0.063507405727635247,13,14
0.13991818446223236,5,17
0.43215414009526976,8,17
0.3563380865038559,15,18
0.13476700973404365,2,21
0.44787792571591822,11,21
0.53059216593520375,20,21
0.39068530500198917,2,22
0.66450065533784308,9,22
0.64705027405332061,19,23
0.69971116836731562,11,24
0.38443262261050515,18,24
0.17229958164566117,6,25
0.83718520167738697,9,26
0.13295495469981844,22,26
0.79016646535087753,7,27
0.16363841434253423,16,27
0.44324710761947927,16,28
0.86635679056233283,19,28
0.73604617599262379,28,29
0.26625395241568406,0,30
0.72152199358947677,15,30
0.031896376691397776,12,31
0.37598037858111244,14,31
0.38530158929525526,29,31
0.62096874676213043,8,32
0.59282127211394842,20,32
0.63503581235025741,25,32
0.08777299260594329,20,33
0.47699152322847516,23,33
0.11984830447383754,10,34
0.45756489950645252,18,35
0.57333312564633465,34,35
0.10512327400036414,0,36
0.76657933312863202,9,36
0.20962100195342348,25,36
0.55756704220992526,12,37
0.85540391019407847,1,38
0.5165818890270818,3,38
0.76505982440039022,16,39
0.013163418850511088,23,39
0.81096916443089029,34,39
0.38110202416752281,17,40
0.57161911763685735,27,40
0.18104608442688863,4,41
0.19707696129810759,10,41
0.89860487565359703,35,41
0.83092840397379553,11,42
0.73674914044621809,30,43
0.2592952765964136,40,43
0.0025090017812683385,42,43
0.47305656556290632,10,44
0.02407034516807649,15,44
0.66221261920035968,42,44
0.1648377096672643,4,45
0.58265196732834867,6,45
0.16754894910408935,37,45
0.02689070709033059,3,46
0.10752943656337854,24,46
0.21418267843757277,38,46
0.45442962673017373,5,47
0.91123384285013509,26,47
0.0027708637749730425,37,47
0.40901567023176244,13,48
0.85577046058957762,19,48
0.80630070228522055,29,48
0.92644937525109927,1,49
0.7043761247604573,8,49
0.23975449304398577,33,49
