0.72781267814058714,0,1
0.22961256205099867,3,6
0.89240231577170626,6,8
0.504959601476903,5,11
0.56294520176668672,1,12
0.92665194023627251,9,12
0.25351885541919494,10,13
0.76143291549258596,13,15
0.082327079298940009,2,16
0.85578591499034329,9,17
0.54204625842270127,12,17
0.61480660105902141,7,19
0.59380807854433648,8,19
0.8480589253199492,21,22
0.53202730556201427,15,23
0.3963712585011081,17,23
0.54038286942247238,1,24
0.33007167539962989,6,24
0.53031149866935245,3,25
0.39757174704324583,5,25
0.80376386762264962,8,25
0.85795528510811714,10,26
0.60844650357258057,22,27
0.33966518048774197,11,28
0.21897969702267306,18,29
0.51283320990150527,20,30
0.14564477581959734,18,31
0.87077455517888913,22,32
0.33403995632244488,2,33
0.53880416113328611,7,33
0.31313969490154525,14,33
0.026498010676709871,24,34
0.17638356456767712,30,34
0.9520541704675668,32,34
0.4580149392713172,21,35
0.27933667941231977,31,35
0.69974550100569111,3,36
0.7507575896265366,29,36
0.87044360821857536,31,36
0.60936813847688642,9,37
0.53899732095637343,27,37
0.75534963618710027,0,38
0.045273581505867688,11,38
0.75164799268918003,13,38
0.77425492607310398,4,39
0.18033221430370383,21,39
0.89888464047568051,4,40
0.036999935070775369,18,40
0.45297291027140152,37,40
0.5397808986544903,28,41
0.93445390144797325,39,41
0.64903461442469612,2,42
0.45444920842625303,16,42
0.23644806191746293,30,42
0.95975810874900946,10,43
0.033177111362488798,19,43
0.37856432553231711,20,43
0.66445425952881043,15,44
0.91822479050518802,20,44
0.72502254924847354,26,44
0.31526624129608927,16,45
0.7850275052180461,27,45
0.5408895081246422,35,45
0.12403122257482735,7,46
0.38621402955352724,14,46
0.42922778305289155,23,46
0.62286116483295662,5,47
0.37751541098170527,26,47
0.032705714887935611,32,47
0.14463072374559294,4,48
0.41012222223653705,14,48
0.059762293535534861,29,48
0.3344102773810762,0,49
0.84442088572488805,28,49
0.57855664985754662,41,49
