1.0,1,3
1.0,3,4
1.0,1,6
1.0,0,7
1.0,9,10
1.0,4,11
1.0,11,13
1.0,12,15
1.0,9,16
1.0,14,18
1.0,12,19
1.0,18,19
1.0,13,20
1.0,14,20
1.0,5,21
1.0,7,21
1.0,1,22
1.0,3,23
1.0,4,23
1.0,8,23
1.0,5,24
1.0,0,25
1.0,16,25
1.0,15,26
1.0,17,26
1.0,20,26
1.0,21,27
1.0,18,28
1.0,12,29
1.0,6,30
1.0,7,30
1.0,11,31
1.0,28,31
1.0,6,32
1.0,8,32
1.0,31,32
1.0,24,33
1.0,28,33
1.0,17,34
1.0,22,34
1.0,10,35
1.0,34,35
1.0,19,37
1.0,29,37
1.0,2,38
1.0,25,38
1.0,9,39
1.0,13,39
1.0,15,40
1.0,27,40
1.0,39,41
1.0,8,42
1.0,17,42
1.0,27,42
1.0,5,43
1.0,10,43
1.0,37,43
1.0,22,44
1.0,35,44
1.0,36,44
1.0,0,45
1.0,2,45
1.0,40,45
1.0,2,46
1.0,24,46
1.0,30,46
1.0,14,47
1.0,29,47
1.0,36,47
1.0,16,48
1.0,36,48
1.0,41,48
1.0,33,49
1.0,38,49
1.0,41,49
