1.0,3,7
1.0,5,8
1.0,4,10
1.0,9,11
1.0,4,14
1.0,0,15
1.0,10,17
1.0,15,17
1.0,2,18
1.0,13,18
1.0,1,19
1.0,5,20
1.0,11,20
1.0,12,21
1.0,0,22
1.0,1,22
1.0,13,23
1.0,22,23
1.0,17,25
1.0,3,26
1.0,13,26
1.0,12,27
1.0,6,28
1.0,21,29
1.0,28,29
1.0,25,31
1.0,30,31
1.0,9,32
1.0,2,33
1.0,27,33
1.0,30,33
1.0,0,34
1.0,31,34
1.0,32,34
1.0,16,35
1.0,23,35
1.0,28,35
1.0,12,36
1.0,27,36
1.0,8,37
1.0,24,37
1.0,5,38
1.0,19,38
1.0,24,38
1.0,3,39
1.0,7,39
1.0,26,39
1.0,1,40
1.0,6,40
1.0,18,40
1.0,7,41
1.0,11,41
1.0,30,41
1.0,24,42
1.0,4,43
1.0,16,43
1.0,36,43
1.0,2,44
1.0,10,44
1.0,14,44
1.0,6,45
1.0,21,45
1.0,37,45
1.0,15,46
1.0,20,46
1.0,42,46
1.0,9,47
1.0,25,47
1.0,29,47
1.0,16,48
1.0,19,48
1.0,42,48
1.0,8,49
1.0,14,49
1.0,32,49
