1.0,5,6
1.0,0,10
1.0,5,13
1.0,6,13
1.0,2,14
1.0,1,15
1.0,2,16
1.0,10,18
1.0,17,18
1.0,11,19
1.0,14,19
1.0,16,19
1.0,7,20
1.0,11,21
1.0,16,21
1.0,1,23
1.0,7,23
1.0,11,24
1.0,15,24
1.0,0,25
1.0,17,25
1.0,10,26
1.0,4,27
1.0,27,28
1.0,13,29
1.0,12,30
1.0,24,30
1.0,22,31
1.0,6,32
1.0,8,32
1.0,23,32
1.0,18,33
1.0,26,33
1.0,4,34
1.0,14,34
1.0,0,35
1.0,22,35
1.0,25,35
1.0,3,36
1.0,8,36
1.0,31,36
1.0,9,37
1.0,20,37
1.0,31,37
1.0,1,38
1.0,15,38
1.0,8,39
1.0,33,39
1.0,28,40
1.0,2,41
1.0,9,41
1.0,21,41
1.0,7,42
1.0,17,42
1.0,29,42
1.0,28,43
1.0,30,43
1.0,40,43
1.0,22,44
1.0,27,44
1.0,39,44
1.0,4,45
1.0,5,45
1.0,20,45
1.0,9,46
1.0,38,46
1.0,40,46
1.0,12,47
1.0,26,47
1.0,3,48
1.0,34,48
1.0,47,48
1.0,3,49
1.0,12,49
1.0,29,49
