0.90230722552400322,3,5
0.82377924962528004,0,7
0.57576163730670593,5,12
0.5334899339727831,10,14
0.13660166564076981,10,16
0.58959005792917329,8,17
0.15852466993694803,12,17
0.13843555910903282,15,18
0.74765621532886151,6,19
0.2192963776916832,0,20
0.58208988191739619,9,20
0.6153938226522474,2,21
0.95348114830534858,7,22
0.73452642463458406,8,22
0.086386654961294163,4,23
0.60629912074110548,11,23
0.1973575492393409,22,23
0.74465916746222183,11,24
0.86141520028056584,3,25
0.44078350854462534,13,26
0.70112202124854506,24,26
0.071693957076217174,16,28
0.99917173016774752,26,28
0.47280253065394107,19,29
0.29565370510460687,3,30
0.53274091882442987,15,30
0.36265081403743704,6,31
0.44611440342870168,17,31
0.81639182482753214,1,32
0.57870718967630241,9,32
0.057895800729958258,18,33
0.48032039636104862,7,34
0.52855446136801965,13,34
0.86439218584933297,27,34
0.10960338743206277,11,35
0.76306069780058128,15,35
0.66396922609539011,19,35
0.44214221888636551,16,36
0.12527398738540529,32,36
0.48363375795116192,14,37
0.96743225477327754,36,37
0.37643782733790809,2,38
0.020893361720804915,10,38
0.72376107248061816,33,38
0.77138937650007866,2,39
0.39885106652799696,12,39
0.83196156905552654,29,39
0.4032199757135253,9,40
0.25875426723774708,18,40
0.16264210399749279,1,41
0.31292194118075378,4,41
0.77924802634431789,28,41
0.16129040475986067,13,42
0.5765194926586813,25,42
0.11707895909375554,31,42
0.34428294955759497,8,43
0.37815160511388191,21,43
0.48304835404499091,40,43
0.80439101382853528,25,44
0.4643064175352597,27,44
0.82365068890510351,14,45
0.6519865859365771,24,45
0.73619400464094431,33,45
0.042124096461813032,21,46
0.503734988714159,30,46
0.6841180500487255,44,46
0.8405410210162465,20,47
0.46843103325296576,29,47
0.25506149262088862,37,47
0.82734583550755381,5,48
0.28743112314626174,6,48
0.17865438030941161,27,48
0.52944014181294718,0,49
0.3538574451136911,1,49
0.60166325722157998,4,49
