1.0,1,3
1.0,5,6
1.0,1,7
1.0,0,8
1.0,2,8
1.0,6,11
1.0,4,12
1.0,9,13
1.0,13,15
1.0,13,16
1.0,5,17
1.0,10,19
1.0,18,19
1.0,0,20
1.0,18,21
1.0,6,22
1.0,21,22
1.0,14,23
1.0,3,24
1.0,23,25
1.0,7,27
1.0,16,27
1.0,26,27
1.0,12,29
1.0,19,29
1.0,8,30
1.0,15,30
1.0,28,30
1.0,2,31
1.0,7,31
1.0,11,31
1.0,14,32
1.0,25,32
1.0,29,32
1.0,11,33
1.0,17,33
1.0,17,34
1.0,33,34
1.0,22,35
1.0,28,35
1.0,20,36
1.0,24,36
1.0,14,37
1.0,9,38
1.0,16,38
1.0,18,38
1.0,23,39
1.0,37,39
1.0,9,40
1.0,28,40
1.0,2,41
1.0,26,41
1.0,39,41
1.0,0,42
1.0,35,42
1.0,36,42
1.0,3,43
1.0,37,43
1.0,10,44
1.0,25,44
1.0,24,45
1.0,34,45
1.0,43,45
1.0,5,46
1.0,21,46
1.0,40,46
1.0,4,47
1.0,10,47
1.0,44,47
1.0,12,48
1.0,15,48
1.0,26,48
1.0,1,49
1.0,4,49
1.0,20,49
