0.14964623344004402,2,7
0.20038443298426489,4,7
0.78456445559765975,1,9
0.98458089857007702,4,10
0.24925760481841364,0,13
0.98478032626876355,9,15
0.88037436464565455,13,16
0.78267631627574008,2,17
0.21531595558746131,16,17
0.15932048373128982,3,20
0.77958674838597053,10,20
0.24027725498705454,0,21
0.1549211406195915,6,21
0.62923837344325606,8,22
0.68754452144379419,14,22
0.94723051686904158,7,23
0.43064207190444992,19,23
0.34649417086511769,5,24
0.94671808397109314,23,24
0.66121234993754197,5,25
0.54995547139648548,6,25
0.034702753222779936,18,26
0.72126706286905606,25,26
0.71037850654478107,1,27
0.46482845860825206,2,27
0.96081866047672038,21,28
0.59102676908771179,10,29
0.94633860740121978,12,29
0.56354284325232729,5,30
0.6746445500220688,16,30
0.19190081749274879,18,31
0.97175726727730838,26,31
0.33717488638904214,3,32
0.015276371328653449,6,32
0.55416342926562712,11,34
0.75448313321022131,14,34
0.69310177116025218,27,34
0.47301952184637086,0,35
0.56346080005778076,12,35
0.85559332519055908,20,35
0.45400642936457514,15,36
0.12611934645296696,31,36
0.72152488012055083,4,37
0.81763184709346426,28,37
0.29086127752376345,28,38
0.17277048356635005,12,39
0.2662304508112322,15,39
0.85348047737466803,29,40
0.69482630643730525,33,40
0.27756534269481403,13,41
0.15802882922385042,14,41
0.49331634413710745,18,41
0.77914336539052487,22,42
0.090362552664913665,30,42
0.54299522507115916,36,42
0.073087764014367673,19,43
0.076998146346717644,37,43
0.7235465521168698,38,43
0.39192640251232591,11,44
0.3704271813168023,19,44
0.8930959689534288,33,44
0.0083160701472236864,8,45
0.080148590249709772,24,45
0.058224781038138884,11,46
0.73849784124348372,17,46
0.38413707370567496,33,46
0.12763668761783509,1,47
0.96126553638868928,8,47
0.52368537933735204,45,47
0.67448321868062788,9,48
0.73276594908397985,39,48
0.026972458817059786,40,48
0.45562141050837401,3,49
0.99970869054227951,32,49
0.041676121977937131,38,49
