1.0,0,5
1.0,3,6
1.0,2,7
1.0,3,9
1.0,9,10
1.0,8,11
1.0,6,12
1.0,8,12
1.0,9,12
1.0,4,14
1.0,4,15
1.0,6,15
1.0,3,16
1.0,8,18
1.0,0,20
1.0,4,21
1.0,10,21
1.0,18,21
1.0,16,22
1.0,1,23
1.0,7,24
1.0,17,24
1.0,2,25
1.0,1,26
1.0,14,27
1.0,11,28
1.0,13,28
1.0,25,28
1.0,20,29
1.0,27,29
1.0,10,30
1.0,17,30
1.0,19,30
1.0,18,31
1.0,26,31
1.0,7,32
1.0,22,33
1.0,29,33
1.0,32,34
1.0,33,34
1.0,26,35
1.0,32,35
1.0,34,35
1.0,5,36
1.0,25,36
1.0,31,37
1.0,0,38
1.0,11,38
1.0,23,38
1.0,17,39
1.0,24,39
1.0,15,40
1.0,37,40
1.0,13,41
1.0,19,41
1.0,19,42
1.0,22,42
1.0,40,42
1.0,5,43
1.0,16,44
1.0,36,44
1.0,43,45
1.0,44,45
1.0,14,46
1.0,23,46
1.0,41,46
1.0,37,47
1.0,43,47
1.0,45,47
1.0,1,48
1.0,2,48
1.0,39,48
1.0,13,49
1.0,20,49
1.0,27,49
