1.0,1,2
1.0,3,6
1.0,1,7
1.0,6,8
1.0,2,11
1.0,4,13
1.0,0,14
1.0,9,15
1.0,12,16
1.0,10,17
1.0,4,18
1.0,17,18
1.0,10,19
1.0,15,19
1.0,10,20
1.0,11,21
1.0,1,23
1.0,7,23
1.0,16,24
1.0,12,25
1.0,0,26
1.0,25,26
1.0,3,27
1.0,4,28
1.0,22,28
1.0,24,28
1.0,14,29
1.0,22,29
1.0,0,31
1.0,21,31
1.0,5,32
1.0,24,32
1.0,13,33
1.0,22,33
1.0,2,34
1.0,15,34
1.0,3,35
1.0,25,36
1.0,30,36
1.0,9,37
1.0,18,37
1.0,29,37
1.0,8,38
1.0,12,38
1.0,27,39
1.0,35,39
1.0,7,40
1.0,13,40
1.0,8,41
1.0,20,41
1.0,38,41
1.0,21,42
1.0,30,42
1.0,34,42
1.0,5,43
1.0,19,43
1.0,23,43
1.0,16,44
1.0,26,44
1.0,40,44
1.0,9,45
1.0,17,45
1.0,27,45
1.0,6,46
1.0,31,46
1.0,36,46
1.0,11,47
1.0,14,47
1.0,39,47
1.0,5,48
1.0,20,48
1.0,30,48
1.0,32,49
1.0,33,49
1.0,35,49
