0.44678167175909156,3,5
0.5728140065625158,0,6
0.58092273178621545,4,8
0.22033555889407996,10,12
0.75955766515062595,6,13
0.32854422943261707,1,14
0.8383939077818946,10,16
0.43659228592667099,7,19
0.82620054466649495,12,19
0.055274398572248362,15,20
0.48349301813913259,12,21
0.95570109190118335,15,21
0.21943034848651977,6,22
0.10810701994363914,5,23
0.56899950043386727,22,23
0.082932149519942322,8,24
0.96077634843156512,11,24
0.36209935161051354,8,25
0.74676783093602006,10,25
0.37297665443804306,18,26
0.36786546067912229,2,27
0.36486920171947335,4,27
0.10829155504325294,15,27
0.74569298603816303,1,28
0.17215838723117605,26,29
0.16863926916620975,4,30
0.73755136625513174,9,30
0.59580263735573558,25,30
0.16875456038360259,3,31
0.75506725522537987,7,31
0.9533206393556346,24,31
0.78238370795820045,13,32
0.28705820424120054,17,32
0.0048351036871872033,0,33
0.13020231821671679,2,33
0.48227031980805712,28,33
0.88260643121352345,3,34
0.035858846710478121,9,34
0.23346585961216348,14,35
0.60117879212888115,16,35
0.26269930398532804,23,35
0.63877899611796718,16,36
0.23267523004377533,20,36
0.4428572805746589,18,37
0.83979119262575097,29,37
0.59543692494154865,34,37
0.69368418253329645,11,38
0.53216199870787306,1,39
0.0073980054751799917,28,39
0.59389904579414732,21,40
0.36203243554579512,11,41
0.34296167474185368,18,41
0.018968274031019861,19,41
0.93116671739763879,17,42
0.92316679742599117,22,42
0.47686532520888036,40,42
0.056209749347095772,17,43
0.022460447202072409,29,43
0.1340199997485092,38,43
0.9316235631652563,5,44
0.49643595352520697,2,45
0.75643492332974938,9,45
0.086051687601443216,44,45
0.080629354253917374,26,46
0.076014665716318319,40,46
0.23738712434382114,44,46
0.048110334141055033,0,47
0.33677758494350996,20,47
0.60386830256099933,36,47
0.28978663329176957,7,48
0.59039322685628759,32,48
0.3352114960487359,38,48
0.16030939899022068,13,49
0.34036096271280702,14,49
0.035131731940727939,39,49
