0.62397530306710369,0,1
0.077553337527175192,6,8
0.85677298614438369,2,10
0.067554725753933509,12,14
0.57204464506216957,4,15
0.070437272861525679,9,15
0.17268686942706346,7,16
0.58115546401052598,10,17
0.72805010762690014,3,18
0.55830350711521315,3,19
0.29528975704832217,8,19
0.016572763121084688,18,19
0.70110082395800155,5,21
0.86996965318436448,10,21
0.032715603112313918,20,22
0.17564634428472359,0,23
0.50385927406040831,11,23
0.69329587750652588,1,24
0.080114902386383524,14,24
0.44435626171883358,22,24
0.52138280690471084,9,25
0.3375855038342167,0,26
0.15520878223607859,2,26
0.95836084946920219,14,27
0.29806466348966953,6,28
0.24670998674620992,12,29
0.50637080085283204,18,29
0.46940938784336428,28,30
0.42076307416776315,6,31
0.71680053741938921,30,31
0.41603899980007231,12,32
0.30172069221713171,16,32
0.84057451326927013,26,32
0.23246391661622434,23,33
0.91790952567618245,25,34
0.8078917035122235,33,34
0.71344849178017011,13,35
0.068577927184356069,17,35
0.50134119182573511,31,35
0.66635821867280687,8,36
0.33763032210475308,27,36
0.21864028572202565,16,37
0.20691189603249094,27,37
0.25462067209231609,15,38
0.36592948405588355,37,38
0.68430037495951945,3,39
0.097980866223927876,4,39
0.10148308268508677,13,39
0.591762597143483,1,40
0.20103870421453429,4,40
0.50175511526985928,25,40
0.032269705597988474,5,41
0.65344813400380741,28,41
0.46042484171526799,34,41
0.72720819564131745,2,42
0.8056859682021198,9,42
0.89899534442525619,21,43
0.76554510416418153,29,43
0.91182037707485797,42,43
0.87313837754435608,17,44
0.50164691926794591,20,44
0.95786065963590306,36,44
0.60349075792445361,7,45
0.44662906656406953,11,45
0.78189121036218279,5,46
0.94315084165536311,7,46
0.98436058405744231,33,46
0.39281696771141472,11,47
0.85411053235818402,22,47
0.14419761604371562,30,47
0.13898466114225017,13,48
0.82302294121832653,20,48
0.20518124249968384,38,49
0.94908492874953854,45,49
0.65599576317771091,48,49
