1.0,3,5
1.0,0,11
1.0,9,12
1.0,10,12
1.0,2,15
1.0,5,15
1.0,7,15
1.0,2,16
1.0,8,16
1.0,11,17
1.0,1,18
1.0,7,19
1.0,8,20
1.0,6,21
1.0,17,21
1.0,4,22
1.0,1,23
1.0,7,25
1.0,21,25
1.0,22,25
1.0,12,26
1.0,16,26
1.0,24,27
1.0,4,28
1.0,6,28
1.0,9,28
1.0,6,29
1.0,13,29
1.0,19,29
1.0,14,31
1.0,13,32
1.0,30,32
1.0,1,34
1.0,14,34
1.0,27,34
1.0,20,35
1.0,26,35
1.0,27,36
1.0,30,36
1.0,11,37
1.0,13,37
1.0,14,38
1.0,17,38
1.0,33,38
1.0,9,39
1.0,23,39
1.0,33,39
1.0,8,40
1.0,31,40
1.0,5,41
1.0,18,41
1.0,40,41
1.0,10,42
1.0,30,42
1.0,0,43
1.0,19,43
1.0,32,43
1.0,0,44
1.0,10,44
1.0,24,44
1.0,3,45
1.0,31,45
1.0,33,45
1.0,2,46
1.0,3,46
1.0,4,46
1.0,18,47
1.0,23,47
1.0,35,47
1.0,24,48
1.0,37,48
1.0,42,48
1.0,20,49
1.0,22,49
1.0,36,49
