1.0,0,2
1.0,2,3
1.0,3,6
1.0,5,7
1.0,2,10
1.0,6,14
1.0,4,16
1.0,5,16
1.0,15,16
1.0,13,18
1.0,10,20
1.0,0,21
1.0,1,23
1.0,15,23
1.0,14,24
1.0,18,24
1.0,19,24
1.0,10,25
1.0,9,26
1.0,8,27
1.0,22,27
1.0,26,27
1.0,8,28
1.0,12,28
1.0,20,28
1.0,21,29
1.0,11,30
1.0,17,30
1.0,18,30
1.0,3,31
1.0,12,31
1.0,19,31
1.0,7,32
1.0,12,32
1.0,29,32
1.0,9,33
1.0,17,33
1.0,22,34
1.0,19,35
1.0,22,36
1.0,34,36
1.0,4,37
1.0,20,37
1.0,21,37
1.0,0,38
1.0,1,38
1.0,1,39
1.0,35,39
1.0,6,40
1.0,29,40
1.0,35,40
1.0,11,41
1.0,36,41
1.0,11,42
1.0,23,42
1.0,41,42
1.0,9,43
1.0,34,43
1.0,5,44
1.0,14,44
1.0,33,44
1.0,4,45
1.0,38,45
1.0,7,46
1.0,8,46
1.0,15,46
1.0,13,47
1.0,17,47
1.0,39,47
1.0,13,48
1.0,25,48
1.0,26,48
1.0,25,49
1.0,43,49
1.0,45,49
