1.0,1,8
1.0,0,10
1.0,11,13
1.0,0,14
1.0,3,14
1.0,2,16
1.0,10,16
1.0,1,17
1.0,17,18
1.0,5,19
1.0,18,19
1.0,4,20
1.0,12,21
1.0,2,22
1.0,5,22
1.0,6,22
1.0,0,24
1.0,5,25
1.0,20,25
1.0,18,26
1.0,20,27
1.0,25,27
1.0,7,28
1.0,15,28
1.0,24,28
1.0,12,29
1.0,14,29
1.0,27,29
1.0,15,30
1.0,16,30
1.0,17,30
1.0,26,31
1.0,19,32
1.0,12,33
1.0,11,34
1.0,23,34
1.0,24,34
1.0,9,35
1.0,23,35
1.0,23,36
1.0,32,36
1.0,33,36
1.0,9,37
1.0,10,37
1.0,32,37
1.0,15,38
1.0,33,38
1.0,7,39
1.0,26,39
1.0,4,40
1.0,9,40
1.0,38,40
1.0,6,41
1.0,35,41
1.0,39,41
1.0,4,42
1.0,8,42
1.0,2,43
1.0,3,43
1.0,21,43
1.0,13,44
1.0,13,45
1.0,44,45
1.0,1,46
1.0,11,46
1.0,45,46
1.0,8,47
1.0,31,47
1.0,44,47
1.0,6,48
1.0,7,48
1.0,21,48
1.0,3,49
1.0,31,49
1.0,42,49
