0.24446083200060542,9,10
0.60173686265170334,7,12
0.6928435206056619,8,13
0.69218017916928087,11,13
0.079267130806038422,7,14
0.34452700762470245,5,15
0.30138735782474613,4,16
0.18223964170093909,8,16
0.17413493540427016,17,18
0.78540541670112207,3,19
0.61108597143228371,4,21
0.69526698411366783,20,21
0.2263664655992369,12,22
0.58834531541599333,14,22
0.46154093915382177,2,23
0.30911673813093166,11,23
0.93877268612146325,15,24
0.34457626365664884,10,25
0.9838397759046088,21,25
0.81811882361426513,2,26
0.6705069485105265,5,26
0.88277723466328362,8,26
0.25823787635657425,22,27
0.78474064758260587,25,27
0.68091074746878866,6,28
0.56943584757902166,13,28
0.50882032044754999,19,28
0.59760836947143348,1,29
0.045861221395227636,11,30
0.14313532000267892,14,31
0.55416889512727807,18,31
0.30728767259813494,17,32
0.13633083471342866,20,32
0.033711987282669442,29,32
0.85547470130527992,16,33
0.70320479471462505,6,34
0.15938181674255525,0,35
0.3067144211696422,12,35
0.29979657725592801,17,35
0.972399210814199,15,36
0.22003384330699516,20,36
0.13991755297334385,3,37
0.97771053236149719,36,37
0.18198420168381957,0,38
0.62204976463627537,9,39
0.86010527099421274,18,39
0.83845439919939369,10,40
0.11908523534347437,34,40
0.063698899517749097,38,40
0.57162460904021573,5,41
0.46706061741576099,6,41
0.69887046729069124,38,41
0.6168502155260821,4,42
0.57487530331553482,39,42
0.17629338339303147,1,43
0.0030212415893751121,7,43
0.18350701250827028,34,43
0.30438663997348026,23,44
0.0022200985481660718,24,44
0.26905229503907013,33,44
0.92423535329792839,1,45
0.6910046199138925,2,45
0.41996073470476958,27,45
0.52272507257836243,9,46
0.53126194370930446,24,46
0.18079416359180667,29,46
0.39601560154705207,3,47
0.23577873268920901,19,47
0.77507401095175898,31,47
0.4577045604130191,30,48
0.96524471915208554,37,48
0.4850857798418432,42,48
0.58105271330606489,0,49
0.3659288809729756,30,49
0.43930141406153778,33,49
