1.0,1,4
1.0,5,7
1.0,1,11
1.0,6,13
1.0,8,13
1.0,6,14
1.0,3,15
1.0,4,16
1.0,11,18
1.0,18,20
1.0,2,21
1.0,10,21
1.0,15,21
1.0,2,22
1.0,3,23
1.0,9,23
1.0,0,24
1.0,11,24
1.0,1,25
1.0,10,25
1.0,17,25
1.0,5,26
1.0,18,26
1.0,23,26
1.0,5,27
1.0,13,27
1.0,6,28
1.0,7,28
1.0,12,29
1.0,19,29
1.0,9,30
1.0,12,30
1.0,17,31
1.0,29,31
1.0,3,32
1.0,20,32
1.0,24,33
1.0,27,33
1.0,16,35
1.0,20,35
1.0,32,35
1.0,0,36
1.0,19,36
1.0,9,37
1.0,19,37
1.0,2,38
1.0,12,38
1.0,17,39
1.0,4,40
1.0,8,40
1.0,22,40
1.0,15,41
1.0,16,41
1.0,14,42
1.0,34,42
1.0,39,42
1.0,30,43
1.0,37,43
1.0,39,43
1.0,28,44
1.0,34,44
1.0,41,44
1.0,10,45
1.0,14,45
1.0,8,46
1.0,22,46
1.0,7,47
1.0,31,47
1.0,36,47
1.0,0,48
1.0,33,48
1.0,46,48
1.0,34,49
1.0,38,49
1.0,45,49
