1.0,3,5
1.0,7,8
1.0,3,11
1.0,10,14
1.0,4,16
1.0,8,18
1.0,4,19
1.0,18,19
1.0,2,20
1.0,10,20
1.0,0,21
1.0,10,21
1.0,14,21
1.0,6,22
1.0,7,22
1.0,6,23
1.0,3,24
1.0,13,24
1.0,11,25
1.0,5,27
1.0,17,27
1.0,18,27
1.0,0,28
1.0,20,29
1.0,23,29
1.0,8,30
1.0,9,31
1.0,15,31
1.0,1,32
1.0,14,32
1.0,26,32
1.0,12,33
1.0,16,33
1.0,15,34
1.0,31,34
1.0,33,34
1.0,17,35
1.0,23,35
1.0,1,36
1.0,26,36
1.0,0,37
1.0,25,37
1.0,15,38
1.0,29,38
1.0,37,38
1.0,2,39
1.0,12,39
1.0,25,39
1.0,13,40
1.0,36,40
1.0,4,41
1.0,6,41
1.0,13,42
1.0,24,42
1.0,28,42
1.0,1,43
1.0,11,43
1.0,22,43
1.0,5,44
1.0,26,44
1.0,40,44
1.0,7,45
1.0,19,45
1.0,35,45
1.0,9,46
1.0,12,46
1.0,30,46
1.0,2,47
1.0,16,47
1.0,17,48
1.0,28,48
1.0,41,48
1.0,9,49
1.0,30,49
1.0,47,49
