1.0,2,3
1.0,6,7
1.0,9,10
1.0,4,11
1.0,5,12
1.0,0,13
1.0,0,15
1.0,5,16
1.0,7,17
1.0,15,17
1.0,14,18
1.0,0,19
1.0,2,19
1.0,3,20
1.0,15,20
1.0,2,21
1.0,8,22
1.0,9,23
1.0,12,24
1.0,19,25
1.0,21,25
1.0,16,26
1.0,1,27
1.0,13,27
1.0,12,28
1.0,14,28
1.0,23,29
1.0,27,29
1.0,26,30
1.0,9,31
1.0,11,31
1.0,16,32
1.0,24,32
1.0,1,33
1.0,1,34
1.0,32,34
1.0,33,34
1.0,18,35
1.0,30,35
1.0,3,36
1.0,21,36
1.0,22,36
1.0,4,37
1.0,24,37
1.0,22,38
1.0,37,38
1.0,18,39
1.0,8,40
1.0,31,40
1.0,8,41
1.0,10,41
1.0,38,41
1.0,10,42
1.0,23,42
1.0,39,42
1.0,6,43
1.0,14,43
1.0,25,43
1.0,17,44
1.0,40,44
1.0,7,45
1.0,11,45
1.0,28,45
1.0,4,46
1.0,5,46
1.0,35,46
1.0,26,47
1.0,30,47
1.0,33,47
1.0,6,48
1.0,20,48
1.0,39,48
1.0,13,49
1.0,29,49
1.0,44,49
