0.31328059778606854,1,5
0.085726830537749987,3,7
0.13083544157900362,5,7
0.33035199971018991,2,8
0.12477613042377045,3,8
0.78539501836481129,7,9
0.42351569921731635,3,13
0.94325086520050694,6,13
0.36430359908543453,5,17
0.48573107837974916,19,20
0.49944731244734031,15,21
0.60405592463902691,2,22
0.76261967279777831,11,22
0.23465676103179078,12,23
0.75364718462739688,20,23
0.25441277436088672,19,24
0.60448964245312509,6,25
0.83599769414105463,10,26
0.23346238264493324,1,27
0.92188462144243855,18,27
0.45674524425177099,26,27
0.30624968971589417,20,28
0.34430844543683436,1,29
0.54893363130936179,11,29
0.24188870214539648,25,29
0.98633727894775625,10,30
0.69682137402821354,12,31
0.5541134126620455,21,31
0.4731836203244445,24,31
0.68080533948143285,13,32
0.30587664569024275,18,32
0.64271248363811362,0,33
0.46317126376161544,18,33
0.58240524168779739,26,33
0.44341213292666348,4,34
0.15027568355709342,14,34
0.81515202261328079,10,35
0.51253069157067099,16,35
0.81347430858571323,23,35
0.073683943714191291,21,36
0.40566099270063105,14,37
0.96162336747097332,22,37
0.72851609876067802,34,37
0.56023488483395978,0,38
0.98816733229243037,16,39
0.65891172985521906,36,39
0.61741346638338235,15,40
0.73306128840319151,17,40
0.95106617658935078,25,40
0.81352641375145496,6,41
0.057132725331771272,9,41
0.33223029061704856,30,41
0.6212495630383309,2,42
0.56824426051882582,16,42
0.82543848563956523,38,42
0.98818799268357116,11,43
0.75923209612703901,38,43
0.92436764199763133,14,44
0.012790857315041149,15,44
0.46210081938084524,30,44
0.090661469414085705,9,45
0.56144917402342087,12,45
0.17747801957447029,19,45
0.41239243120355151,24,46
0.59951061727958577,28,46
0.9819690181243993,36,46
0.52343258127407144,0,47
0.42528918904593149,4,47
0.024797361876775392,43,47
0.67712088055034403,28,48
0.6471316146759637,32,48
0.25628020033731547,39,48
0.34230090088754228,4,49
0.38048050950060841,8,49
0.83556020585740376,17,49
