0.85830733604739828,1,6
0.7663074095613055,4,7
0.91552937825443348,2,10
0.38128345823312959,3,10
0.17836057736532929,6,12
0.096041286281391081,4,13
0.62745855539875672,1,14
0.062519708061052559,4,16
0.17498126883084264,13,16
0.74444711083539794,5,17
0.18602920170016679,15,17
0.31988038300546118,16,17
0.16914652279323594,2,18
0.24345035207743748,2,19
0.32566666470225947,18,19
0.20480131143673852,9,20
0.77449520142824679,14,21
0.17424906462306755,20,22
0.60636640977449718,0,23
0.13025615009168701,5,23
0.49410708610564791,0,24
0.43246743593056725,3,24
0.16318399122595628,10,25
0.51308772414941928,20,26
0.99276431779527408,7,28
0.090871620136423137,11,28
0.75139223260053256,18,28
0.60625095469845536,23,29
0.48818870992094943,21,30
0.99198543663116956,26,30
0.92070436329573957,15,31
0.28261309039932603,24,32
0.037523938246696975,5,33
0.063277452048315586,12,33
0.45366119847152397,27,34
0.85707803321240328,29,34
0.58758213528437964,22,35
0.96168242418745964,27,35
0.96829675722378006,33,35
0.43903242215924321,15,36
0.11252163752264666,31,36
0.32718721796811634,1,37
0.5395129564733121,21,37
0.9117122679454982,36,37
0.80813955641299073,0,38
0.91620817214016803,3,38
0.53073291579063731,8,39
0.95139723222894379,11,40
0.19801169335529667,30,40
0.17630960593324607,39,40
0.56229759432441528,13,41
0.95930611351188677,32,41
0.28539949941398135,11,42
0.25487854255998632,29,42
0.99679930548461659,41,42
0.92873862059066059,8,43
0.90982678331421141,32,43
0.44781567185460747,14,44
0.21564513972726818,39,44
0.45448315429015695,43,44
0.27917468961239733,9,45
0.57846824889185489,22,45
0.82794483830900389,38,45
0.061366815706571542,25,46
0.54190114769854592,31,46
0.15593023319583121,34,46
0.31265970088856043,6,47
0.63056984274986994,8,47
0.26036552358753962,27,47
0.39916504950003573,9,48
0.46422626573882386,12,48
0.81522356018449105,26,48
0.10206410731438742,7,49
0.44882539237241936,19,49
0.45210193328278636,25,49
