0.17795158269134959,3,7
0.45533048412970056,1,10
0.27034041546399878,0,12
0.54617275101502638,11,12
0.019427984517761732,2,13
0.33575393079362836,6,14
0.14252101855069266,8,14
0.59684331792945788,3,15
0.58330718119781855,0,16
0.40256074663802988,1,17
0.35465388277778598,10,18
0.13129072507466821,7,19
0.23311134778445231,5,20
0.61888907772990531,12,20
0.98860071210242384,2,21
0.64450877503166937,17,22
0.21022359470250029,21,22
0.52927816524371063,8,23
0.47453133149015236,23,24
0.93294643513524189,4,25
0.10828681529727302,16,25
0.54912818821061515,18,25
0.468043757115849,13,26
0.78399335779275869,16,26
0.34801231149826484,4,27
0.94759776976674726,6,27
0.47794125957135103,28,29
0.261842265302767,28,30
0.78408359430745456,9,31
0.94593332104068084,26,31
0.46193658105373914,10,32
0.52601652906045304,0,33
0.40439910784052935,29,33
0.1990418301968957,1,34
0.36028721736983005,15,34
0.37289735004039903,3,35
0.26429679279810103,15,35
0.99721378233397839,5,36
0.18801077955215861,22,36
0.38014491508625525,34,36
0.96110447485641848,19,37
0.72268251927315064,30,37
0.2014124698715315,18,38
0.043322718662688109,19,38
0.91728457330749513,21,38
0.18395461167183347,11,39
0.98790260795844154,14,39
0.26034566450889973,20,40
0.76000121261736342,29,40
0.10388023536029156,2,41
0.954973251447919,24,41
0.85814883453173241,5,42
0.14723737507403556,17,42
0.58931756357265275,37,42
0.43715592794396696,8,43
0.89120985933124375,13,43
0.035629330681885008,32,43
0.28567972104659811,9,44
0.34683731124953854,11,44
0.55612991675409096,35,44
0.617867081819097,4,45
0.72915225790561877,32,45
0.34147442941224171,40,45
0.95562925589354009,7,46
0.060361359036567142,9,46
0.46098447973209389,23,46
0.40378196602320282,33,47
0.60355589274355981,39,47
0.47254431212300951,41,47
0.36325183270199846,28,48
0.84359965805404569,30,48
0.7775943126218211,31,48
0.53836550831949914,6,49
0.6609053883518704,24,49
0.83159874599926886,27,49
