0.70532484287708519,1,6
0.071754532515803549,4,6
0.18313280147051647,7,8
0.99275082760691835,0,15
0.28988732653403848,10,15
0.93748549057718067,4,16
0.6142353619202372,2,17
0.043710322363752718,10,18
0.33484952025574433,16,19
0.77108276252324326,3,20
0.57124148470384772,13,20
0.29354692468818355,12,22
0.11921294195815835,14,23
0.88110234376614971,21,23
0.85006055515724377,16,24
0.68671288985595924,21,24
0.0078400274351253518,7,25
0.20286087125764463,13,25
0.33071247450018693,19,25
0.06051453326153533,20,26
0.0027714017910388522,11,27
0.34053293289153164,19,27
0.85752910322158782,5,28
0.3827021211384809,26,28
0.4167567781700382,3,29
0.90028823780966827,9,29
0.97104314285910009,7,30
0.12360538412706168,11,30
0.48553739695306042,13,30
0.23325729630642933,29,31
0.4584344234690434,0,32
0.54677953147446501,22,32
0.63077349818561645,23,32
0.087433830129485357,0,33
0.798425227896159,2,33
0.74430265558752029,1,34
0.21153775363348903,2,34
0.41325722478743321,5,34
0.40785973780218043,17,35
0.85657536836979453,22,35
0.08055195838682494,33,36
0.20835585616263563,35,36
0.7748109590493002,17,37
0.99307979174382777,26,37
0.036576039294725082,9,38
0.88089987579074747,36,38
0.67306842561730218,11,39
0.58231791988933623,21,39
0.50162156511216893,1,40
0.90628961382216022,14,40
0.2024081821612046,8,41
0.76761508747463103,9,41
0.90986969452335564,12,42
0.84791731118395675,39,42
0.76830861605638712,18,43
0.91065482504663831,28,43
0.48125692147742105,40,43
0.56584122076846455,6,44
0.4092206696190025,8,44
0.23921709123966828,24,44
0.38337258172694355,5,45
0.068266515565311825,31,45
0.39961628162986373,37,45
0.40539206324434007,3,46
0.76797710104641437,14,46
0.6044222917044223,27,46
0.68145334466915042,4,47
0.97157430216042806,38,47
0.78936010165736237,41,47
0.83699348745416435,12,48
0.51591683817113709,31,48
0.073791026585213637,42,48
0.21515530981847475,10,49
0.43958574608865475,15,49
0.59913605112258139,18,49
