1.0,2,6
1.0,5,7
1.0,9,14
1.0,13,14
1.0,9,15
1.0,5,18
1.0,8,18
1.0,15,18
1.0,17,21
1.0,0,22
1.0,8,22
1.0,17,22
1.0,7,23
1.0,12,23
1.0,3,24
1.0,20,24
1.0,21,25
1.0,3,26
1.0,11,26
1.0,16,26
1.0,20,27
1.0,21,29
1.0,27,29
1.0,6,30
1.0,10,30
1.0,14,31
1.0,28,31
1.0,7,32
1.0,15,32
1.0,11,33
1.0,25,33
1.0,28,33
1.0,19,34
1.0,23,34
1.0,32,34
1.0,5,35
1.0,16,35
1.0,0,36
1.0,17,36
1.0,1,37
1.0,4,37
1.0,31,37
1.0,10,38
1.0,19,39
1.0,28,39
1.0,36,39
1.0,1,40
1.0,12,40
1.0,29,40
1.0,3,41
1.0,8,41
1.0,11,41
1.0,4,42
1.0,19,42
1.0,6,43
1.0,10,43
1.0,12,43
1.0,13,44
1.0,16,44
1.0,38,44
1.0,1,45
1.0,2,45
1.0,9,45
1.0,2,46
1.0,4,46
1.0,25,46
1.0,27,47
1.0,30,47
1.0,35,47
1.0,0,48
1.0,13,48
1.0,20,48
1.0,24,49
1.0,38,49
1.0,42,49
