0.57457160408926966,0,8
0.10034728205986509,1,8
0.30521407402337264,5,9
0.081977806136736109,1,11
0.22939614139660913,8,11
0.8538550133903855,10,11
0.17750622404165406,5,12
0.1697284650824914,5,13
0.23993570293272592,7,13
0.49910577603749307,1,15
0.83770777017395326,9,15
0.063774921888930081,9,16
0.19078500011295607,2,18
0.12323567102455502,4,19
0.62956044390170562,4,20
0.65388633684784725,3,21
0.87640816096663621,21,23
0.52584850102507374,18,24
0.13761120954801564,19,24
0.2280791703840781,6,25
0.34754504296253208,19,25
0.083483647500330771,17,26
0.54703985467162397,2,27
0.89018891703792558,14,28
0.52852787478999652,21,28
0.070854367865291756,7,29
0.42730121229788331,17,29
0.12549578516947257,16,30
0.55698529675883657,6,31
0.53828927832787343,23,31
0.39756502418779205,14,32
0.97115436827720059,30,32
0.61564306926325718,22,33
0.76193169580231512,28,33
0.70734788463057696,10,34
0.44370877197138947,12,34
0.58582269259003128,26,34
0.57311781641175252,3,35
0.60799026217591179,24,35
0.47501266701792644,29,35
0.67671273915041941,7,36
0.52793419735662672,13,36
0.48774780235771198,14,36
0.87339847996292697,2,37
0.57861887774423937,20,37
0.27940734809832179,10,38
0.573104687107725,23,38
0.40437741603008226,26,39
0.99429722879450899,27,39
0.53169546094332787,31,39
0.66632610341276177,15,40
0.99539132252831852,20,40
0.59235015591350104,22,40
0.12444082698692938,17,41
0.7459236442660766,0,42
0.86162758269503481,4,42
0.64937505326953748,27,42
0.76456879399811917,16,43
0.05452082683211934,33,43
0.65289204058314187,18,44
0.48021954028920288,25,44
0.14876539703263358,41,44
0.9718457504965472,0,45
0.84010808943143556,12,45
0.66940718428362533,30,46
0.22681516698693749,32,46
0.98236876216448998,41,46
0.66035056697114014,37,47
0.18865942419928883,43,47
0.69715155427937781,6,48
0.36602966847098239,22,48
0.38700248434107409,45,48
0.39697963734474384,3,49
0.10436237412522853,38,49
0.19014403816478476,47,49
