0.60535592965957641,1,2
0.81372927744340395,0,5
0.78190233201875692,4,6
0.53384346581353181,6,9
0.13368138719863221,7,9
0.76288081262413898,8,9
0.020300143030117068,3,11
0.61135001581605986,8,11
0.13062927201895869,0,12
0.25709919423506367,10,12
0.17646997080807147,11,15
0.74814332437897491,12,17
0.63347098725775175,14,17
0.45628595903455627,3,18
0.18812998835342964,1,20
0.12825562496006304,2,21
0.42769185436345136,21,22
0.8667840996141486,7,23
0.71351047153066771,22,23
0.38876330326755637,5,24
0.57804072104086057,10,26
0.9832424219246283,25,26
0.96117476772733412,4,27
0.83888438770082496,26,27
0.013765466333949039,16,28
0.54061803944082631,5,29
0.42316440700689617,13,29
0.21990061197935884,4,30
0.32845515172213458,27,30
0.077704406881289656,25,31
0.78560631611300358,28,31
0.72294682825118117,24,32
0.25375132765546693,19,33
0.13610110739197012,32,33
0.59746239063690221,16,34
0.93542121696925784,22,34
0.84068541046387846,28,34
0.84671020345331538,7,35
0.097169105671016776,19,35
0.24564248233333441,31,36
0.42395930988131592,2,37
0.50503496318572982,18,37
0.0021967405298418674,21,37
0.55036106783082839,1,38
0.42871315209433836,13,38
0.24498246930167666,3,39
0.30040212628156948,20,39
0.43706210160338899,29,39
0.49659996559949149,19,40
0.81977152772408013,23,40
0.48639473735560268,0,41
0.76978136780741524,36,41
0.55802228228216444,40,41
0.38967513912266916,8,42
0.51873943081901375,36,42
0.28026828819060068,25,43
0.20213243452465823,30,43
0.24023860523500662,42,43
0.018183352534218655,10,44
0.80731233293738958,14,44
0.89410985558643263,33,44
0.92384861517372874,13,45
0.56724724546362915,20,45
0.6249586125407629,15,46
0.77345538054249463,24,46
0.3480281689646636,38,46
0.41068991764589635,15,47
0.45343496395061078,16,47
0.70640958451934499,17,47
0.4629463793306402,14,48
0.13019798939271721,18,48
0.69465816913175205,35,48
0.53783912144621382,6,49
0.50874693628527978,32,49
0.47099392724017641,45,49
