0.74123154352765341,2,8
0.50978248331318932,0,9
0.51814262816539169,5,9
0.85377606222295543,9,11
0.24422921264951114,1,12
0.53928368974546004,4,13
0.58611358780019018,6,13
0.66886100605737731,5,18
0.68942876045774104,16,18
0.43758631523530933,4,19
0.97875477958018875,11,20
0.73896828192531228,19,21
0.99346812899587877,0,23
0.62876189575036656,6,25
0.61582419911690889,6,26
0.66179494129660332,12,26
0.06402472827529393,19,26
0.62133451285415264,20,27
0.37773823152668029,23,27
0.07979059336268568,2,28
0.31618917275181668,18,28
0.76477969774998733,21,28
0.63086787789997556,8,29
0.60478515019134604,24,29
0.61130872549442483,10,30
0.001617646864045752,4,31
0.68829002711006104,17,31
0.1963219972868524,22,31
0.71466235245485188,7,32
0.71069001319936864,8,32
0.98267566706265752,1,33
0.98236114198962854,11,33
0.97675792204021294,12,33
0.47730783291917078,15,34
0.5085373058504663,20,34
0.95004264472489108,30,34
0.24968996972496404,3,35
0.066389523773311199,17,35
0.049157467209310468,22,35
0.81642201944998549,3,36
0.90915867752107082,5,36
0.41445651955292107,24,36
0.88320261536378741,0,37
0.16064825770003488,2,37
0.53537718411768764,15,37
0.82518047311230691,10,38
0.055138173644761923,21,38
0.18311367778496535,29,38
0.76027363350501043,16,39
0.53649480443377084,23,39
0.54908067287591877,3,40
0.96148556203417912,15,40
0.74603946306591307,25,40
0.46858988505593235,1,41
0.048036355870952896,14,41
0.60512549860501874,16,41
0.042678998809249857,25,42
0.52907295564837098,7,43
0.69248794255157486,22,43
0.11488527030559625,39,43
0.65823069699680592,10,44
0.59304497990265492,30,44
0.12878068329552328,17,45
0.48898900059802164,14,46
0.10492291205889337,32,46
0.40433756573913715,45,46
0.34701293996104698,13,47
0.88511069740018478,14,47
0.20583689255692461,44,47
0.20250282117351992,7,48
0.89746665055106989,24,48
0.36345814176336488,42,48
0.30519976574061447,27,49
0.91365779477696141,42,49
0.61963738568715943,45,49
