0.89009729405163263,7,9
0.80839670616381276,8,9
0.44512282633224709,4,10
0.11575103459241454,5,12
0.495241820509286,2,13
0.43401358917732347,3,15
0.23060942681671337,13,17
0.75099553947220576,17,18
0.60510308210872787,11,19
0.4113993927450218,10,20
0.9345483482944611,1,21
0.63536828968637926,11,21
0.86743343624206704,15,22
0.15639439742299566,18,22
0.2755409948490567,4,23
0.46855568944624693,0,24
0.58612829935786792,5,24
0.43619830952528416,19,24
0.030167692130891322,13,25
0.83674941383113255,0,26
0.1783623786221683,2,27
0.27396791482201532,23,27
0.038760252640711146,16,28
0.36072192998945507,4,29
0.2281017055753376,26,29
0.5507267771036064,28,29
0.15697388354470554,20,30
0.66854028585858427,6,31
0.94277567983363098,12,31
0.62177313716706839,5,32
0.083720099273840387,14,32
0.80704021955606065,22,33
0.25393512266870721,23,33
0.14183630129329972,7,34
0.31545891299180051,11,34
0.94505143322076945,30,34
0.10542508781774829,17,35
0.48647928214346858,3,36
0.4920402794369878,14,36
0.97878135193486926,16,36
0.25069071084412553,16,37
0.60010129336832119,25,37
0.90968583296131378,3,38
0.99351229980334577,10,38
0.9144948453089411,30,38
0.91571018436680618,1,39
0.040262258887727054,28,39
0.44122991780377763,6,40
0.67843212101451811,26,40
0.073377824167025207,12,41
0.034189577445280395,33,41
0.31680025911174736,35,41
0.40561224442380539,8,42
0.16864240415633125,20,42
0.89524738765838485,21,42
0.094467115002115354,6,43
0.97805425837722682,7,43
0.29294928869645342,31,43
0.051881481906808968,32,44
0.46017226638282427,35,44
0.53558701171519862,19,45
0.80012659990287738,39,45
0.31504535509277931,44,45
0.66083745712046393,15,46
0.80048836418991243,18,46
0.31651695014809011,37,46
0.78750650043132997,1,47
0.21287676518710452,8,47
0.32668571966543203,27,47
0.53107951299885514,2,48
0.253133991409623,14,48
0.99283473791133059,40,48
0.47547273079751673,0,49
0.33356429168496116,9,49
0.90198826342323046,25,49
