0.29960097689178145,6,7
0.5349568405147771,0,8
0.20399601413864277,7,8
0.75380381300233268,12,13
0.66312439299989623,11,14
0.087677219057195499,13,16
0.9833248928900532,4,17
0.56344317272295519,12,17
0.15266191743139634,5,18
0.21935269008286384,9,19
0.55171813416810067,4,20
0.39444131186972164,17,20
0.98058275099184955,14,22
0.49302493219645038,19,22
0.1144897236546597,2,23
0.4463003421204822,6,23
0.98340228253601536,0,24
0.2457037343862033,13,24
0.44553286439225515,21,25
0.037626013591876784,7,26
0.66134590466650323,1,28
0.79665849942649447,11,28
0.68952283144537696,11,29
0.80906290293115468,25,29
0.090548696000497864,6,31
0.17346856696230994,26,31
0.43532767622568502,19,32
0.0068964628919080395,24,32
0.98167243865914966,27,32
0.64519551899168248,8,33
0.55183843233274488,27,33
0.17850944480726294,30,34
0.9480164825783145,31,34
0.76117595081350253,4,35
0.77561219945153592,1,36
0.5258015478037551,5,36
0.60834902473250563,10,36
0.44620158357833495,15,37
0.75055186630970749,30,37
0.6576514738167909,33,37
0.20042530085610777,3,38
0.92468405684459454,21,38
0.42013345113088396,22,38
0.25748671469270856,14,39
0.83892423852449294,18,39
0.46935539108805746,35,39
0.11934808635971417,21,40
0.67639798865363798,26,40
0.68131741569597015,27,40
0.20958684073848821,0,41
0.4550297413758877,9,41
0.57686504978236475,15,41
0.33181523156368842,16,42
0.11047666751021712,23,42
0.65581467851452946,25,42
0.88045401169264481,5,43
0.3259690951268448,16,43
0.91907167152268154,3,44
0.5412693584034457,10,44
0.35614770319396016,28,44
0.5686672335908568,2,45
0.17471110155509328,12,45
0.6200822086895672,34,45
0.64025730842380602,1,46
0.153904629088506,20,46
0.15932757549183474,30,46
0.73955489938211127,3,47
0.98284280439220284,18,47
0.39437537800735833,35,47
0.018204401573495788,9,48
0.19744087797708998,15,48
0.55489841771977833,29,48
0.28456253284393729,2,49
0.92411760865110371,10,49
0.40530640754318548,43,49
