1.0,0,2
1.0,1,4
1.0,8,10
1.0,5,11
1.0,3,12
1.0,4,14
1.0,5,16
1.0,8,16
1.0,2,18
1.0,9,20
1.0,9,21
1.0,13,21
1.0,1,22
1.0,11,22
1.0,7,23
1.0,12,23
1.0,20,23
1.0,4,24
1.0,5,24
1.0,18,24
1.0,0,25
1.0,10,25
1.0,15,26
1.0,0,27
1.0,17,27
1.0,3,28
1.0,6,29
1.0,8,29
1.0,11,30
1.0,25,30
1.0,26,31
1.0,7,32
1.0,19,32
1.0,28,32
1.0,15,33
1.0,17,33
1.0,7,34
1.0,22,34
1.0,31,34
1.0,16,35
1.0,31,35
1.0,12,36
1.0,19,36
1.0,2,37
1.0,9,37
1.0,6,38
1.0,6,39
1.0,17,39
1.0,33,39
1.0,26,40
1.0,38,40
1.0,1,41
1.0,19,41
1.0,36,41
1.0,3,42
1.0,18,42
1.0,35,42
1.0,29,43
1.0,27,44
1.0,30,44
1.0,38,44
1.0,10,45
1.0,13,45
1.0,43,45
1.0,37,46
1.0,40,46
1.0,13,47
1.0,14,47
1.0,28,47
1.0,14,48
1.0,15,48
1.0,21,48
1.0,20,49
1.0,43,49
1.0,46,49
