0.3548757247203127,0,1
0.21073613805497327,1,2
0.72055159711778372,8,9
0.15649687492772291,0,13
0.15136941985128094,11,13
0.85548294951055637,3,14
0.11908589651487189,3,15
0.47907707504652575,14,16
0.63403258978818289,17,18
0.43982211367205781,5,19
0.8934545569751623,18,19
0.72234038507866472,18,20
0.14861260112756036,7,21
0.46556870612823464,4,22
0.062909056864855373,20,22
0.18723345525618629,6,24
0.90803390068912049,21,24
0.87731498845279199,19,25
0.9207263453582023,23,25
0.76902191062362635,7,26
0.6303381247763139,16,26
0.29220073212269992,3,27
0.70221404235823448,5,28
0.86449496664616887,12,28
0.76106496876883734,0,29
0.6548299020462649,22,29
0.039907516582127656,9,30
0.62757032602258922,24,30
0.26288342421497124,17,32
0.66231766227359967,23,32
0.87271661665805611,8,33
0.80241947841644123,10,33
0.58787590206769846,28,33
0.53698046374345021,14,34
0.040989735081564116,15,34
0.13119428449758752,23,34
0.094542456003464892,1,36
0.4309667794471197,20,36
0.3251522875202163,25,36
0.35079587813972424,5,37
0.43937799102523711,9,37
0.027868924999986833,26,37
0.9336104853870516,15,38
0.71774631696932323,17,38
0.18477003305794093,31,38
0.96974564507766858,4,39
0.11146106853128357,31,39
0.93837327055256492,30,40
0.73631331432220859,4,41
0.69170488051307866,8,41
0.0472325296706676,39,41
0.64662044767555549,7,42
0.54437264214469916,12,42
0.45387161462301595,16,42
0.95362057419674107,2,43
0.5452348420283063,21,43
0.15814607844376161,40,43
0.13353431819791772,6,44
0.66263270714673594,10,44
0.21187583701725932,31,44
0.39542744469124214,10,45
0.8773333917632663,12,45
0.33413208629271951,35,45
0.13516365759776705,6,46
0.7738573829053792,29,46
0.2283009898186702,40,46
0.90957937190058791,11,47
0.088907157221203237,27,47
0.62618674523664597,35,47
0.51135197299866686,2,48
0.13521507326245308,13,48
0.6623766873028416,27,48
0.58798608506884842,11,49
0.97914869975683028,32,49
0.54525083438569155,35,49
