0.72971038232045193,6,8
0.45037025439381839,0,11
0.5943063724271378,7,12
0.011614559013123693,11,13
0.20691303667339089,7,14
0.13473772730703881,5,16
0.56999068736100689,1,17
0.98887675822400012,3,17
0.53691432996210597,10,18
0.95693398575365551,12,19
0.26708612065171289,15,19
0.37226737259407783,16,20
0.18700866609952804,8,21
0.82098465255076036,1,22
0.89055083859062256,14,22
0.25208565620701695,11,23
0.68051920910137542,18,23
0.90712786387704925,8,24
0.95218948349826693,4,25
0.38542985018261711,12,25
0.056663994430196762,24,26
0.17686441352162763,5,27
0.84167689720638739,6,28
0.3018251059242939,10,28
0.309911707071019,25,28
0.55135500995162789,9,29
0.89744752405313155,15,29
0.73060839727581761,5,30
0.35734099685693554,20,30
0.60025422534697381,2,32
0.46215276656962634,31,32
0.69764510346413389,3,33
0.35919525354133564,4,33
0.82082764572138556,24,33
0.060335456085162886,15,34
0.58809718530232857,31,34
0.31303166110194103,32,34
0.12638869195031055,19,35
0.21336899302255541,27,35
0.56150243226618746,26,36
0.65727830133174669,29,36
0.44425521572467574,21,37
0.055109907579226625,14,38
0.17957115102690224,18,38
0.5297477657901144,22,38
0.46659043772327302,3,39
0.52335686928491243,6,39
0.5631487932177569,13,40
0.41580661655493922,16,40
0.7154129588849828,21,40
0.29985019163798265,17,41
0.53394196228321178,30,41
0.11149874107588476,2,42
0.68365929535567171,4,42
0.39924682611224449,26,42
0.40015058383573054,10,43
0.34511093843403706,27,43
0.50838615761987238,13,44
0.51517767831164829,23,44
0.80996910782996123,35,44
0.39759436689426575,1,45
0.30971327469405929,9,45
0.93649977426501796,37,45
0.47031625532804622,0,46
0.056435665758347575,2,46
0.99719027986111752,36,46
0.25709682637461251,0,47
0.97770924554349703,37,47
0.54277529614677567,41,47
0.40681733527448505,7,48
0.64420655049579079,20,48
0.042608698064284578,31,48
0.31929032742094909,9,49
0.53215084358951925,39,49
0.87118739268097123,43,49
