0.31371768429719726,0,7
0.47089231461441017,5,7
0.317289217613129,1,8
0.46986831290486697,4,10
0.96258159302021296,6,13
0.21555534388429187,9,14
0.4961041685060692,8,15
0.46818878491187976,14,16
0.9225426170935398,15,16
0.56881177799396421,5,17
0.200267381799759,4,18
0.9502942514886108,11,19
0.80913663310394734,2,21
0.8997959663093823,3,22
0.83202209529168802,13,23
0.28256274722860664,22,23
0.64889312424858625,15,24
0.69212660932625791,21,24
0.70077473510568888,3,25
0.20745755279973122,4,25
0.22669909681482048,10,26
0.88035015265980998,12,26
0.85561733575930066,11,27
0.11617717935622185,19,27
0.48993358490616834,20,28
0.73771801119691682,24,28
0.35729761759309742,11,29
0.44372581717950388,18,29
0.91065615332682182,12,30
0.42184155788755828,18,30
0.017876499608659113,26,31
0.54810451500150759,1,32
0.44366346011765456,17,32
0.96071134237518907,1,33
0.85005825472088814,6,33
0.34602446594000824,32,33
0.97691421829424285,17,34
0.62396405292672863,23,34
0.15193972268261424,14,35
0.53020500822787131,20,35
0.39204625635469426,13,36
0.23290954868321212,31,36
0.15144410206047609,2,38
0.7965428446099716,9,38
0.91376446353385188,21,38
0.45943696846429394,28,39
0.19317963358680079,34,39
0.087335568412713172,2,40
0.66001462991569615,10,40
0.41444057080760133,35,40
0.69770411086655615,22,41
0.54366643065988918,36,41
0.46147164032220145,39,41
0.5486173671386102,16,42
0.30760516463167908,37,42
0.800126193457942,0,43
0.45346686785578805,8,43
0.71892823507792925,37,43
0.80306731948546362,19,44
0.7531304302699845,25,44
0.047463587970026921,29,44
0.9965218778431103,20,45
0.38049599438950532,27,45
0.32491617226349456,30,46
0.80843046050510692,42,46
0.23808864361520743,45,46
0.48416596221403352,6,47
0.4176093050029418,9,47
0.34454740964370822,37,47
0.014636848766523713,5,48
0.7645588967858763,7,48
0.46818473460638443,12,48
0.35899822471861775,0,49
0.34518940679741383,3,49
0.45300833971870513,31,49
