1.0,2,3
1.0,3,5
1.0,4,8
1.0,9,12
1.0,11,13
1.0,4,14
1.0,10,14
1.0,12,15
1.0,0,17
1.0,16,19
1.0,17,19
1.0,9,20
1.0,1,21
1.0,12,21
1.0,19,21
1.0,7,22
1.0,18,23
1.0,0,24
1.0,0,25
1.0,1,25
1.0,5,27
1.0,22,27
1.0,8,28
1.0,10,29
1.0,2,30
1.0,26,31
1.0,30,31
1.0,28,32
1.0,26,33
1.0,30,33
1.0,6,34
1.0,7,34
1.0,23,34
1.0,7,35
1.0,25,35
1.0,27,35
1.0,6,36
1.0,22,36
1.0,15,37
1.0,20,37
1.0,29,37
1.0,6,38
1.0,13,38
1.0,24,38
1.0,9,39
1.0,14,39
1.0,20,39
1.0,16,40
1.0,18,40
1.0,8,41
1.0,13,41
1.0,28,41
1.0,17,42
1.0,23,42
1.0,5,43
1.0,11,43
1.0,31,43
1.0,18,44
1.0,29,44
1.0,36,44
1.0,4,45
1.0,10,45
1.0,26,45
1.0,2,46
1.0,11,46
1.0,32,46
1.0,1,47
1.0,16,47
1.0,40,47
1.0,24,48
1.0,32,48
1.0,33,48
1.0,3,49
1.0,15,49
1.0,42,49
