0.098631299820055696,5,7
0.42391602494024616,5,9
0.544426995453969,2,11
0.24375060047331332,0,12
0.99297401449820488,7,12
0.70999129006254547,6,13
0.87367200705010772,3,14
0.43596855089174646,0,15
0.05630499151547097,9,15
0.96361833321300017,15,18
0.051563700844696747,1,19
0.24454620178250996,4,20
0.88114386248269627,1,21
0.13943062753921187,12,21
0.39302168875489785,6,22
0.24306059500795607,16,23
0.03945218145931717,19,23
0.36956952263066545,4,24
0.61993102571695569,16,24
0.28501718788924035,2,25
0.9103842325265884,11,25
0.19737101223469922,19,25
0.8099471119392696,0,26
0.39305655386757621,8,27
0.7966519806592024,17,28
0.213321285538003,27,28
0.83425583854847873,14,29
0.29757750900632052,8,30
0.52001060018550171,13,31
0.16192608244571249,17,31
0.53305521352391272,10,32
0.15993887025808662,5,33
0.77963334133596274,29,33
0.9019277424627461,7,34
0.28665292222872829,3,35
0.080525860343032996,8,35
0.21468237299007076,34,35
0.066367471401302391,14,36
0.88761742687058265,23,36
0.85216556546796451,16,37
0.93953138977454342,21,37
0.56021068115436312,34,37
0.92508043280203855,9,38
0.8583208628884953,20,38
0.57950020933010027,28,38
0.64564243101051666,1,39
0.75782313038665794,10,39
0.4352851472543916,31,39
0.30383683140487916,3,40
0.085411176811216349,22,40
0.84852052331768657,18,41
0.075382223186275521,32,41
0.41344193903040194,26,42
0.23924358786117084,40,42
0.82909215902238775,6,43
0.47932563383198801,22,43
0.6384852062337818,41,43
0.94016421860766297,4,44
0.75485834952573883,13,44
0.97210461473190246,20,44
0.91097922770584094,17,45
0.93012635157112833,24,45
0.36276663368734652,26,45
0.69551673397748381,2,46
0.89587158103882747,30,46
0.070452496813475762,42,46
0.99783787204132146,10,47
0.47692255583313803,27,47
0.11720566188387604,36,47
0.15076729684633772,11,48
0.072365732355664458,18,48
0.30527862198297673,32,48
0.045342733372559896,29,49
0.61915928559577893,30,49
0.18656129865343662,33,49
