0.49762210676468932,0,7
0.33783422029997412,1,7
0.62432405430313642,4,8
0.4772376721054834,3,9
0.21173733235910452,5,13
0.83903450162035376,6,13
0.87915812824824446,9,14
0.42402044203284039,11,15
0.38259973958711324,11,16
0.56254184369704796,0,18
0.1123164442986142,5,18
0.4906998418322932,4,19
0.21012657775690047,0,20
0.035889616998169616,17,20
0.37290600253388362,1,21
0.80891698614312302,15,22
0.29257367424436609,21,22
0.081641788684254646,16,24
0.031839794637571028,23,24
0.21439013576520061,21,25
0.78621905523262281,23,25
0.96174101939680745,2,26
0.97941491673643355,19,26
0.84572052726224656,12,27
0.57891088284372405,5,28
0.87416272604498657,12,28
0.44081998385244991,8,29
0.051951598193407555,12,30
0.78190360008943505,27,30
0.95175495631831597,10,31
0.79708742242246122,14,31
0.2087643678954485,24,31
0.20633201099653642,10,32
0.45248389024913482,16,32
0.23951580957858232,18,33
0.63955105841141247,29,33
0.57414240018740303,6,34
0.77348977086503234,13,34
0.82426704518427696,2,35
0.46371476861474714,22,35
0.58480461386729088,26,36
0.95382519418354494,28,36
0.094585466525279327,17,37
0.37365823631342099,6,38
0.96459409352590642,10,38
0.01152717835633299,7,39
0.55740853359156073,11,39
0.9042037587054752,3,40
0.17651371442500818,27,40
0.26307343146043283,1,41
0.1932211991638374,15,41
0.26498012610279986,38,41
0.83245624433592302,34,42
0.86254850977326403,39,42
0.30576375882090612,14,43
0.43020956490600937,36,43
0.20708271147332091,37,43
0.12323027609632564,2,44
0.24719273920936957,33,44
0.66895212628529133,37,44
0.030955700571219213,23,45
0.89935101139982554,29,45
0.99870367261150317,32,45
0.80543964494313935,8,46
0.88630581635785355,17,46
0.0020798846233990309,35,46
0.83542125894343877,3,47
0.67456478145587417,9,47
0.71663538890215339,42,47
0.58326069183676077,4,48
0.90948236962729379,25,48
0.34714394387510872,30,48
0.60576156429931627,19,49
0.49206410357740571,20,49
0.17047900291922446,40,49
