1.0,5,8
1.0,3,10
1.0,4,14
1.0,12,14
1.0,2,15
1.0,6,15
1.0,13,15
1.0,9,18
1.0,1,19
1.0,9,19
1.0,8,20
1.0,9,20
1.0,2,21
1.0,17,22
1.0,0,23
1.0,1,23
1.0,4,24
1.0,7,24
1.0,14,25
1.0,22,25
1.0,12,26
1.0,25,26
1.0,7,27
1.0,12,27
1.0,13,28
1.0,7,29
1.0,18,29
1.0,0,30
1.0,28,30
1.0,10,31
1.0,24,31
1.0,26,31
1.0,8,32
1.0,11,32
1.0,20,33
1.0,32,33
1.0,30,34
1.0,2,35
1.0,33,35
1.0,16,36
1.0,10,37
1.0,17,37
1.0,18,38
1.0,21,38
1.0,6,39
1.0,16,39
1.0,34,39
1.0,0,40
1.0,36,40
1.0,3,41
1.0,5,41
1.0,4,42
1.0,5,42
1.0,16,42
1.0,17,43
1.0,23,43
1.0,29,43
1.0,11,44
1.0,28,44
1.0,34,44
1.0,1,45
1.0,22,45
1.0,38,45
1.0,3,46
1.0,13,46
1.0,40,46
1.0,11,47
1.0,19,47
1.0,41,47
1.0,21,48
1.0,36,48
1.0,37,48
1.0,6,49
1.0,27,49
1.0,35,49
