1.0,4,7
1.0,1,8
1.0,2,9
1.0,5,10
1.0,4,11
1.0,3,12
1.0,4,12
1.0,2,13
1.0,10,16
1.0,14,18
1.0,10,19
1.0,3,20
1.0,11,21
1.0,8,22
1.0,15,23
1.0,21,23
1.0,3,24
1.0,8,25
1.0,20,25
1.0,22,25
1.0,7,27
1.0,14,27
1.0,0,28
1.0,17,28
1.0,19,28
1.0,16,29
1.0,6,30
1.0,29,30
1.0,0,31
1.0,5,31
1.0,12,32
1.0,11,33
1.0,26,33
1.0,32,33
1.0,16,34
1.0,24,34
1.0,26,34
1.0,6,35
1.0,13,35
1.0,15,36
1.0,18,36
1.0,21,36
1.0,9,37
1.0,15,37
1.0,35,37
1.0,1,38
1.0,7,38
1.0,20,38
1.0,13,39
1.0,23,39
1.0,9,40
1.0,27,40
1.0,31,41
1.0,6,42
1.0,30,42
1.0,5,43
1.0,17,43
1.0,42,43
1.0,17,44
1.0,18,44
1.0,32,44
1.0,22,45
1.0,39,45
1.0,14,46
1.0,24,46
1.0,41,46
1.0,0,47
1.0,2,47
1.0,41,47
1.0,1,48
1.0,19,48
1.0,40,48
1.0,26,49
1.0,29,49
1.0,45,49
