1.0,0,5
1.0,5,6
1.0,7,9
1.0,7,10
1.0,2,11
1.0,2,12
1.0,3,13
1.0,0,16
1.0,12,18
1.0,8,21
1.0,10,22
1.0,14,23
1.0,14,24
1.0,21,24
1.0,16,25
1.0,22,25
1.0,7,26
1.0,8,26
1.0,17,27
1.0,19,27
1.0,11,28
1.0,10,29
1.0,20,29
1.0,18,30
1.0,21,30
1.0,3,31
1.0,17,31
1.0,19,31
1.0,1,32
1.0,20,32
1.0,6,33
1.0,18,33
1.0,19,34
1.0,23,34
1.0,28,34
1.0,9,35
1.0,30,35
1.0,13,36
1.0,15,36
1.0,27,37
1.0,3,38
1.0,28,38
1.0,37,38
1.0,2,39
1.0,5,39
1.0,24,40
1.0,33,40
1.0,37,40
1.0,4,41
1.0,15,41
1.0,32,41
1.0,9,42
1.0,25,42
1.0,29,42
1.0,1,43
1.0,6,43
1.0,15,43
1.0,4,44
1.0,13,44
1.0,17,44
1.0,1,45
1.0,26,45
1.0,39,45
1.0,4,46
1.0,14,46
1.0,35,46
1.0,8,47
1.0,12,47
1.0,16,47
1.0,0,48
1.0,11,48
1.0,23,48
1.0,20,49
1.0,22,49
1.0,36,49
