1.0,1,5
1.0,3,7
1.0,6,9
1.0,1,10
1.0,3,11
1.0,4,12
1.0,0,13
1.0,8,16
1.0,13,17
1.0,14,17
1.0,11,18
1.0,16,18
1.0,8,19
1.0,15,20
1.0,4,21
1.0,7,22
1.0,2,23
1.0,9,24
1.0,14,24
1.0,14,25
1.0,21,25
1.0,3,26
1.0,13,26
1.0,0,27
1.0,1,28
1.0,12,28
1.0,20,28
1.0,4,31
1.0,26,31
1.0,2,32
1.0,8,32
1.0,12,33
1.0,21,33
1.0,22,33
1.0,15,34
1.0,29,34
1.0,5,35
1.0,9,35
1.0,30,36
1.0,10,37
1.0,32,37
1.0,15,38
1.0,29,38
1.0,6,39
1.0,27,39
1.0,36,39
1.0,27,40
1.0,34,40
1.0,6,41
1.0,11,41
1.0,20,41
1.0,17,42
1.0,22,42
1.0,30,42
1.0,23,43
1.0,24,43
1.0,29,43
1.0,0,44
1.0,30,44
1.0,35,44
1.0,7,45
1.0,19,45
1.0,40,45
1.0,2,46
1.0,36,46
1.0,37,46
1.0,10,47
1.0,18,47
1.0,19,47
1.0,5,48
1.0,23,48
1.0,38,48
1.0,16,49
1.0,25,49
1.0,31,49
