1.0,1,6
1.0,4,6
1.0,7,8
1.0,0,15
1.0,10,15
1.0,4,16
1.0,2,17
1.0,10,18
1.0,16,19
1.0,3,20
1.0,13,20
1.0,12,22
1.0,14,23
1.0,21,23
1.0,16,24
1.0,21,24
1.0,7,25
1.0,13,25
1.0,19,25
1.0,20,26
1.0,11,27
1.0,19,27
1.0,5,28
1.0,26,28
1.0,3,29
1.0,9,29
1.0,7,30
1.0,11,30
1.0,13,30
1.0,29,31
1.0,0,32
1.0,22,32
1.0,23,32
1.0,0,33
1.0,2,33
1.0,1,34
1.0,2,34
1.0,5,34
1.0,17,35
1.0,22,35
1.0,33,36
1.0,35,36
1.0,17,37
1.0,26,37
1.0,9,38
1.0,36,38
1.0,11,39
1.0,21,39
1.0,1,40
1.0,14,40
1.0,8,41
1.0,9,41
1.0,12,42
1.0,39,42
1.0,18,43
1.0,28,43
1.0,40,43
1.0,6,44
1.0,8,44
1.0,24,44
1.0,5,45
1.0,31,45
1.0,37,45
1.0,3,46
1.0,14,46
1.0,27,46
1.0,4,47
1.0,38,47
1.0,41,47
1.0,12,48
1.0,31,48
1.0,42,48
1.0,10,49
1.0,15,49
1.0,18,49
