0.97591764264059899,0,2
0.54763010339413487,3,11
0.1585486386343109,6,11
0.56639857652124315,4,13
0.2962633118018756,0,14
0.091117255454693291,8,15
0.55752927306613453,12,15
0.985157812580574,4,16
0.22958164170293649,10,16
0.34349435612442636,7,19
0.15866806205108719,8,21
0.79772677091859356,12,23
0.34412631928490145,21,23
0.20309715088984504,9,25
0.47575474316739375,20,25
0.83116808053848179,3,26
0.10895037462806656,13,26
0.32673873662221942,22,26
0.42969148371559618,14,27
0.68031296800948227,15,28
0.62046521257796838,18,28
0.853509682612696,17,29
0.88491669857705757,22,29
0.93783786713375328,24,29
0.18830036714801779,18,30
0.2513191744605906,22,30
0.97229860987637395,24,30
0.65537887298473108,9,31
0.81468217179471103,20,31
0.75919873813404726,10,32
0.037672508017716044,14,32
0.85656592289272215,27,32
0.024851168553747915,5,33
0.32607811508760776,2,34
0.71539922479334106,33,34
0.70387060853966488,16,35
0.15796296476112004,17,35
0.92162102310937166,18,35
0.41268180086337303,5,36
0.89107000138276304,7,36
0.87477903096826104,25,36
0.43149886212043254,12,37
0.32375243063538417,19,37
0.2472814177236129,20,37
0.95991626798868823,6,38
0.54897984813188894,11,38
0.87277117380986624,6,39
0.0684868060829954,21,39
0.55442601951354675,1,41
0.50701061338959674,7,41
0.77170330688199873,33,41
0.82035243434237926,23,42
0.32915421728952654,28,42
0.80905671268325408,40,42
0.027485375895876962,0,43
0.22532080153642908,8,43
0.84734038620370189,40,43
0.2319478923314946,1,44
0.76981213057316367,13,44
0.80245624958211914,31,44
0.41193510214431983,10,45
0.09995007695077629,19,45
0.60939113620203567,38,45
0.06161716244692661,3,46
0.12486500994797167,4,46
0.56590787295487843,24,46
0.92489636898691274,2,47
0.93737640332303285,34,47
0.84902908704164148,40,47
0.94038208690029024,1,48
0.38971656799902199,5,48
0.31176802481205834,17,48
0.19444408806708313,9,49
0.70661374139490685,27,49
0.31069693412348975,39,49
