1.0,0,4
1.0,0,8
1.0,4,9
1.0,7,10
1.0,6,11
1.0,9,11
1.0,3,12
1.0,1,13
1.0,1,14
1.0,8,15
1.0,3,16
1.0,2,17
1.0,13,17
1.0,5,19
1.0,6,20
1.0,16,20
1.0,2,21
1.0,8,24
1.0,3,25
1.0,15,25
1.0,18,26
1.0,12,27
1.0,18,27
1.0,17,28
1.0,15,29
1.0,18,29
1.0,19,29
1.0,0,30
1.0,9,30
1.0,23,30
1.0,1,31
1.0,21,31
1.0,22,32
1.0,27,33
1.0,28,33
1.0,26,34
1.0,2,35
1.0,20,35
1.0,6,36
1.0,11,36
1.0,23,36
1.0,7,37
1.0,13,37
1.0,19,38
1.0,32,38
1.0,24,39
1.0,32,39
1.0,16,40
1.0,35,40
1.0,14,41
1.0,23,41
1.0,25,41
1.0,4,42
1.0,22,42
1.0,34,42
1.0,5,43
1.0,12,43
1.0,33,43
1.0,10,44
1.0,21,44
1.0,28,44
1.0,38,45
1.0,39,45
1.0,10,46
1.0,31,46
1.0,37,46
1.0,5,47
1.0,14,47
1.0,24,47
1.0,7,48
1.0,26,48
1.0,45,48
1.0,22,49
1.0,34,49
1.0,40,49
