1.0,1,2
1.0,0,5
1.0,2,9
1.0,1,11
1.0,5,14
1.0,11,15
1.0,4,16
1.0,3,17
1.0,12,18
1.0,7,19
1.0,13,19
1.0,18,20
1.0,15,21
1.0,17,21
1.0,4,22
1.0,16,22
1.0,18,22
1.0,12,25
1.0,15,25
1.0,3,26
1.0,9,26
1.0,0,27
1.0,10,27
1.0,20,27
1.0,5,28
1.0,10,28
1.0,3,29
1.0,11,29
1.0,6,30
1.0,9,31
1.0,29,31
1.0,8,32
1.0,24,32
1.0,20,33
1.0,26,34
1.0,32,34
1.0,6,35
1.0,7,35
1.0,30,35
1.0,0,36
1.0,14,36
1.0,23,36
1.0,19,37
1.0,24,37
1.0,33,37
1.0,13,38
1.0,23,38
1.0,8,39
1.0,25,39
1.0,28,40
1.0,31,40
1.0,7,41
1.0,33,41
1.0,12,42
1.0,23,42
1.0,41,42
1.0,8,43
1.0,24,43
1.0,2,44
1.0,4,44
1.0,14,44
1.0,16,45
1.0,30,45
1.0,10,46
1.0,17,46
1.0,34,46
1.0,6,47
1.0,21,47
1.0,38,47
1.0,1,48
1.0,39,48
1.0,40,48
1.0,13,49
1.0,43,49
1.0,45,49
