0.35333334640527569,0,1
0.26489106446107591,6,7
0.14793973357513845,2,8
0.53355568614557025,7,13
0.22540550519395119,12,14
0.41896053280280732,6,16
0.23925299838002434,1,17
0.50245790425206627,11,17
0.36696054890227603,13,17
0.88206064570643872,0,19
0.92174766685277942,12,19
0.93520391014729709,3,20
0.070666415965177976,13,21
0.68999789509818898,14,21
0.085479004959358562,10,22
0.33674289061539164,10,23
0.68295873503972038,18,23
0.2114800317715011,20,23
0.79858361001252853,9,24
0.95028013887126472,12,24
0.42290040038622922,0,26
0.019864931659344109,4,26
0.22858148200616546,5,26
0.21775161299962809,3,27
0.64852582825111738,24,27
0.55802069701536416,18,28
0.24167194621241217,19,28
0.46728923235675746,15,29
0.16700964836479248,22,29
0.096010321457907888,25,29
0.69794746541172004,1,30
0.72426381418762953,9,30
0.32235570705695182,2,31
0.0019704711483102821,11,31
0.94495394084522588,20,31
0.98075181843110282,3,32
0.70623368124870178,11,32
0.81321047948413416,25,33
0.67511679240484668,30,33
0.089993122697768713,16,34
0.58465091066417174,18,34
0.80257181351989493,7,35
0.34219384527732422,4,36
0.47435355188685047,35,36
0.53449553995652921,32,37
0.82557590556009852,6,38
0.85956750675252069,21,38
0.62633366949002711,36,38
0.27969391899373974,5,39
0.37700261029471804,15,39
0.1486713961612417,34,39
0.041400160844270117,2,40
0.97532983469946422,8,41
0.040588983229679076,16,41
0.63800459419258226,40,41
0.2158635817514083,25,42
0.24965361848067014,33,42
0.99885891606690091,10,43
0.19168911288796409,15,43
0.048419771161519187,37,43
0.87524623332841778,28,44
0.66082153711123581,35,44
0.72582939520635537,40,45
0.56025613727967116,42,45
0.30401194991436065,4,46
0.090703738144258361,27,46
0.21703605430920236,44,46
0.72978736381922793,8,47
0.1809230293128834,22,47
0.94072906782232257,9,48
0.86578537748322781,14,48
0.1190926387976593,47,48
0.90568529372053008,5,49
0.36309772136285601,37,49
0.30153125352688348,45,49
