1.0,0,4
1.0,2,5
1.0,3,7
1.0,4,10
1.0,8,10
1.0,5,14
1.0,9,14
1.0,11,17
1.0,2,18
1.0,2,19
1.0,6,20
1.0,20,21
1.0,13,24
1.0,15,24
1.0,16,24
1.0,10,25
1.0,17,25
1.0,18,25
1.0,16,26
1.0,0,27
1.0,21,27
1.0,26,27
1.0,14,28
1.0,19,28
1.0,7,29
1.0,8,29
1.0,11,30
1.0,16,30
1.0,5,31
1.0,28,31
1.0,12,32
1.0,13,32
1.0,15,32
1.0,9,33
1.0,15,33
1.0,1,34
1.0,4,34
1.0,26,34
1.0,22,35
1.0,33,35
1.0,6,36
1.0,23,36
1.0,22,37
1.0,23,37
1.0,29,37
1.0,1,38
1.0,13,38
1.0,18,38
1.0,0,39
1.0,17,40
1.0,22,40
1.0,19,41
1.0,30,41
1.0,1,42
1.0,12,42
1.0,40,42
1.0,12,43
1.0,39,43
1.0,41,43
1.0,3,44
1.0,35,44
1.0,39,44
1.0,36,45
1.0,7,46
1.0,21,46
1.0,31,46
1.0,11,47
1.0,23,47
1.0,45,47
1.0,3,48
1.0,8,48
1.0,45,48
1.0,6,49
1.0,9,49
1.0,20,49
