0.22099620125875341,3,4
0.2685448123444153,7,9
0.11892075222523302,4,11
0.89095291154305811,5,12
0.97105824556999909,10,13
0.72213130940807835,5,14
0.021152472028972524,3,15
0.2490393905231697,6,15
0.17909784377577931,2,16
0.44271073995302479,4,16
0.62642409430082213,9,17
0.10943488418776359,1,18
0.086038589182802161,16,20
0.81334775648320345,1,22
0.47815334254450514,12,22
0.43725337255897234,1,23
0.27207153968837594,2,24
0.49955947514099708,9,24
0.30826958414582784,19,24
0.65835647316211987,8,26
0.31828002073750916,2,27
0.40430746544061102,12,28
0.67433152042112121,25,28
0.034798570623490566,27,29
0.95319148654672115,6,30
0.70171681115610951,26,30
0.16783675063036485,0,31
0.20194473111182554,26,31
0.18341571540314161,0,32
0.59506110980813065,21,32
0.9420407712385267,31,32
0.35454564749102735,14,33
0.72032089533133836,7,34
0.30151098184963132,18,34
0.27010286812372486,22,34
0.70556008392142988,3,35
0.83184566676701555,8,35
0.12309552975762439,0,36
0.18050261206833573,7,36
0.69399197416844827,13,36
0.97740067157052979,6,37
0.67941755265943826,10,37
0.77845898693710258,11,37
0.29615649732790317,25,38
0.6677463811868668,23,39
0.76973979338338716,38,39
0.24484456268124666,5,40
0.47836583635759256,29,40
0.98535316071308454,35,40
0.29099348740587694,20,41
0.0635517754204038,21,41
0.89999914128465686,20,42
0.42902628659722908,28,42
0.68519714103479568,38,42
0.42056340060032538,19,43
0.48970954608758377,21,43
0.022581511982053826,41,43
0.51487811862115085,8,44
0.93850894356096537,17,44
0.53733922546249613,18,44
0.2063547501484766,19,45
0.20043989655633576,23,45
0.49243865747919069,33,45
0.69430482456530529,10,46
0.0039766613348036772,17,46
0.90517697606521119,39,46
0.53723221382130992,15,47
0.19111898009951989,27,47
0.14984132495875713,30,47
0.88609395857968343,13,48
0.17091633926285588,14,48
0.3740636710016858,29,48
0.10745467341394777,11,49
0.95788330984777459,25,49
0.93663328286133241,33,49
