0.58589810323857383,0,1
0.015138279060043502,0,2
0.30352513287392202,3,5
0.72407202968322337,5,6
0.58107215448282856,2,9
0.44888635720847014,10,12
0.26936964647902817,7,14
0.48759049051862802,5,15
0.19980913756552254,14,17
0.27440827750230168,13,18
0.71461644306212657,10,21
0.56335743387310688,16,21
0.32727938567962422,10,22
0.14906540254927036,11,22
0.29322835712106965,20,22
0.22333191810848863,13,23
0.5960373853349713,18,23
0.056525753049198157,12,24
0.38619405326650169,11,25
0.88757252753299298,13,26
0.39101063653146928,19,26
0.95520666409874333,3,27
0.3480062183331708,4,27
0.74257147431036075,8,28
0.91854692906010704,27,28
0.33950704125669806,4,29
0.98344263693136114,28,29
0.37184659111593676,26,30
0.94456351010744166,8,31
0.32349070042657491,9,31
0.34879563548732873,15,31
0.74315037504206982,19,32
0.35036815586812664,0,33
0.76784612008997422,20,33
0.19488361066468096,17,34
0.20931481394126528,20,34
0.35733450685657098,6,35
0.776075351888731,25,35
0.91983493112454606,29,35
0.89384332098991082,8,37
0.05950766171605093,9,37
0.80594244821385552,32,37
0.43264928259089031,16,38
0.044011576523279028,18,38
0.41817208950063622,21,39
0.64579057938045892,33,39
0.70876092148036374,36,39
0.52311553671463751,16,40
0.78955151239919397,24,40
0.55444837176706852,7,41
0.10047767829110876,17,41
0.2191859566549802,34,41
0.77610141405883626,11,42
0.68725614269552315,14,42
0.16387821579228157,4,43
0.30719092695734773,6,43
0.30199833100157825,7,43
0.85599398029158635,19,44
0.99505710154239779,32,44
0.34127779364744126,42,44
0.23129891170724104,1,45
0.24732912195894963,2,45
0.83350228837292339,24,45
0.87101657445402036,12,46
0.9554328996966126,15,46
0.34428325815613547,36,46
0.70594341082231238,1,47
0.25587701729643741,23,47
0.39688348125637118,38,47
0.12081504533767118,3,48
0.99500497219098238,30,48
0.86557979006934027,40,48
0.027172560122534106,25,49
0.83741774289209769,30,49
0.20760671575941547,36,49
