1.0,5,7
1.0,3,8
1.0,1,10
1.0,8,10
1.0,2,11
1.0,4,11
1.0,4,12
1.0,9,14
1.0,10,15
1.0,1,16
1.0,17,18
1.0,3,19
1.0,8,19
1.0,13,20
1.0,2,21
1.0,11,23
1.0,14,23
1.0,16,24
1.0,17,24
1.0,5,25
1.0,6,25
1.0,9,26
1.0,15,26
1.0,7,27
1.0,13,27
1.0,5,28
1.0,17,28
1.0,21,28
1.0,12,29
1.0,27,29
1.0,13,30
1.0,0,31
1.0,18,32
1.0,31,32
1.0,0,33
1.0,9,34
1.0,19,34
1.0,26,34
1.0,6,35
1.0,22,35
1.0,16,36
1.0,29,36
1.0,24,37
1.0,31,37
1.0,36,38
1.0,37,38
1.0,21,39
1.0,20,40
1.0,23,40
1.0,3,41
1.0,25,41
1.0,7,42
1.0,14,42
1.0,33,42
1.0,1,43
1.0,22,43
1.0,41,43
1.0,30,44
1.0,33,44
1.0,38,44
1.0,2,45
1.0,30,45
1.0,39,45
1.0,4,46
1.0,20,46
1.0,22,46
1.0,0,47
1.0,12,47
1.0,40,47
1.0,6,48
1.0,15,48
1.0,35,48
1.0,18,49
1.0,32,49
1.0,39,49
