1.0,3,8
1.0,0,9
1.0,1,10
1.0,6,11
1.0,2,13
1.0,4,13
1.0,12,15
1.0,10,16
1.0,12,17
1.0,4,18
1.0,11,18
1.0,7,19
1.0,3,20
1.0,5,20
1.0,8,20
1.0,21,22
1.0,1,23
1.0,22,23
1.0,0,24
1.0,16,26
1.0,14,27
1.0,17,28
1.0,21,28
1.0,1,29
1.0,4,29
1.0,7,30
1.0,26,30
1.0,7,31
1.0,0,32
1.0,30,32
1.0,17,33
1.0,19,33
1.0,21,33
1.0,5,34
1.0,9,34
1.0,2,35
1.0,34,35
1.0,16,36
1.0,32,36
1.0,2,37
1.0,3,37
1.0,15,37
1.0,15,38
1.0,19,38
1.0,27,38
1.0,24,39
1.0,29,39
1.0,31,39
1.0,6,40
1.0,8,40
1.0,13,40
1.0,9,41
1.0,36,41
1.0,10,42
1.0,18,42
1.0,26,42
1.0,14,43
1.0,35,43
1.0,11,44
1.0,41,44
1.0,43,44
1.0,6,45
1.0,23,45
1.0,25,45
1.0,5,46
1.0,25,46
1.0,31,46
1.0,24,47
1.0,28,47
1.0,14,48
1.0,22,48
1.0,27,48
1.0,12,49
1.0,25,49
1.0,47,49
