1.0,1,2
1.0,2,4
1.0,0,6
1.0,3,7
1.0,6,11
1.0,10,14
1.0,9,15
1.0,12,15
1.0,1,16
1.0,8,16
1.0,3,17
1.0,5,18
1.0,10,19
1.0,17,19
1.0,5,20
1.0,13,21
1.0,20,21
1.0,11,22
1.0,17,22
1.0,0,24
1.0,2,24
1.0,23,24
1.0,6,25
1.0,3,27
1.0,20,27
1.0,7,28
1.0,11,29
1.0,19,29
1.0,21,29
1.0,10,30
1.0,12,31
1.0,26,31
1.0,4,32
1.0,25,32
1.0,31,32
1.0,1,33
1.0,28,34
1.0,7,35
1.0,8,36
1.0,9,36
1.0,33,36
1.0,13,37
1.0,30,37
1.0,13,38
1.0,23,38
1.0,26,38
1.0,8,39
1.0,26,39
1.0,15,40
1.0,16,40
1.0,18,40
1.0,0,41
1.0,5,41
1.0,30,41
1.0,14,42
1.0,22,42
1.0,12,43
1.0,25,43
1.0,4,44
1.0,23,44
1.0,18,45
1.0,33,45
1.0,44,45
1.0,14,46
1.0,27,46
1.0,42,46
1.0,28,47
1.0,34,47
1.0,35,47
1.0,9,48
1.0,35,48
1.0,39,48
1.0,34,49
1.0,37,49
1.0,43,49
