1.0,2,3
1.0,8,9
1.0,1,10
1.0,7,10
1.0,4,11
1.0,6,12
1.0,3,13
1.0,6,15
1.0,7,15
1.0,13,17
1.0,14,17
1.0,13,18
1.0,14,18
1.0,2,19
1.0,0,20
1.0,11,21
1.0,16,21
1.0,8,22
1.0,22,23
1.0,0,24
1.0,16,24
1.0,5,26
1.0,25,26
1.0,20,27
1.0,5,28
1.0,12,28
1.0,2,29
1.0,12,29
1.0,23,29
1.0,5,30
1.0,15,30
1.0,27,30
1.0,0,31
1.0,7,31
1.0,23,32
1.0,6,33
1.0,21,34
1.0,31,34
1.0,33,34
1.0,28,35
1.0,3,36
1.0,9,36
1.0,25,36
1.0,24,37
1.0,1,38
1.0,14,38
1.0,27,38
1.0,1,39
1.0,22,39
1.0,4,40
1.0,16,40
1.0,37,40
1.0,25,41
1.0,35,41
1.0,18,42
1.0,8,43
1.0,35,43
1.0,19,44
1.0,32,44
1.0,37,44
1.0,11,45
1.0,32,45
1.0,42,45
1.0,4,46
1.0,10,46
1.0,26,46
1.0,17,47
1.0,39,47
1.0,42,47
1.0,9,48
1.0,19,48
1.0,33,48
1.0,20,49
1.0,41,49
1.0,43,49
