0.75876829554299807,0,2
0.61976907321800878,5,7
0.41569563291086753,2,9
0.95978621176522472,8,9
0.0700455689403916,0,11
0.38245950745794532,4,11
0.89593189105530535,1,13
0.52505950294194015,6,14
0.11733709954856508,6,15
0.034416303360430778,10,17
0.28881575143621474,4,18
0.091022960123371299,18,20
0.75893396643639754,19,20
0.53017078737448919,7,21
0.11604785602942636,12,22
0.45527089827124678,13,22
0.73346908462082006,6,23
0.0080171068098490172,10,23
0.42276756121918824,8,25
0.85483569171388829,12,26
0.52028155045618085,21,26
0.01341339992991597,24,26
0.53737037469938087,10,27
0.076405701385273139,21,27
0.76251301115213443,16,28
0.075000992997607652,1,29
0.56687968445015757,15,29
0.27497799036939696,22,29
0.40523047323770045,3,31
0.52885320728680685,4,31
0.81064590836507,14,32
0.95565671707747835,0,33
0.97055361563174947,25,33
0.78189587189691589,32,34
0.074450424085308664,12,35
0.16411960276675552,24,35
0.41467606951322933,30,35
0.12543604454628499,3,36
0.51475316212974775,18,36
0.24026101390113186,33,36
0.12114297306974076,9,37
0.0046832293120113722,17,37
0.58253862501458109,30,37
0.061576443685861459,5,38
0.36583045821377413,27,38
0.0083910957019571741,28,38
0.44955649721105428,19,39
0.5061885557406165,23,39
0.85182642566061451,28,39
0.58849363866316584,11,40
0.52040689481381885,16,40
0.79031396839278623,34,40
0.97158245681149791,16,41
0.27548832066508555,30,41
0.3808655353766589,32,41
0.83237236614977728,7,42
0.6491002426204161,1,43
0.49392585699220259,17,43
0.78987488236621062,24,43
0.68819264989127471,19,44
0.2251632907702884,42,44
0.15570900351022576,13,45
0.23023867990911151,20,45
0.73972869567049004,42,45
0.76908929341485344,2,46
0.49403536859631592,14,46
0.8999409993522195,44,46
0.59055458519421533,5,47
0.96564047396975949,8,47
0.7227477960213029,31,47
0.94999513525365165,3,48
0.35526145164040335,15,48
0.56337814430831579,25,49
0.2908102652623713,34,49
0.97851758148400381,48,49
