0.25096027939791377,0,9
0.13429727885725862,8,9
0.69391662232905793,1,10
0.87961181100947927,4,11
0.84287073074264451,6,11
0.85514477474289985,7,12
0.38477993533045651,2,13
0.92472731997946833,4,14
0.72940657414814936,1,15
0.097452579857537969,2,16
0.85023668777308914,2,17
0.79233296618371829,13,19
0.74438663299883434,18,19
0.39356362520767685,7,20
0.047562777750262408,8,21
0.95805342204861454,6,24
0.059146477638454376,5,25
0.22917580583531583,16,26
0.43592352362971154,25,26
0.39673803353179982,3,27
0.36432346796780279,13,27
0.55321630831620994,23,27
0.21790312747369145,10,28
0.093550273999088884,22,28
0.64447989733825528,3,29
0.05888784503133726,12,29
0.36043964465221134,1,30
0.91050624243859957,20,30
0.025607261622140332,22,30
0.19013945806154475,5,31
0.70615311902985933,18,31
0.39698258447419044,17,32
0.2901084311041533,14,33
0.53754830745588633,15,33
0.15006053928251084,21,34
0.52851081328702365,25,34
0.94396190663310875,15,35
0.504734529012551,22,35
0.51067301818902977,33,35
0.66846253936919975,26,36
0.22560452977973,32,36
0.13986336427358315,16,37
0.66198928132681778,34,37
0.96957894571066727,10,38
0.35570509507190207,24,38
0.35337491744231597,36,38
0.30130228221627164,21,39
0.69483447054726377,0,40
0.50050297073742278,17,40
0.44070414805367708,20,40
0.33981732902056472,8,41
0.79916904216317541,9,41
0.71889552505270127,14,41
0.019231604586307016,5,42
0.16354739857839073,19,42
0.99915726186185394,23,42
0.92949067236452365,0,43
0.94614158675416082,12,43
0.92715358740735998,37,43
0.47365236917771636,28,44
0.67216161534128116,39,44
0.1504558010008028,4,45
0.83866404575803311,11,45
0.14484311951247264,24,46
0.76260662163570592,29,46
0.5507014167770351,39,46
0.23882215869730594,6,47
0.58886004465870134,31,47
0.070743048355805915,32,47
0.068535873013957138,3,48
0.69047578694155076,23,48
0.14016683304648503,45,48
0.03239578837593482,7,49
0.97523922807549035,18,49
0.38540954605869326,44,49
