1.0,2,9
1.0,7,10
1.0,8,13
1.0,4,14
1.0,6,15
1.0,13,15
1.0,0,16
1.0,1,17
1.0,14,18
1.0,1,19
1.0,12,19
1.0,0,21
1.0,14,21
1.0,20,22
1.0,12,23
1.0,13,23
1.0,17,23
1.0,16,24
1.0,5,25
1.0,3,26
1.0,15,26
1.0,3,27
1.0,12,27
1.0,2,28
1.0,4,29
1.0,18,29
1.0,3,30
1.0,10,31
1.0,4,32
1.0,5,32
1.0,11,32
1.0,17,33
1.0,26,33
1.0,6,34
1.0,7,34
1.0,11,34
1.0,10,35
1.0,31,35
1.0,8,36
1.0,18,36
1.0,24,36
1.0,1,37
1.0,19,37
1.0,21,37
1.0,30,38
1.0,31,38
1.0,20,39
1.0,35,39
1.0,2,40
1.0,28,40
1.0,7,41
1.0,22,41
1.0,39,41
1.0,5,42
1.0,24,42
1.0,16,43
1.0,25,43
1.0,29,43
1.0,9,44
1.0,38,44
1.0,6,45
1.0,20,45
1.0,28,45
1.0,8,46
1.0,11,46
1.0,30,46
1.0,22,47
1.0,27,47
1.0,42,47
1.0,0,48
1.0,25,48
1.0,33,48
1.0,9,49
1.0,40,49
1.0,44,49
