1.0,0,4
1.0,1,7
1.0,3,7
1.0,6,9
1.0,8,9
1.0,5,11
1.0,10,12
1.0,2,13
1.0,4,14
1.0,17,18
1.0,5,22
1.0,21,22
1.0,20,23
1.0,19,24
1.0,0,25
1.0,12,25
1.0,17,27
1.0,19,27
1.0,22,27
1.0,10,28
1.0,19,28
1.0,6,29
1.0,9,29
1.0,15,29
1.0,11,30
1.0,15,30
1.0,20,30
1.0,8,31
1.0,23,31
1.0,1,32
1.0,16,33
1.0,10,34
1.0,18,35
1.0,26,35
1.0,33,35
1.0,2,36
1.0,20,36
1.0,32,36
1.0,24,37
1.0,26,37
1.0,34,37
1.0,3,38
1.0,5,38
1.0,14,38
1.0,6,39
1.0,33,39
1.0,0,40
1.0,4,40
1.0,7,40
1.0,3,41
1.0,11,41
1.0,31,41
1.0,16,42
1.0,17,42
1.0,25,42
1.0,2,43
1.0,21,43
1.0,8,44
1.0,21,44
1.0,32,44
1.0,13,45
1.0,28,45
1.0,34,45
1.0,23,46
1.0,24,46
1.0,43,46
1.0,12,47
1.0,15,47
1.0,18,47
1.0,14,48
1.0,16,48
1.0,26,48
1.0,1,49
1.0,13,49
1.0,39,49
