0.97068883995876964,0,8
0.93567441195892209,10,11
0.43654385425759001,11,12
0.33562566382232506,4,13
0.22873520707197081,5,13
0.13151265539997525,2,15
0.088552011943546671,8,15
0.31318425737821498,0,16
0.57434031794439855,6,17
0.18377722500507421,13,18
0.208262887819467,9,19
0.52775935386795181,7,20
0.01027645842905911,19,20
0.2373290747114124,5,21
0.51785421175030089,2,22
0.47886461366168154,6,23
0.97180285113482179,22,23
0.44601763369495639,20,24
0.20924099443349264,9,25
0.81213551867823663,12,25
0.76602042580635255,22,25
0.79751306668276578,10,26
0.3893305968499563,4,27
0.6970849706063863,23,27
0.67733152191852086,6,28
0.55204342202605428,16,29
0.72535568465537559,19,29
0.53181946511722833,3,30
0.09546843155443141,28,30
0.70426079928959751,0,31
0.93537758859724218,10,31
0.87475846853968597,12,31
0.68356776843663836,1,32
0.82978402916748806,18,32
0.8119486816236281,27,33
0.83572150263038703,2,34
0.88981388935742878,7,35
0.18873003974556335,8,35
0.26594927833309512,16,36
0.96594188591609964,18,36
0.70796684217605388,26,36
0.46076185540306402,1,37
0.86699799840251945,32,37
0.44787381171243501,5,38
0.71165752011904182,3,39
0.54659903052400105,34,39
0.63060502648825034,37,39
0.65430477129217968,4,40
0.1770622157548376,14,40
0.6007760637766637,21,40
0.79348152497092184,3,41
0.91211827845408433,21,41
0.43849095452023934,24,41
0.22339519972161292,15,42
0.41516995865324147,17,42
0.1746639775402673,11,43
0.089389847548452916,14,43
0.53728001598645581,30,43
0.93422573364996309,1,44
0.51042536278990902,24,44
0.65472845209670494,26,45
0.5508742561683202,28,45
0.29808253473148127,38,45
0.019850442219128572,29,46
0.65162336939565546,33,46
0.097172008035298685,35,46
0.92487683559099454,14,47
0.38521146675601314,17,47
0.88551458769897073,44,47
0.60359853671223929,7,48
0.081126455307288459,33,48
0.84939541217616965,42,48
0.40907643449381759,9,49
0.23154134458324571,34,49
0.64893567795724305,38,49
