0.32483729097744907,0,8
0.64090797184724968,1,10
0.31073422710868648,3,11
0.22842135121022156,2,12
0.29230467652461989,6,12
0.24227033431317269,0,13
0.97052231452814042,5,13
0.51496555871745808,6,14
0.32787824285029044,7,14
0.92731011113804585,10,17
0.78550183217053737,5,18
0.092034803392156306,18,19
0.14329232046517881,15,20
0.16642255252938176,20,21
0.81238152107084716,7,22
0.4326789406091649,9,22
0.67879994894230278,14,22
0.36668523601541114,7,23
0.3929380474444375,16,23
0.23490286657697146,4,24
0.044130776901880719,5,25
0.76358711037824267,2,26
0.78376434769137848,4,28
0.88532546741441021,6,28
0.048842382459417522,21,28
0.12239764426407784,9,29
0.11726494216414851,27,29
0.27389943797177552,2,30
0.46947739665047283,10,30
0.7411690915563327,3,31
0.97546464312088887,24,31
0.73446509555309414,11,33
0.41016140706590698,12,33
0.86909457305413818,21,33
0.38764265200877779,8,34
0.39209037689080639,15,34
0.90282813125705752,24,35
0.1069497617990689,25,35
0.85579646074371785,3,36
0.62022622403188699,16,36
0.97998528954793807,8,37
0.33388659213117278,17,37
0.075994455677508288,9,38
0.21696476331180059,15,38
0.88131399115677522,29,39
0.12483834134781269,32,39
0.47581001400951251,20,40
0.29307367502321757,23,40
0.96534894716975128,35,40
0.45937710348063077,26,41
0.55746246384963594,37,41
0.33680017603339996,26,42
0.8961656228904854,31,42
0.018468306111261823,32,42
0.45673502614442496,1,43
0.95547375130029755,4,43
0.031792495787773434,13,43
0.76234584428874064,0,44
0.59730205480358978,27,44
0.0924311688892967,36,44
0.31465524019898639,1,45
0.25919921531422174,18,45
0.8182746581639837,19,45
0.66475523366100098,16,46
0.38285165798953691,17,46
0.18737116312493318,30,46
0.49526082940801108,19,47
0.21913641904371206,25,47
0.38449028359817172,34,47
0.20448034549717986,11,48
0.62876241781810216,38,48
0.89797681928206108,39,48
0.27684043330246155,27,49
0.50245531769342011,32,49
0.16076964635559299,41,49
