0.83750281786762037,0,1
0.74680378720982543,4,5
0.1747811380574249,3,6
0.47589560330647573,0,7
0.67491049179716456,1,7
0.32644582068260874,6,7
0.37883494174414456,3,9
0.12921202453707448,8,11
0.62504690181245126,2,12
0.33748458368104428,5,14
0.34738256200227868,11,14
0.23822550666345799,15,16
0.2479982094293578,5,17
0.61158988457085628,2,19
0.76026622273605005,18,19
0.34443606726925335,13,20
0.51544539503522335,10,22
0.11120574021277607,13,22
0.39813626247192402,2,23
0.96218960833151002,18,23
0.7569977871621969,0,24
0.17893492604719741,16,24
0.23465155441574193,13,25
0.31434832267257817,15,26
0.28289245339792879,21,26
0.65215513422718274,8,27
0.072674695458515237,26,27
0.6574628647904367,4,28
0.48639242572290331,25,28
0.98917689266488007,17,29
0.20950553232983748,18,29
0.56455345340388663,22,29
0.6598901757877359,6,30
0.8219411022984815,16,30
0.6516250949082818,20,32
0.87930752074978225,10,33
0.79439653059752457,11,33
0.046264678349478228,17,33
0.50786549606443432,8,34
0.94240594203529104,25,35
0.09741986830886562,34,35
0.24968162332550636,14,36
0.13211811814926533,31,36
0.18736995805556966,21,37
0.08990829018483304,28,37
0.30845938220344493,9,38
0.70567954491242513,23,38
0.19152075919599143,20,39
0.84536440107344279,24,39
0.81377424209991689,27,40
0.58098467075411786,31,40
0.99374135239545369,37,40
0.44030044249520106,1,41
0.12022651267084339,10,41
0.33259081820714442,32,41
0.001125159044221391,3,42
0.58450367950348303,31,42
0.66883377914662256,9,43
0.69620207001567969,12,43
0.03810128082984654,38,43
0.57977432454114231,21,44
0.00047195800881505434,30,44
0.73981906629924221,39,44
0.55770537843645918,34,45
0.57332403687025324,35,45
0.51568708357072091,15,46
0.88671655671472416,19,46
0.80896834444634835,12,47
0.83721456387873694,46,47
0.23729682094882298,4,48
0.98686010300956684,32,48
0.78816588836939416,47,48
0.98221046142100277,36,49
0.98414686845838317,42,49
0.075218711193339782,45,49
