1.0,1,4
1.0,3,5
1.0,10,11
1.0,9,12
1.0,7,13
1.0,9,13
1.0,15,17
1.0,6,18
1.0,15,18
1.0,16,18
1.0,6,19
1.0,8,19
1.0,2,20
1.0,15,20
1.0,14,21
1.0,16,21
1.0,2,22
1.0,8,22
1.0,4,23
1.0,8,23
1.0,5,24
1.0,3,25
1.0,0,26
1.0,25,26
1.0,2,27
1.0,22,28
1.0,10,30
1.0,12,30
1.0,24,30
1.0,28,31
1.0,28,32
1.0,29,32
1.0,5,33
1.0,7,33
1.0,26,33
1.0,10,35
1.0,11,35
1.0,29,35
1.0,0,36
1.0,9,37
1.0,34,37
1.0,36,37
1.0,23,38
1.0,13,39
1.0,34,39
1.0,1,40
1.0,20,40
1.0,29,40
1.0,7,41
1.0,14,41
1.0,27,41
1.0,0,42
1.0,11,42
1.0,31,42
1.0,1,43
1.0,31,43
1.0,39,43
1.0,25,44
1.0,34,44
1.0,38,44
1.0,17,45
1.0,24,45
1.0,27,45
1.0,21,46
1.0,36,46
1.0,38,46
1.0,4,47
1.0,17,47
1.0,19,47
1.0,3,48
1.0,6,48
1.0,32,48
1.0,12,49
1.0,14,49
1.0,16,49
