0.80506273260781114,3,5
0.43557857966002778,1,6
0.87702166013581584,3,9
0.63388336241228049,8,10
0.39032931502411095,5,11
0.73011418029749919,7,12
0.27875938059966576,11,12
0.79920671843546753,10,13
0.62052872817348759,0,16
0.59427998386294911,13,16
0.91012382367876965,14,18
0.61280817829096579,15,20
0.71707457767838112,1,21
0.17331893479849614,15,21
0.026852249622110858,6,22
0.83000894457334862,19,23
0.84480960924715331,3,24
0.96592966745800679,20,24
0.43831195509968346,6,25
0.84432990479125725,8,25
0.72015797133136905,9,28
0.63587023565190381,23,28
0.82317229907036837,1,29
0.56783404272320226,8,30
0.27971329265863953,17,30
0.80704594884808578,20,30
0.40399081769256895,7,31
0.9713391551234587,11,31
0.49225961652596206,9,32
0.20270980399074567,22,32
0.43796066604273187,24,33
0.48280497707264425,27,33
0.53785418347205116,28,33
0.76697499766713562,17,34
0.83292716239378539,18,35
0.41053391865090905,32,35
0.68399497077249516,19,36
0.21259289675727455,23,36
0.17042964881789824,2,37
0.5716834740562643,10,37
0.13130312408028333,26,37
0.6216187561563028,2,38
0.66502001176057812,4,38
0.01484773090653857,14,38
0.99701408580265727,15,39
0.33364861266261703,18,39
0.44943742825769362,27,39
0.72307332639963473,17,40
0.47557435199300391,29,40
0.97432242207709874,36,40
0.52411687309294119,4,41
0.74961226132723313,26,41
0.23019549800198447,27,41
0.94753580771439105,0,42
0.33041125286082207,5,42
0.65082802964826447,21,42
0.30161760835645046,0,43
0.71495799508890312,7,43
0.16440308829073347,12,44
0.54819973304039316,19,44
0.87340029583900702,29,45
0.63059964657011292,43,45
0.66203213518843906,44,45
0.53559595750950961,2,46
0.20650514537861808,25,46
0.56105308823901068,35,46
0.038258258082920937,22,47
0.46055846490489261,31,47
0.43795468211113486,34,47
0.63952712130851863,4,48
0.10845870937911983,16,48
0.051620729391798847,26,48
0.04044694564814133,13,49
0.3593595995522596,14,49
0.63465361577573065,34,49
