1.0,0,5
1.0,3,7
1.0,0,8
1.0,1,9
1.0,7,10
1.0,6,11
1.0,1,12
1.0,10,13
1.0,6,15
1.0,5,18
1.0,13,18
1.0,0,20
1.0,3,20
1.0,17,21
1.0,15,22
1.0,19,22
1.0,22,23
1.0,4,24
1.0,12,24
1.0,16,25
1.0,18,25
1.0,4,26
1.0,2,27
1.0,9,28
1.0,10,29
1.0,15,29
1.0,25,30
1.0,14,31
1.0,21,31
1.0,11,32
1.0,24,32
1.0,4,33
1.0,14,33
1.0,19,34
1.0,23,34
1.0,34,35
1.0,8,36
1.0,32,36
1.0,35,36
1.0,17,37
1.0,33,37
1.0,5,38
1.0,16,38
1.0,29,38
1.0,2,39
1.0,27,39
1.0,16,40
1.0,19,40
1.0,39,40
1.0,11,41
1.0,14,41
1.0,9,42
1.0,12,42
1.0,30,42
1.0,3,43
1.0,20,43
1.0,23,43
1.0,1,44
1.0,21,44
1.0,31,44
1.0,8,45
1.0,27,45
1.0,37,45
1.0,6,46
1.0,35,46
1.0,41,46
1.0,17,47
1.0,26,47
1.0,28,47
1.0,7,48
1.0,28,48
1.0,30,48
1.0,2,49
1.0,13,49
1.0,26,49
