1.0,1,2
1.0,3,6
1.0,5,6
1.0,2,8
1.0,5,9
1.0,6,12
1.0,9,12
1.0,3,14
1.0,5,14
1.0,10,14
1.0,0,15
1.0,8,15
1.0,13,16
1.0,1,20
1.0,7,22
1.0,11,22
1.0,13,22
1.0,0,23
1.0,11,24
1.0,18,24
1.0,21,25
1.0,9,26
1.0,12,26
1.0,1,27
1.0,19,27
1.0,7,28
1.0,20,28
1.0,15,29
1.0,23,30
1.0,26,30
1.0,0,31
1.0,3,31
1.0,27,31
1.0,18,32
1.0,20,32
1.0,21,32
1.0,17,33
1.0,28,34
1.0,33,34
1.0,16,36
1.0,4,37
1.0,19,37
1.0,21,37
1.0,4,38
1.0,10,38
1.0,35,38
1.0,2,39
1.0,25,39
1.0,18,40
1.0,36,40
1.0,8,41
1.0,17,41
1.0,23,41
1.0,4,42
1.0,34,42
1.0,17,43
1.0,29,43
1.0,30,43
1.0,39,44
1.0,40,44
1.0,42,44
1.0,29,45
1.0,33,45
1.0,35,45
1.0,11,46
1.0,25,46
1.0,7,47
1.0,13,47
1.0,36,47
1.0,10,48
1.0,19,48
1.0,24,48
1.0,16,49
1.0,35,49
1.0,46,49
