1.0,0,4
1.0,3,7
1.0,6,7
1.0,1,8
1.0,6,11
1.0,2,12
1.0,9,12
1.0,8,15
1.0,10,15
1.0,5,16
1.0,4,17
1.0,5,18
1.0,11,18
1.0,17,19
1.0,5,21
1.0,18,21
1.0,20,21
1.0,7,23
1.0,12,24
1.0,22,24
1.0,15,25
1.0,22,25
1.0,6,26
1.0,17,27
1.0,14,28
1.0,16,28
1.0,26,28
1.0,1,29
1.0,13,30
1.0,23,30
1.0,13,31
1.0,14,31
1.0,14,32
1.0,20,32
1.0,1,33
1.0,10,33
1.0,30,33
1.0,9,34
1.0,4,35
1.0,9,36
1.0,35,36
1.0,2,37
1.0,0,38
1.0,3,38
1.0,8,38
1.0,11,39
1.0,23,39
1.0,29,39
1.0,3,40
1.0,20,40
1.0,35,40
1.0,27,41
1.0,29,41
1.0,2,42
1.0,19,42
1.0,41,42
1.0,19,43
1.0,32,43
1.0,37,43
1.0,27,44
1.0,37,44
1.0,13,45
1.0,24,45
1.0,25,46
1.0,31,46
1.0,34,46
1.0,10,47
1.0,34,47
1.0,36,47
1.0,0,48
1.0,44,48
1.0,45,48
1.0,16,49
1.0,22,49
1.0,26,49
