1.0,0,1
1.0,2,5
1.0,4,8
1.0,8,9
1.0,2,10
1.0,6,10
1.0,3,13
1.0,0,17
1.0,7,19
1.0,9,19
1.0,12,20
1.0,6,22
1.0,3,23
1.0,20,23
1.0,21,23
1.0,12,24
1.0,15,24
1.0,14,25
1.0,15,25
1.0,1,26
1.0,18,26
1.0,8,27
1.0,14,28
1.0,16,29
1.0,17,29
1.0,16,30
1.0,26,30
1.0,22,31
1.0,30,31
1.0,25,32
1.0,27,32
1.0,31,32
1.0,6,33
1.0,3,34
1.0,13,34
1.0,18,34
1.0,5,35
1.0,29,35
1.0,7,36
1.0,13,36
1.0,12,37
1.0,28,37
1.0,33,37
1.0,0,38
1.0,1,38
1.0,5,38
1.0,19,39
1.0,20,39
1.0,21,39
1.0,16,40
1.0,33,40
1.0,7,41
1.0,24,41
1.0,36,41
1.0,2,42
1.0,15,42
1.0,11,43
1.0,28,43
1.0,10,44
1.0,22,44
1.0,35,44
1.0,4,45
1.0,17,45
1.0,42,45
1.0,9,46
1.0,27,46
1.0,43,46
1.0,4,47
1.0,11,47
1.0,18,47
1.0,11,48
1.0,21,48
1.0,14,49
1.0,40,49
1.0,48,49
