1.0,1,2
1.0,2,6
1.0,4,8
1.0,7,8
1.0,6,11
1.0,7,12
1.0,4,13
1.0,5,13
1.0,6,15
1.0,0,16
1.0,9,16
1.0,0,18
1.0,17,19
1.0,3,20
1.0,10,20
1.0,12,20
1.0,12,22
1.0,7,23
1.0,1,24
1.0,22,24
1.0,9,25
1.0,21,26
1.0,25,26
1.0,0,27
1.0,5,28
1.0,19,29
1.0,23,29
1.0,4,30
1.0,3,31
1.0,11,32
1.0,15,32
1.0,21,33
1.0,18,34
1.0,25,34
1.0,3,35
1.0,29,35
1.0,31,35
1.0,13,36
1.0,18,36
1.0,19,36
1.0,17,37
1.0,34,37
1.0,1,38
1.0,15,38
1.0,28,38
1.0,22,39
1.0,27,39
1.0,30,39
1.0,5,40
1.0,28,40
1.0,9,41
1.0,11,41
1.0,40,41
1.0,8,42
1.0,33,42
1.0,14,43
1.0,30,43
1.0,32,43
1.0,10,44
1.0,14,44
1.0,14,45
1.0,37,45
1.0,42,45
1.0,2,46
1.0,24,46
1.0,27,46
1.0,16,47
1.0,21,47
1.0,23,47
1.0,10,48
1.0,17,48
1.0,31,48
1.0,26,49
1.0,33,49
1.0,44,49
