0.21015062550589347,3,5
0.56826018556590929,1,6
0.092084594731940417,0,7
0.010211827014699915,0,8
0.58526295680970308,6,11
0.99897507970957233,0,13
0.13023901719264208,4,15
0.58712313284781692,10,17
0.45049098546399247,11,17
0.12864428847336851,14,17
0.94166081640254029,13,18
0.96831452140539898,5,19
0.78507288442850254,10,20
0.61746282670543018,19,20
0.28686355538639718,1,22
0.87381424709344224,18,22
0.42025357525727336,8,23
0.033333495754777953,15,23
0.25523656050286125,2,25
0.027935612447281377,20,25
0.98035119912692714,1,26
0.81925541019333981,12,26
0.62290330783616499,5,27
0.20498859651087797,19,27
0.79219659547264976,2,28
0.13291597388374798,15,28
0.37394941311831797,8,29
0.21662616058703488,11,29
0.16357074017352347,24,30
0.27798047252346669,4,31
0.89542568919761012,9,31
0.032007694002221587,6,32
0.059396093595145527,14,32
0.50647457863838308,31,32
0.76064205708017563,7,33
0.12981254472274473,9,34
0.65787513196549574,16,34
0.59453243149471247,24,35
0.95610325340335933,23,36
0.14186086775518492,25,36
0.73263861752123971,33,36
0.14791914266776018,4,37
0.26200598721980217,21,37
0.055940903285422006,21,38
0.047307323061915985,10,39
0.038134803121586902,30,39
0.6847304761722065,38,39
0.23131535780829893,7,40
0.34569076670722954,12,40
0.32347271326408433,24,40
0.62035581131253781,28,41
0.58911313613247496,37,41
0.19126742785136819,21,42
0.13626961616693278,26,42
0.7951720404147602,27,42
0.0053866772386448325,2,43
0.44757255819237274,13,43
0.7452305573590432,22,43
0.33631610586427163,12,44
0.56884734636675671,16,44
0.44471154477004549,35,44
0.56868630145894516,3,45
0.47494982264901331,16,45
0.52121269514406476,30,46
0.03877689813384988,38,46
0.12629011983143323,45,46
0.96505239850567315,9,47
0.25712111946645821,35,47
0.79819827800701704,41,47
0.97011621957738148,3,48
0.38138001000892874,29,48
0.5560836233885541,34,48
0.47258094858489985,14,49
0.27351818173862996,18,49
0.5378204024969101,33,49
