0.28556626679185937,1,4
0.045355765898500211,6,8
0.20803404563615358,1,10
0.044028509233534407,2,10
0.7926990357751974,10,11
0.47798263389027151,7,13
0.37813963155649,12,13
0.26496115269367515,1,15
0.88185901108923548,2,16
0.27186747679266521,3,16
0.39284928684139486,4,16
0.49802255570992737,6,17
0.98361083207639222,12,17
0.70763174184195576,0,18
0.2824758252118581,9,18
0.34885063491108859,7,19
0.25209006376589294,14,19
0.84250366219249251,11,21
0.35733660860887051,20,23
0.46312242615821286,22,25
0.23838628771863746,23,25
0.41208062456665473,0,27
0.040167315989255159,15,27
0.49311401997230964,2,28
0.49363698035918813,26,29
0.065404567009930026,20,30
0.35781045867251082,8,31
0.04517615469465408,14,31
0.53857467579761131,5,32
0.24489613320514791,19,32
0.022610357023139738,28,32
0.79862166403884594,15,33
0.87909050976752667,22,33
0.72436969205441093,21,34
0.75841087713749389,25,34
0.54399312868544014,5,35
0.87858505654853314,9,35
0.85196559395920746,26,35
0.34922794991917461,11,36
0.50976379595686527,17,36
0.26987760536263705,24,36
0.5958208355334953,7,37
0.43118696042404348,29,37
0.63082476153772882,30,37
0.094043647255967588,3,38
0.41387304400622638,23,38
0.25324359641974514,8,39
0.83268751259548479,20,39
0.69824521211881641,0,40
0.84330119863315467,5,40
0.62360119860976271,12,41
0.38792039511921417,30,41
0.60320277885447748,6,42
0.66774144172388172,13,42
0.18737947265643884,31,42
0.92708281003899118,9,43
0.62859419462852195,38,43
0.16528066046398904,40,43
0.050991187701527552,4,44
0.96421968924451062,21,44
0.48564438672293575,41,44
0.70781216520928947,14,45
0.78549264437258393,39,45
0.47176344486643551,24,46
0.13339532186616132,26,46
0.1057413379529768,33,46
0.53806449319529259,22,47
0.31238725876963125,24,47
0.28183048640306096,34,47
0.058908091148715314,27,48
0.50212538354620406,28,48
0.54711996866948476,45,48
0.20160070023901666,3,49
0.33430339780147855,18,49
0.2617696484116333,29,49
