1.0,0,8
1.0,8,9
1.0,1,10
1.0,11,12
1.0,13,14
1.0,9,15
1.0,12,16
1.0,13,16
1.0,14,16
1.0,8,17
1.0,1,19
1.0,17,19
1.0,5,20
1.0,12,20
1.0,4,21
1.0,19,21
1.0,6,22
1.0,9,22
1.0,1,23
1.0,13,24
1.0,3,25
1.0,11,26
1.0,18,26
1.0,23,27
1.0,24,27
1.0,11,28
1.0,26,28
1.0,6,29
1.0,27,29
1.0,0,30
1.0,15,30
1.0,3,31
1.0,3,32
1.0,30,32
1.0,24,33
1.0,2,34
1.0,10,34
1.0,25,35
1.0,32,35
1.0,2,36
1.0,4,36
1.0,0,37
1.0,5,37
1.0,7,38
1.0,7,39
1.0,23,39
1.0,38,39
1.0,22,40
1.0,31,40
1.0,14,41
1.0,17,41
1.0,25,41
1.0,15,42
1.0,20,42
1.0,31,42
1.0,18,43
1.0,40,43
1.0,2,44
1.0,21,44
1.0,34,44
1.0,33,45
1.0,35,45
1.0,43,45
1.0,10,46
1.0,36,46
1.0,38,46
1.0,5,47
1.0,28,47
1.0,37,47
1.0,4,48
1.0,18,48
1.0,33,48
1.0,6,49
1.0,7,49
1.0,29,49
