1.0,0,2
1.0,3,9
1.0,4,9
1.0,7,10
1.0,0,11
1.0,2,16
1.0,0,17
1.0,1,17
1.0,3,21
1.0,12,21
1.0,8,22
1.0,10,22
1.0,3,23
1.0,5,23
1.0,5,25
1.0,6,25
1.0,11,25
1.0,17,26
1.0,10,27
1.0,2,28
1.0,15,28
1.0,20,28
1.0,15,29
1.0,6,30
1.0,7,31
1.0,18,31
1.0,26,31
1.0,5,32
1.0,14,32
1.0,15,32
1.0,1,33
1.0,4,34
1.0,14,34
1.0,33,34
1.0,19,35
1.0,20,35
1.0,24,35
1.0,9,36
1.0,12,36
1.0,16,36
1.0,13,37
1.0,29,37
1.0,30,37
1.0,18,38
1.0,1,39
1.0,20,39
1.0,24,39
1.0,12,40
1.0,21,40
1.0,24,40
1.0,4,41
1.0,13,41
1.0,38,41
1.0,23,42
1.0,33,42
1.0,38,42
1.0,11,43
1.0,16,43
1.0,30,43
1.0,8,44
1.0,13,44
1.0,27,44
1.0,7,45
1.0,27,45
1.0,29,45
1.0,8,46
1.0,14,46
1.0,26,46
1.0,19,47
1.0,19,48
1.0,22,48
1.0,47,48
1.0,6,49
1.0,18,49
1.0,47,49
