0.28917241545923844,0,3
0.79219249936283775,5,6
0.97860581459238227,1,7
0.82406883747423998,2,8
0.53908813502157538,6,12
0.15970525208303266,5,14
0.26511874781477873,13,16
0.33526201433122871,14,16
0.49941556697000111,17,18
0.16924916719701633,13,19
0.3086023899554331,7,20
0.63432432504165559,8,20
0.064507289035876991,6,21
0.81668442618726533,7,21
0.86351133239669675,19,21
0.55933615885872545,9,22
0.36007204586223451,15,23
0.23463896335074508,22,23
0.98210609320684383,0,24
0.86025787274172916,1,24
0.79494224538636005,9,25
0.15925111638978673,10,25
0.96325812804436672,13,25
0.65451898895971705,15,26
0.33178870787037806,18,26
0.028371492511157226,4,29
0.61842585906919423,9,29
0.00059870708205078671,2,30
0.63880959938484017,18,30
0.07545336202423869,27,30
0.85482566165728058,2,31
0.29051120804614705,12,31
0.98050614472058495,27,31
0.88258691400556832,14,32
0.43510204363667704,23,33
0.15195885553397714,11,34
0.36577122101716031,17,34
0.31749098798242315,28,34
0.25888280718554868,3,35
0.47562883732240901,11,35
0.090059315676171425,10,36
0.78418584553711113,20,36
0.26251118253282357,33,37
0.70289326321078305,35,37
0.45251915454840397,4,38
0.66392657534501909,37,38
0.15700250494846912,3,39
0.97582810929403796,11,39
0.54309058792436415,24,39
0.43633179631080188,19,40
0.10496787740928981,32,40
0.49639086703312962,0,41
0.6511995742525355,5,41
0.97496270570897359,28,42
0.60698381251412659,10,43
0.88428828577317986,17,43
0.49641612227528542,36,43
0.089130148918887153,33,44
0.21425671813845359,40,44
0.45823679853169608,42,44
0.63634536033708156,1,45
0.50785333894777607,8,45
0.092234751989359487,12,45
0.03848076042433568,22,46
0.030725755108406694,32,46
0.92910508482816401,38,46
0.7873812975894704,16,47
0.65878083705710644,41,47
0.8796628087963354,42,47
0.56744366939570845,4,48
0.016799133447638059,26,48
0.54623673107781001,27,48
0.15655991831397442,15,49
0.62391469417512846,28,49
0.84965309649584286,29,49
