0.73637613530597268,4,6
0.049437672110963948,1,8
0.21845789342207067,4,9
0.53142905887327307,3,10
0.077474176913672199,5,10
0.20758297592666797,7,11
0.88276810097114589,2,12
0.3533818377262351,6,13
0.79174752068460974,12,14
0.27935957508217735,11,15
0.84948685145950875,1,17
0.50052405430369618,13,18
0.79306610639160191,16,18
0.30917084871234779,8,19
0.020534060955198163,2,20
0.049218087892724416,13,20
0.99644009095512087,12,21
0.18926465228026712,4,22
0.7736907927200154,19,22
0.32058802782011653,2,23
0.80680454035238258,3,23
0.75491277384987265,15,24
0.75928577140575482,7,25
0.75021777391859801,1,26
0.11775785837154795,18,26
0.31061594374144685,0,27
0.7446330455447836,5,28
0.90861584209136426,0,29
0.34481229658168333,3,30
0.21462996482226782,7,30
0.3744081690080785,22,31
0.10830714161626065,24,31
0.62681630749597206,19,32
0.16230154605899316,25,32
0.17302552989359155,8,33
0.3054203412491826,11,33
0.62024337014195874,16,34
0.87156302527197194,17,34
0.016221309128142902,5,35
0.92832546429719065,34,36
0.16465833090778337,14,37
0.40905600878279225,27,37
0.54529899663311987,6,38
0.48472267413575432,26,38
0.26778729889363295,30,38
0.43335348032979748,24,39
0.61577930212915433,37,39
0.81950000555094527,33,40
0.55836954741406308,35,40
0.46951944670300061,14,41
0.34836909367358093,15,41
0.83724193945627667,9,42
0.51705865360514291,25,42
0.47124554026242038,41,42
0.68298973383831496,16,43
0.81920111163215303,28,43
0.33920995992118064,36,43
0.80964817779053455,21,44
0.87684877267357775,29,44
0.16271055383846811,32,44
0.35026096753787961,17,45
0.018175963615882806,28,45
0.12053591154722032,35,45
0.34086531371474404,23,46
0.2225132653479841,39,46
0.94036315975665863,40,46
0.43332379342748184,0,47
0.58225803617353256,20,47
0.38807652002221238,29,47
0.095167817782989439,9,48
0.32248809078257479,21,48
0.56982529576858321,27,48
0.3456852581990576,10,49
0.64652433934122122,31,49
0.67813436367630409,36,49
