0.46909951327592181,1,5
0.17555321134354684,4,6
0.22810724282400929,6,10
0.12867815481894707,0,11
0.91064665249718713,8,13
0.73712977652442069,0,14
0.70006016126390047,11,15
0.20686433400685911,12,16
0.77577113424373201,2,17
0.20645162173975284,7,17
0.051270321645882522,9,18
0.46447457551856675,1,19
0.39344161614477435,11,19
0.043972052174478526,4,20
0.25244141814109411,14,21
0.97128804946436775,21,22
0.1164433843385887,3,23
0.48408881471889698,18,23
0.18299114190345311,16,24
0.13760747976392873,13,25
0.94105042629652391,2,26
0.17348412050100004,3,26
0.13908623146931909,6,26
0.7799401987677359,24,27
0.1537415040750939,12,28
0.21834359651735658,9,29
0.27008396636745546,15,29
0.69333314751109665,0,30
0.051025125298247986,10,30
0.41595338591985276,25,30
0.75203049972454661,7,31
0.1881084498371377,16,31
0.04776089470373579,5,32
0.98168343790039536,22,32
0.55399734477754436,22,33
0.56536490845671239,7,34
0.94791398975882757,27,35
0.28244454508596772,13,36
0.47120882762212979,20,36
0.9798744991079652,29,36
0.55430488289751223,23,37
0.70532750043018033,28,37
0.31223540149338169,33,37
0.2764735602946613,2,38
0.731122025080439,4,38
0.038282050763011721,17,39
0.14638965232603851,24,39
0.050050344436616045,1,40
0.75988340343300842,20,40
0.46197575442559691,5,41
0.014530004064844282,34,41
0.21730297571273138,35,41
0.16135318311187785,8,42
0.64715399610897995,19,42
0.8850325316336225,40,42
0.3818616067431686,14,43
0.83012639577954972,25,43
0.14881939295282764,33,43
0.74429797363498396,8,44
0.40249139690916302,21,44
0.49861375203003777,31,44
0.48481349058755607,18,45
0.56218704821995147,39,45
0.019944702756031329,10,46
0.75489974453205133,34,46
0.96834729255618779,38,46
0.41940517511569464,12,47
0.34967126549890015,28,47
0.7219883795250216,35,47
0.6318238303138507,9,48
0.97009249963476607,15,48
0.9853342482365286,27,48
0.35318577121293382,3,49
0.52283471931671166,32,49
0.34261073901710093,45,49
