0.43288715675571132,2,7
0.35928059528478085,6,7
0.97998278753019885,1,10
0.38575772213434845,10,12
0.14408497696887324,5,13
0.68657441660825824,9,13
0.027199568629550974,2,15
0.55094287653690355,4,16
0.053387114599872332,14,16
0.83104035143327071,8,18
0.58110889315874514,4,19
0.10786135724467516,6,19
0.21762799832322888,11,19
0.16507275910370156,2,20
0.83200225376999215,7,20
0.080425072867728487,1,21
0.11647329104697435,3,21
0.87242873726846037,3,22
0.6710258972263482,15,22
0.57541855853308377,0,23
0.61910885582083375,3,23
0.56987137321102688,11,24
0.90471067395684324,9,26
0.93036738026091881,14,26
0.60924814249430759,18,27
0.95848907324080213,9,28
0.62249477420580668,16,28
0.82640404017415969,6,29
0.9250810958387311,0,30
0.99230824703259246,12,30
0.065828974505903082,20,31
0.59331998296467947,28,31
0.74296997236302997,24,32
0.91884616741854275,26,33
0.48226585273738254,30,33
0.0096193181349247814,13,34
0.91538062784054475,32,34
0.3336369737224999,12,35
0.7050421521239334,32,35
0.34968890976868883,15,36
0.94830463433177115,24,36
0.017551020671874196,5,37
0.15522200891095239,22,37
0.89697357283579138,17,38
0.38533469648060026,25,38
0.86897350097757542,10,39
0.063337667892340077,29,39
0.69946330583416383,0,40
0.60563308310609887,17,40
0.61671746555529805,36,40
0.68527362072594278,14,41
0.72548778285984228,25,41
0.57441868250481376,37,41
0.66288378429910577,35,42
0.34140858419517239,8,43
0.70487951186419406,23,43
0.73748202925815021,25,43
0.0087155791573625407,17,44
0.091704981053183365,29,44
0.32811118291354702,31,44
0.44295684872376762,4,45
0.029314462992106272,21,45
0.62043590381697156,38,45
0.50572684010921554,27,46
0.27916856688772473,39,46
0.92063448000270087,42,46
0.94317823147859337,1,47
0.21126465821788476,5,47
0.28627610351260069,42,47
0.70102395964771469,11,48
0.18305739336037097,33,48
0.42148119456338107,34,48
0.29273708921214747,8,49
0.62994558415005164,18,49
0.76127133696450611,27,49
