0.94557883240276586,10,11
0.46779140409851594,4,13
0.48465675524402507,6,14
0.798441684722898,12,14
0.91617728428716827,1,15
0.81900062076729885,8,15
0.40409591862484184,6,17
0.23839724032790277,11,18
0.13124782585004924,4,19
0.21481592366795432,2,20
0.66929049705101629,7,21
0.16575031529359185,20,21
0.34003113032952903,0,22
0.43397866894908577,1,23
0.60583737443679686,8,23
0.5087492279510224,17,23
0.21356743998500616,7,24
0.4377082574767045,9,24
0.87592887698185862,10,25
0.27635027117124578,13,26
0.38162936532442404,2,27
0.091679321966753324,15,27
0.2847246261717592,16,28
0.65486358439652692,3,29
0.38888545969836741,16,29
0.57594285185389382,28,29
0.81615491528647488,0,30
0.94524873517656915,18,31
0.16209467382179688,3,32
0.49161113695975567,19,32
0.58933154799053444,1,33
0.18503355686431844,31,33
0.71117288328443984,5,34
0.3583103515663163,20,34
0.54424655774286379,22,34
0.69182486224230633,5,35
0.17513923026946554,8,35
0.73813544593990044,10,35
0.14282080055053359,0,36
0.48501211808622202,25,36
0.12589789797628037,3,37
0.097118268144288034,18,37
0.065004648093142658,25,37
0.64354853304419735,13,38
0.40519429946096286,17,39
0.68440969883513647,26,39
0.098820445138480206,33,39
0.93941969014712745,6,40
0.066147204978531438,12,40
0.5515031302838771,27,40
0.57515349510468994,2,41
0.40071189141369268,4,41
0.082630940218072046,38,41
0.81846816172983317,9,42
0.3296869318332023,30,42
0.1011180795616099,9,43
0.43478836418123645,14,43
0.69300890771884982,19,43
0.88200029733493113,11,44
0.017170014612177709,22,44
0.86690452591319178,26,44
0.70161726931577273,21,45
0.62221685105631863,42,45
0.22049542679332879,5,46
0.91128103914150971,7,46
0.60552670555792587,24,46
0.59202442091489904,12,47
0.0091505534732347904,32,47
0.69640988055751996,36,47
0.68741676626490678,28,48
0.41458393634080881,30,48
0.48335561799808202,31,48
0.14268239190398779,16,49
0.22357388779249865,38,49
0.29609930861943867,45,49
