1.0,0,2
1.0,2,3
1.0,6,8
1.0,1,9
1.0,0,10
1.0,3,11
1.0,7,13
1.0,4,15
1.0,0,16
1.0,7,18
1.0,10,18
1.0,15,18
1.0,14,19
1.0,6,21
1.0,13,21
1.0,12,22
1.0,10,23
1.0,11,23
1.0,6,24
1.0,5,25
1.0,19,26
1.0,16,27
1.0,17,28
1.0,13,29
1.0,20,29
1.0,22,29
1.0,8,30
1.0,12,30
1.0,5,31
1.0,14,31
1.0,26,31
1.0,27,32
1.0,15,33
1.0,20,33
1.0,26,33
1.0,2,34
1.0,3,34
1.0,25,35
1.0,16,36
1.0,17,36
1.0,24,36
1.0,1,37
1.0,4,37
1.0,35,37
1.0,14,38
1.0,21,38
1.0,22,39
1.0,24,39
1.0,11,40
1.0,32,40
1.0,7,41
1.0,28,41
1.0,30,41
1.0,9,42
1.0,17,42
1.0,35,42
1.0,8,43
1.0,20,43
1.0,39,43
1.0,4,44
1.0,27,44
1.0,40,44
1.0,23,45
1.0,32,45
1.0,38,45
1.0,1,46
1.0,5,47
1.0,19,47
1.0,34,47
1.0,12,48
1.0,25,48
1.0,46,48
1.0,9,49
1.0,28,49
1.0,46,49
