0.96211573948336537,2,10
0.28337252889299003,9,12
0.81642502872389666,7,13
0.64988430243052209,4,14
0.57912805538128387,11,14
0.047576390524373569,0,16
0.54275474235275079,8,16
0.73278500564938231,6,17
0.49958389542704185,5,18
0.49985356178501417,2,19
0.16147167692527098,5,19
0.22845293561358404,13,20
0.87430425036880921,1,22
0.24837598865034904,9,22
0.76626559965899876,0,23
0.44035648380554937,1,23
0.46471129093518004,15,23
0.82097742823900355,11,24
0.041469417003806353,11,25
0.10029793774365414,21,25
0.90698882264565495,13,26
0.44806686486189495,22,27
0.97001251241735198,26,27
0.68684956160330612,5,28
0.11863368905728156,6,28
0.64092242223677443,17,28
0.85460362043169324,10,30
0.26882928956195129,8,31
0.41222496106190321,3,32
0.80003825897668357,16,32
0.55294921588887669,6,33
0.015600666517562201,7,33
0.16367592453205704,12,34
0.68615846695891025,18,34
0.95079279450867149,14,35
0.2789830273726428,29,35
0.99941285198634833,34,35
0.1070088665849821,27,36
0.83107148338730663,30,36
0.13298594265082353,31,36
0.46822705019396227,1,37
0.94382369908045882,2,37
0.37263493466795472,29,37
0.76144219416664938,4,38
0.33203957880490509,19,38
0.13194005168573508,3,39
0.59995235792628487,21,39
0.61944239550326863,15,40
0.82116705132324486,31,40
0.63934686564762699,32,40
0.29471370843427913,15,41
0.25734797287955291,24,41
0.82135072939648979,29,41
0.7785013372082501,9,42
0.40676247601594751,0,43
0.3730541246439294,12,43
0.21223905748223926,42,43
0.83833498964205044,17,44
0.86898109472570095,30,44
0.61939109490608413,42,44
0.43099017825941455,18,45
0.74254760892453198,25,45
0.70895855271974706,38,45
0.50761312233026423,10,46
0.94190941653024984,26,46
0.73647686477558916,39,46
0.0023283021171837115,3,47
0.01656264717164313,20,47
0.55578461152119651,21,47
0.50554117386595165,4,48
0.89811613176904892,7,48
0.57961107902452103,24,48
0.61579241038183152,8,49
0.50016247667994784,20,49
0.20405345094696026,33,49
