1.0,0,3
1.0,6,10
1.0,9,10
1.0,7,12
1.0,1,14
1.0,6,14
1.0,1,16
1.0,11,17
1.0,5,18
1.0,2,20
1.0,8,21
1.0,13,21
1.0,14,21
1.0,7,22
1.0,19,23
1.0,12,24
1.0,16,24
1.0,2,25
1.0,3,25
1.0,6,25
1.0,22,26
1.0,24,27
1.0,3,28
1.0,20,28
1.0,23,28
1.0,12,29
1.0,18,29
1.0,0,30
1.0,4,30
1.0,13,30
1.0,0,31
1.0,20,31
1.0,23,31
1.0,9,33
1.0,17,33
1.0,18,34
1.0,19,34
1.0,1,35
1.0,4,35
1.0,2,36
1.0,15,36
1.0,17,36
1.0,9,38
1.0,19,38
1.0,37,38
1.0,15,39
1.0,32,39
1.0,37,39
1.0,5,40
1.0,11,41
1.0,32,41
1.0,33,41
1.0,26,42
1.0,37,42
1.0,40,42
1.0,16,43
1.0,26,43
1.0,35,43
1.0,11,44
1.0,27,44
1.0,7,45
1.0,32,45
1.0,40,45
1.0,5,46
1.0,10,46
1.0,34,46
1.0,8,47
1.0,13,47
1.0,27,47
1.0,15,48
1.0,29,48
1.0,44,48
1.0,4,49
1.0,8,49
1.0,22,49
