0.93255880111924816,0,4
0.93545806936757747,2,8
0.44791937805909299,1,10
0.63992891955473086,6,15
0.12940775180382669,4,16
0.34808482379104333,3,17
0.064321841943353442,16,17
0.61162039402115853,11,18
0.10415214842284781,11,19
0.12736827933604133,14,19
0.68279177989461326,8,20
0.053676084235852461,11,21
0.85612507073976296,14,21
0.24841793110621091,13,22
0.4515744828055841,5,23
0.47321477766250186,13,24
0.43312244390721222,18,24
0.33199933377380031,9,25
0.19736781194569486,22,25
0.44322400858919386,1,26
0.14933089072077388,2,27
0.80078827339756775,14,27
0.28681681270882464,21,27
0.4401839576615838,7,28
0.66639868521627588,10,28
0.13144086033398072,12,29
0.83262560708198663,24,29
0.079290839271088376,3,30
0.68810363042305978,6,30
0.94596254018997994,12,30
0.97469254041927667,1,31
0.67682277755865705,23,31
0.14857199995494497,4,32
0.15438005278378908,7,32
0.26538308013279077,15,32
0.6319270740119628,5,33
0.89039011551866809,23,33
0.056564491180800203,9,34
0.90107887384773644,7,35
0.072015639814006716,13,35
0.55569047376097103,29,35
0.24237819255207838,3,36
0.82624292238137098,31,36
0.40846159466881593,34,37
0.84433010254590579,10,38
0.14690339892586168,15,38
0.62952812024658034,2,39
0.81194294890561269,26,39
0.93378009820738694,36,39
0.77319928541336447,6,40
0.883192541601864,33,40
0.98348173435374742,0,41
0.074523154398836611,34,41
0.61412426415346077,9,42
0.33281602006177091,26,42
0.72237753033923557,41,42
0.53941086959581863,0,43
0.34626307046127702,18,43
0.34355017156335477,20,43
0.3914170889035351,17,44
0.91128103564615248,22,44
0.19519208134304278,12,45
0.53633208174338454,20,45
0.20529830318847164,8,46
0.47755195345530543,19,46
0.53509757132188185,37,46
0.84590077152022336,25,47
0.9904940577195499,37,47
0.59645133665770755,44,47
0.92006041342512557,16,48
0.30221089543731872,38,48
0.013649834639191449,45,48
0.85218411793592619,5,49
0.55666418224956749,28,49
0.20315929107420472,40,49
