0.67135880945639004,1,3
0.13773817983426018,1,6
0.72342787861795665,2,7
0.32544419725238138,4,13
0.022585972359821072,0,15
0.42207045430188017,4,15
0.79790905254237665,12,16
0.287529681555588,11,17
0.1205566469373075,9,18
0.41425964115175995,5,19
0.027920446691592438,1,21
0.84490813596351877,12,21
0.68950167217796754,0,22
0.5933948827036567,7,22
0.085425842465325807,2,23
0.3780765033474166,10,23
0.37282637333009749,14,23
0.97211081363884611,17,25
0.81173547792320211,18,25
0.26715703195187768,3,26
0.022198233897572361,0,28
0.81215378209312705,7,28
0.61360743475174162,8,28
0.94277361406155025,19,29
0.73290960656477655,10,30
0.94041740012985475,5,31
0.83339356286151789,20,31
0.37792733541175128,12,32
0.56709506725705783,14,32
0.94603258416688552,24,32
0.45497435040477052,6,33
0.78606656035509503,13,33
0.053432466982997195,29,33
0.21572416098449765,20,34
0.11220652971657075,24,34
0.67753373525961413,29,34
0.21431362163126522,11,35
0.27513211372303159,13,35
0.35007502120055844,30,35
0.07570150756712124,8,36
0.32276831145109597,26,36
0.74525304086126698,3,37
0.12423655379490917,26,37
0.63354205612959424,27,37
0.38258850185573368,8,38
0.38751806102481889,10,38
0.93234150849315511,14,39
0.45237018677427376,18,39
0.60826783151795039,2,40
0.54651470146211401,16,40
0.42966797325224015,19,41
0.71690711127908913,4,42
0.23831255831386577,16,42
0.681640773969581,39,42
0.51061882658149182,17,43
0.58244971072786911,24,43
0.47188110993160759,40,43
0.34914118990261578,11,44
0.51653703808325391,31,44
0.92148286130388135,41,44
0.34891112787673961,20,45
0.77678819076134664,21,45
0.4443445594174753,36,45
0.37606966639869011,5,46
0.099204096297496269,27,46
0.47940483795243649,38,46
0.33084414936693085,15,47
0.51064262642810743,22,47
0.95725591927061149,25,47
0.27309905597926953,6,48
0.37805618028318511,9,48
0.74171350990127138,30,48
0.72337377212325293,9,49
0.52831477325818077,27,49
0.90446132275821289,41,49
