0.23546845969907471,0,7
0.055355652737599681,5,7
0.85563149848950859,2,8
0.3589487731170945,4,9
0.7354532964300482,9,11
0.93122555197156642,4,13
0.3175200289215413,1,14
0.13595763621918788,10,16
0.23033101017093383,2,19
0.3576174371581361,1,20
0.43038545722686428,3,20
0.68031310200145911,13,21
0.095079236861248417,6,23
0.86440012200197647,12,24
0.60667076035753476,15,24
0.84791677945885868,3,25
0.43764600488961558,12,25
0.90845912224863901,23,25
0.83246708675190895,6,26
0.84518271112708909,10,26
0.17079828655267648,6,27
0.28451393525333146,19,27
0.11575926701480033,17,28
0.98319537217919872,22,28
0.34621708565642551,14,29
0.62689714284343856,8,30
0.094331425341084629,18,30
0.90815609139348519,10,31
0.46543686221808866,20,31
0.42338037304759946,0,32
0.81792617506935072,13,32
0.5456040382871753,18,32
0.69883511224312156,15,33
0.29440378380195487,24,33
0.99156353495189753,7,34
0.90198222231225855,8,34
0.47729155335367557,17,34
0.74430082246235008,1,36
0.29946659990855351,28,36
0.56845092574762424,35,36
0.95979184721031552,18,37
0.38502402810730163,29,37
0.041458393901299684,12,38
0.46556253169281692,21,38
0.48660765233848946,35,38
0.77770518860340287,11,39
0.96826050511800954,29,39
0.81261245248564029,31,39
0.69045621051948425,4,40
0.11601779482933205,14,40
0.78551150929798796,16,40
0.32096975937081695,9,41
0.61539579635225661,17,41
0.19417686407339141,0,42
0.28500306734325376,3,42
0.23879171246390984,41,42
0.28085978139897994,21,43
0.099650533571850053,26,43
0.195826858740619,5,44
0.3926611152974685,22,44
0.88914966917731697,33,44
0.51998035321849534,2,45
0.0093192131481052431,22,45
0.57373091960002165,23,45
0.81285643714632594,15,46
0.97082630171355611,30,46
0.020435778994639775,16,47
0.93016257056564977,19,47
0.67921056976825911,27,47
0.019798514329820716,5,48
0.076731900240334827,11,48
0.10596739586731674,46,48
0.39396633835092687,35,49
0.88886668307271555,37,49
0.76017021711381183,43,49
