1.0,0,1
1.0,7,9
1.0,8,10
1.0,4,13
1.0,9,16
1.0,12,16
1.0,1,17
1.0,6,17
1.0,7,17
1.0,1,18
1.0,3,18
1.0,11,18
1.0,4,19
1.0,15,20
1.0,15,21
1.0,2,22
1.0,14,22
1.0,8,23
1.0,13,23
1.0,10,25
1.0,16,25
1.0,7,27
1.0,19,27
1.0,24,27
1.0,0,28
1.0,9,29
1.0,2,30
1.0,20,30
1.0,26,30
1.0,3,31
1.0,29,31
1.0,11,32
1.0,24,32
1.0,6,33
1.0,21,33
1.0,5,34
1.0,15,34
1.0,19,34
1.0,3,35
1.0,12,35
1.0,21,35
1.0,6,36
1.0,10,37
1.0,24,37
1.0,12,38
1.0,32,38
1.0,4,39
1.0,5,39
1.0,14,39
1.0,33,40
1.0,2,41
1.0,26,41
1.0,40,41
1.0,5,42
1.0,26,42
1.0,14,43
1.0,23,43
1.0,36,43
1.0,11,44
1.0,25,44
1.0,42,44
1.0,0,45
1.0,28,45
1.0,13,46
1.0,36,46
1.0,40,46
1.0,20,47
1.0,22,47
1.0,29,47
1.0,31,48
1.0,37,48
1.0,38,48
1.0,8,49
1.0,28,49
1.0,45,49
