0.93145884786301081,1,9
0.13100727893745201,6,12
0.88679347517631002,0,13
0.6369079579704835,5,14
0.4579174788149466,9,14
0.50006414736897287,1,16
0.68811567128593232,12,16
0.1952593174651831,10,17
0.79537278020516944,9,18
0.94963204065075435,16,18
0.7393163868192798,17,18
0.20661774056608717,4,20
0.2817329513759721,0,21
0.41716617444389881,1,21
0.53117169703169564,2,22
0.44645504698063065,2,23
0.81839733315722718,7,24
0.97611487847608913,19,24
0.34768366704002351,11,25
0.69927660609060482,23,26
0.41417516921670072,5,27
0.67050523305872434,19,27
0.46118660990675253,6,28
0.93817039806934666,13,28
0.99286202559249914,2,29
0.82519981335089609,15,30
0.26046219874814158,25,30
0.98251209497892278,7,31
0.3636550287961765,24,31
0.78024936074563467,3,32
0.59973289902347915,30,32
0.089423521930738992,4,33
0.047186618388787238,10,33
0.21405579675762954,20,33
0.34521674803813507,7,34
0.12806963756741119,20,34
0.66947146228462717,29,34
0.88390179181808681,15,35
0.76407002541674873,3,36
0.1692057677588571,8,36
0.15595276031927074,4,37
0.58841415446739098,12,37
0.25643840489544678,29,37
0.6789459981734931,6,38
0.83779047766885395,27,38
0.57663836851570183,31,38
0.61027161080425263,22,39
0.021438799660471575,0,40
0.9025085275929613,13,40
0.38976091372551214,10,41
0.56251647948654671,15,41
0.71780993409927041,35,41
0.98119874200493984,3,42
0.38768714470064358,21,42
0.51802010047408598,39,42
0.92572740366938089,14,43
0.4233770889866193,17,43
0.74060808913074072,39,43
0.62481112563443497,11,44
0.33261337736146546,35,44
0.37915742312094947,19,45
0.76456065136239537,22,45
0.14540084580699852,40,45
0.091456261709382036,23,46
0.2734362986924741,26,46
0.87120494589298447,36,46
0.81812778034739797,8,47
0.92029346664278422,28,47
0.66752512295999444,32,47
0.3397224450446944,5,48
0.13571442713227611,11,48
0.34537739409069201,25,48
0.0079872012320203467,8,49
0.5670941416414611,26,49
0.2558923094059592,44,49
