0.65540468348367753,0,1
0.25944643382661703,7,9
0.860513822185907,8,10
0.49715442091850326,4,13
0.43157510375109143,9,16
0.22159354200289538,12,16
0.74610283712562364,1,17
0.26456056050309118,6,17
0.60575544757893518,7,17
0.90553563365712542,1,18
0.30162992058679139,3,18
0.45704152241493368,11,18
0.90129706036826018,4,19
0.4529948650047636,15,20
0.99199160451971946,15,21
0.68607341863815607,2,22
0.53464552205897997,14,22
0.91116835188067558,8,23
0.23920968432366951,13,23
0.19288947721393712,10,25
0.73901335380927846,16,25
0.28222037935357414,7,27
0.27550502035970115,19,27
0.64907492846764669,24,27
0.60745040225032221,0,28
0.5485834096617983,9,29
0.3158708715463372,2,30
0.55817160476350802,20,30
0.57716483014552455,26,30
0.62432705355591778,3,31
0.22165990375044187,29,31
0.28635494965842112,11,32
0.27425907428387941,24,32
0.32072011664068667,6,33
0.64940651151698869,21,33
0.68768798557482891,5,34
0.87468321601322363,15,34
0.41431993792258515,19,34
0.35671815469228685,3,35
0.78122057036658965,12,35
0.062912126934771218,21,35
0.76500234938991363,6,36
0.89908255936613191,10,37
0.79552368342850821,24,37
0.93067429345533093,12,38
0.64145198969845296,32,38
0.0049382807248767868,4,39
0.084261561383750738,5,39
0.67948093861615722,14,39
0.49984451164215615,33,40
0.14192000183603015,2,41
0.99797802204905539,26,41
0.079039867934961539,40,41
0.591177261783848,5,42
0.65623128279566678,26,42
0.85149814382581634,14,43
0.78150817813194196,23,43
0.8159593342526843,36,43
0.32819732567599802,11,44
0.61248277426194064,25,44
0.33257880286847985,42,44
0.73044632187834801,0,45
0.6376460620118003,28,45
0.36240849390104324,13,46
0.48336474875867852,36,46
0.71832723062536463,40,46
0.6670524337682795,20,47
0.65513771681570043,22,47
0.35736513826148553,29,47
0.98046370895392043,31,48
0.26461117253243138,37,48
0.41688014555265818,38,48
0.45500178996976504,8,49
0.94467060416899262,28,49
0.60519777702046151,45,49
