1.0,1,4
1.0,3,4
1.0,0,7
1.0,6,8
1.0,2,11
1.0,5,11
1.0,8,13
1.0,9,15
1.0,12,17
1.0,10,18
1.0,13,19
1.0,2,20
1.0,7,21
1.0,10,21
1.0,18,21
1.0,7,22
1.0,14,22
1.0,1,23
1.0,18,23
1.0,12,24
1.0,15,24
1.0,16,26
1.0,25,26
1.0,11,27
1.0,1,28
1.0,17,28
1.0,5,29
1.0,16,31
1.0,27,31
1.0,15,32
1.0,24,32
1.0,25,32
1.0,29,33
1.0,30,33
1.0,6,34
1.0,2,35
1.0,4,35
1.0,20,35
1.0,0,36
1.0,12,36
1.0,0,37
1.0,8,37
1.0,25,37
1.0,3,38
1.0,19,38
1.0,3,39
1.0,10,39
1.0,31,39
1.0,14,40
1.0,26,40
1.0,30,40
1.0,16,41
1.0,36,41
1.0,6,42
1.0,9,42
1.0,41,42
1.0,19,43
1.0,27,43
1.0,17,44
1.0,34,44
1.0,38,44
1.0,9,45
1.0,43,45
1.0,13,46
1.0,30,46
1.0,45,46
1.0,5,47
1.0,14,47
1.0,22,47
1.0,20,48
1.0,23,48
1.0,28,48
1.0,29,49
1.0,33,49
1.0,34,49
