1.0,1,5
1.0,3,6
1.0,7,8
1.0,5,9
1.0,10,14
1.0,10,16
1.0,15,16
1.0,0,17
1.0,11,17
1.0,12,17
1.0,13,18
1.0,4,19
1.0,7,19
1.0,1,21
1.0,20,22
1.0,21,22
1.0,12,23
1.0,20,23
1.0,0,25
1.0,14,25
1.0,23,25
1.0,6,27
1.0,10,27
1.0,12,28
1.0,22,28
1.0,28,29
1.0,19,30
1.0,29,30
1.0,11,31
1.0,18,31
1.0,1,32
1.0,2,32
1.0,8,33
1.0,18,33
1.0,26,33
1.0,4,34
1.0,31,34
1.0,27,35
1.0,29,35
1.0,32,35
1.0,4,36
1.0,9,36
1.0,13,36
1.0,3,37
1.0,24,38
1.0,37,38
1.0,5,39
1.0,30,39
1.0,2,40
1.0,3,40
1.0,2,41
1.0,37,41
1.0,13,42
1.0,24,42
1.0,26,42
1.0,7,43
1.0,24,43
1.0,40,43
1.0,15,44
1.0,21,44
1.0,0,45
1.0,34,45
1.0,41,45
1.0,16,46
1.0,20,46
1.0,39,46
1.0,9,47
1.0,15,47
1.0,26,47
1.0,11,48
1.0,14,48
1.0,38,48
1.0,6,49
1.0,8,49
1.0,44,49
