1.0,5,6
1.0,0,8
1.0,8,12
1.0,9,13
1.0,7,14
1.0,12,14
1.0,9,15
1.0,11,15
1.0,0,18
1.0,4,18
1.0,5,18
1.0,7,19
1.0,3,20
1.0,16,20
1.0,17,21
1.0,1,22
1.0,13,23
1.0,2,26
1.0,3,26
1.0,10,27
1.0,19,27
1.0,21,28
1.0,24,28
1.0,1,30
1.0,27,30
1.0,3,31
1.0,15,31
1.0,29,31
1.0,22,32
1.0,5,33
1.0,17,33
1.0,25,34
1.0,16,35
1.0,25,35
1.0,10,36
1.0,23,36
1.0,35,36
1.0,7,37
1.0,17,37
1.0,11,38
1.0,13,38
1.0,29,38
1.0,19,39
1.0,26,39
1.0,28,39
1.0,2,40
1.0,11,40
1.0,32,40
1.0,12,41
1.0,32,41
1.0,33,41
1.0,0,42
1.0,4,42
1.0,6,42
1.0,14,43
1.0,16,43
1.0,34,43
1.0,9,44
1.0,20,44
1.0,23,44
1.0,22,45
1.0,24,45
1.0,30,45
1.0,8,46
1.0,10,46
1.0,21,46
1.0,2,47
1.0,24,47
1.0,37,47
1.0,1,48
1.0,4,48
1.0,29,48
1.0,6,49
1.0,25,49
1.0,34,49
