1.0,1,7
1.0,0,8
1.0,3,8
1.0,2,14
1.0,13,14
1.0,2,15
1.0,13,15
1.0,6,16
1.0,12,16
1.0,11,18
1.0,7,19
1.0,9,19
1.0,9,20
1.0,4,21
1.0,0,22
1.0,9,22
1.0,16,23
1.0,17,23
1.0,19,23
1.0,13,25
1.0,10,27
1.0,20,27
1.0,2,28
1.0,4,28
1.0,6,28
1.0,7,29
1.0,12,29
1.0,24,29
1.0,5,31
1.0,21,31
1.0,26,31
1.0,11,32
1.0,24,32
1.0,4,33
1.0,0,34
1.0,10,34
1.0,6,35
1.0,17,35
1.0,3,36
1.0,8,36
1.0,26,36
1.0,20,37
1.0,24,37
1.0,21,38
1.0,30,38
1.0,22,39
1.0,26,39
1.0,38,39
1.0,12,40
1.0,14,40
1.0,30,41
1.0,34,41
1.0,1,42
1.0,30,42
1.0,37,42
1.0,3,43
1.0,17,43
1.0,18,44
1.0,25,44
1.0,43,44
1.0,1,45
1.0,18,45
1.0,33,45
1.0,5,46
1.0,27,46
1.0,35,46
1.0,11,47
1.0,15,47
1.0,25,47
1.0,5,48
1.0,10,48
1.0,33,48
1.0,32,49
1.0,40,49
1.0,41,49
