0.80750171276367211,1,3
0.4465070819807202,1,4
0.83094431182555228,7,10
0.50091889231689535,9,10
0.018062560803976835,5,12
0.14372652087206761,7,12
0.99238669742344388,8,14
0.75000575278156667,13,14
0.43057286555204055,0,15
0.82998968632910541,15,16
0.15620456033989427,14,17
0.12074130277742356,6,18
0.85207686561108731,9,19
0.7425090730737236,2,21
0.70568189330578468,5,22
0.55167729898997186,21,23
0.78011585155048724,21,24
0.63961072273226383,0,25
0.8052813927143001,19,25
0.3860958563764999,24,25
0.34692049266670333,18,26
0.53220284739720769,19,27
0.680559773274933,17,28
0.40210290150373851,18,29
0.41562864282234346,26,29
0.089878138065368818,27,30
0.15777523651601211,2,31
0.62802971501904958,10,31
0.20501873905348444,11,32
0.020747500800437191,24,32
0.37577239407082474,28,32
0.013128493872646585,20,33
0.66693678225770725,22,33
0.1433532903037269,31,33
0.32284937079307785,3,34
0.88450847739729588,20,34
0.81696596545756983,5,35
0.54992542649350462,23,35
0.57126151723960172,3,36
0.37361540511757252,30,36
0.62384374950359112,8,37
0.12927674773247089,35,37
0.51691460346042606,4,38
0.5520709365048283,9,38
0.78016531795321442,11,38
0.59208616457230723,4,39
0.29114257239340535,11,39
0.30232764581466498,30,39
0.99033202282592891,6,40
0.92006871236176591,16,40
0.5975959505431655,29,41
0.39205138641701331,40,41
0.39407038329701038,8,42
0.29500302910429999,27,42
0.49383694967558522,41,42
0.59783862330481385,13,43
0.033968686678637061,16,43
0.67529523262710855,26,43
0.17203294734008956,1,44
0.40353411080443347,23,44
0.13588692194768992,34,44
0.38952762406494068,2,45
0.7327011793363527,20,45
0.80725356802866244,37,45
0.4712965899117636,13,46
0.6276607050935975,17,46
0.71908966835430066,36,46
0.76391462037595714,0,47
0.10912195206264064,12,47
0.61049952712651934,7,48
0.020833416442511909,22,48
0.95165259349176667,47,48
0.96872316202155118,6,49
0.5193141354916947,15,49
0.71712998554621776,28,49
