1.0,2,3
1.0,7,10
1.0,7,12
1.0,2,13
1.0,8,13
1.0,6,14
1.0,5,16
1.0,5,17
1.0,6,17
1.0,16,17
1.0,8,18
1.0,8,19
1.0,4,20
1.0,6,21
1.0,18,21
1.0,11,22
1.0,15,23
1.0,7,24
1.0,13,24
1.0,20,24
1.0,5,25
1.0,0,26
1.0,22,27
1.0,22,28
1.0,27,28
1.0,0,29
1.0,9,29
1.0,26,30
1.0,0,31
1.0,19,31
1.0,23,31
1.0,10,32
1.0,14,32
1.0,3,33
1.0,12,33
1.0,14,33
1.0,2,34
1.0,1,35
1.0,21,35
1.0,30,35
1.0,18,36
1.0,26,36
1.0,1,37
1.0,9,37
1.0,29,37
1.0,1,38
1.0,3,38
1.0,34,38
1.0,19,39
1.0,34,39
1.0,9,40
1.0,10,40
1.0,39,40
1.0,11,41
1.0,30,41
1.0,4,42
1.0,15,42
1.0,32,42
1.0,20,43
1.0,25,43
1.0,23,44
1.0,43,44
1.0,36,45
1.0,41,45
1.0,4,46
1.0,12,46
1.0,45,46
1.0,11,47
1.0,27,47
1.0,28,47
1.0,15,48
1.0,25,48
1.0,16,49
1.0,44,49
1.0,48,49
