1.0,0,2
1.0,1,6
1.0,1,7
1.0,0,9
1.0,4,10
1.0,9,12
1.0,5,13
1.0,10,13
1.0,7,15
1.0,8,16
1.0,2,17
1.0,8,17
1.0,3,18
1.0,6,19
1.0,7,19
1.0,15,19
1.0,11,20
1.0,21,22
1.0,11,23
1.0,8,25
1.0,16,27
1.0,4,28
1.0,12,28
1.0,21,30
1.0,22,30
1.0,29,30
1.0,0,31
1.0,18,31
1.0,3,32
1.0,16,32
1.0,23,32
1.0,13,33
1.0,26,33
1.0,2,34
1.0,12,34
1.0,21,34
1.0,14,35
1.0,28,35
1.0,31,35
1.0,14,36
1.0,25,36
1.0,29,36
1.0,26,37
1.0,27,37
1.0,1,38
1.0,5,38
1.0,26,39
1.0,38,39
1.0,3,40
1.0,24,41
1.0,29,41
1.0,37,41
1.0,24,42
1.0,27,42
1.0,17,43
1.0,33,43
1.0,40,43
1.0,10,44
1.0,23,44
1.0,42,44
1.0,4,45
1.0,9,45
1.0,22,45
1.0,15,46
1.0,20,46
1.0,40,46
1.0,24,47
1.0,25,47
1.0,39,47
1.0,5,48
1.0,6,48
1.0,14,48
1.0,11,49
1.0,18,49
1.0,20,49
