1.0,3,6
1.0,5,9
1.0,2,11
1.0,8,11
1.0,5,13
1.0,12,14
1.0,8,15
1.0,14,17
1.0,15,18
1.0,2,19
1.0,19,20
1.0,10,22
1.0,19,22
1.0,9,23
1.0,13,23
1.0,18,24
1.0,21,24
1.0,4,25
1.0,17,26
1.0,20,27
1.0,0,28
1.0,16,29
1.0,26,29
1.0,5,30
1.0,7,30
1.0,0,31
1.0,12,31
1.0,28,31
1.0,20,32
1.0,25,32
1.0,3,33
1.0,7,33
1.0,29,33
1.0,1,34
1.0,3,34
1.0,6,34
1.0,9,35
1.0,0,36
1.0,12,36
1.0,35,36
1.0,17,37
1.0,21,37
1.0,2,38
1.0,10,38
1.0,32,38
1.0,4,39
1.0,18,39
1.0,10,40
1.0,24,40
1.0,27,40
1.0,4,41
1.0,6,41
1.0,26,41
1.0,13,42
1.0,16,42
1.0,15,43
1.0,30,43
1.0,42,43
1.0,1,44
1.0,11,44
1.0,39,44
1.0,8,45
1.0,14,45
1.0,16,46
1.0,22,46
1.0,28,46
1.0,1,47
1.0,21,47
1.0,35,47
1.0,7,48
1.0,23,48
1.0,37,48
1.0,25,49
1.0,27,49
1.0,45,49
