0.97547233781845266,1,6
0.3598359085872449,3,6
0.93323394760715184,4,6
0.31470037317116306,1,7
0.63470656379699764,4,7
0.76793205941461751,2,9
0.71434550472854919,13,15
0.15629691587977823,14,16
0.49656064490425289,3,17
0.97619090195408564,9,17
0.53743048183512232,8,20
0.86687605262826417,12,20
0.18298727559387007,2,21
0.83429348840228879,16,21
0.12338551439498624,5,22
0.24371118711420336,18,22
0.10522650968291669,21,23
0.95225977986002064,1,28
0.90862667970693989,19,28
0.85279688132958631,13,29
0.54409804319779698,18,29
0.67973473118587258,22,30
0.41857282420403852,26,30
0.94553031513015662,15,31
0.76569796558313008,24,31
0.045270036339877917,25,32
0.055986232413956838,30,32
0.23568888925670439,5,33
0.33046543054767619,7,33
0.2133347535712371,23,33
0.99918554940293414,10,34
0.29425061785898754,26,34
0.32329390861599883,13,35
0.24711090993346685,19,35
0.75800961877742712,0,36
0.45039420827236498,10,36
0.64254885357595171,20,36
0.078514308855626824,5,37
0.20204114196010947,27,37
0.41906914702249054,32,37
0.13976942222303779,12,38
0.33594439959082678,14,38
0.46097494165381858,19,38
0.35921404654195932,0,39
0.12247021016251958,27,39
0.92928061906695125,8,40
0.21148743436755868,23,40
0.38975805912086448,35,40
0.74494811043811915,3,41
0.45815221876961876,9,41
0.29775084476767055,14,41
0.84860710686074503,2,42
0.046060792324589594,16,42
0.53335061968480946,28,42
0.49868334335112596,8,43
0.21325421930512845,24,43
0.95219430828584262,29,43
0.70547745654827532,25,44
0.19360647001017284,26,44
0.55908405589535237,34,44
0.60466318447672374,0,45
0.42944535890185398,11,45
0.48134144423031422,15,45
0.7761313286809508,17,46
0.82556321715089698,24,46
0.71722992114977913,39,46
0.59632362042712872,11,47
0.25056780646592181,25,47
0.96419385250543777,31,47
0.75512776750181998,10,48
0.71357399638887808,12,48
0.24025851978252755,27,48
0.29759805881041246,4,49
0.48335219425666065,11,49
0.19110156153366453,18,49
