1.0,0,2
1.0,5,7
1.0,2,9
1.0,8,9
1.0,0,11
1.0,4,11
1.0,1,13
1.0,6,14
1.0,6,15
1.0,10,17
1.0,4,18
1.0,18,20
1.0,19,20
1.0,7,21
1.0,12,22
1.0,13,22
1.0,6,23
1.0,10,23
1.0,8,25
1.0,12,26
1.0,21,26
1.0,24,26
1.0,10,27
1.0,21,27
1.0,16,28
1.0,1,29
1.0,15,29
1.0,22,29
1.0,3,31
1.0,4,31
1.0,14,32
1.0,0,33
1.0,25,33
1.0,32,34
1.0,12,35
1.0,24,35
1.0,30,35
1.0,3,36
1.0,18,36
1.0,33,36
1.0,9,37
1.0,17,37
1.0,30,37
1.0,5,38
1.0,27,38
1.0,28,38
1.0,19,39
1.0,23,39
1.0,28,39
1.0,11,40
1.0,16,40
1.0,34,40
1.0,16,41
1.0,30,41
1.0,32,41
1.0,7,42
1.0,1,43
1.0,17,43
1.0,24,43
1.0,19,44
1.0,42,44
1.0,13,45
1.0,20,45
1.0,42,45
1.0,2,46
1.0,14,46
1.0,44,46
1.0,5,47
1.0,8,47
1.0,31,47
1.0,3,48
1.0,15,48
1.0,25,49
1.0,34,49
1.0,48,49
