1.0,0,5
1.0,6,11
1.0,0,15
1.0,1,16
1.0,11,16
1.0,14,16
1.0,10,17
1.0,6,18
1.0,7,18
1.0,11,18
1.0,4,19
1.0,3,20
1.0,8,22
1.0,22,23
1.0,1,24
1.0,4,24
1.0,12,25
1.0,20,25
1.0,23,25
1.0,8,26
1.0,8,27
1.0,15,27
1.0,17,27
1.0,9,28
1.0,12,28
1.0,2,29
1.0,23,29
1.0,10,31
1.0,26,31
1.0,30,32
1.0,4,33
1.0,29,33
1.0,32,33
1.0,21,34
1.0,2,35
1.0,20,36
1.0,34,36
1.0,5,37
1.0,7,37
1.0,14,37
1.0,7,38
1.0,10,38
1.0,32,38
1.0,1,39
1.0,21,39
1.0,9,40
1.0,12,40
1.0,21,40
1.0,19,41
1.0,28,41
1.0,30,41
1.0,6,42
1.0,13,42
1.0,30,42
1.0,3,43
1.0,5,43
1.0,13,43
1.0,15,44
1.0,34,44
1.0,36,44
1.0,22,45
1.0,24,45
1.0,26,45
1.0,3,46
1.0,31,46
1.0,35,46
1.0,0,47
1.0,2,47
1.0,17,47
1.0,13,48
1.0,14,48
1.0,19,48
1.0,9,49
1.0,35,49
1.0,39,49
