0.20760742395127585,2,6
0.29567094422255402,4,6
0.24228052731427963,0,8
0.060836216565358536,9,11
0.030470876934651558,7,12
0.84599197952616967,4,13
0.19884728791426265,10,13
0.33118890010319935,5,16
0.9198852766020249,1,17
0.90326741339384031,14,17
0.15667041119071079,2,18
0.71117080188310977,13,18
0.24550894942380297,3,19
0.60744376528442656,17,19
0.045989897889010756,8,20
0.73642948690662424,16,23
0.62029651587144452,4,24
0.81439920831539137,12,24
0.87152002869686951,2,26
0.43350565172868594,5,27
0.5375987323022059,21,28
0.58113653358380846,25,28
0.98878889821215743,9,29
0.76352204567240578,14,29
0.47316466923913991,25,30
0.94503610573389374,29,30
0.55624213539560363,22,31
0.80917358970213904,25,31
0.50984684907514843,26,31
0.99413595295332879,15,32
0.907451192903035,21,32
0.55709472301520646,16,33
0.67345134309729504,19,33
0.49055205595414997,27,33
0.62706461412746828,10,35
0.763464141964177,21,35
0.74637217266503419,26,35
0.85602198590373213,10,36
0.84921441107765083,11,36
0.27389554949058437,3,37
0.39350769065106983,7,37
0.97042250704554645,34,37
0.37653273526351971,9,38
0.91840811883133944,18,38
0.29315493412945837,34,38
0.81187220452117681,7,39
0.18760648162561355,23,39
0.26124427009838169,32,39
0.056873936178491125,11,40
0.079070962215225582,12,40
0.07313851900474877,5,41
0.77165618448828122,24,41
0.098852507070870899,3,42
0.5642578165035812,15,42
0.8388313523379729,36,42
0.80731314054101588,15,43
0.4843413110348912,20,43
0.35437887560292913,30,43
0.78436999010185271,0,44
0.070634013454539124,8,44
0.99392432830662658,41,44
0.35119896669485184,20,45
0.059067946237607916,27,45
0.42721889332222784,0,46
0.57318241362285272,1,46
0.19038334359593811,14,46
0.75282169110860542,22,47
0.97411605355254982,34,47
0.87607179948993674,45,47
0.66708353069448079,1,48
0.2735174874814329,23,48
0.76255366059940566,28,48
0.75398525580114262,6,49
0.26135892631389301,22,49
0.70002176491548085,40,49
