0.030985557690824228,1,2
0.86406698529920378,5,9
0.96853926440240778,4,10
0.45743368565794507,0,11
0.3510174030427774,1,13
0.4659459145957483,5,13
0.29567634188870129,9,14
0.55774328057222766,10,15
0.79816086407533893,3,16
0.1946064270659208,5,16
0.47212849909985033,10,16
0.42601620002017404,3,17
0.77304732311385305,0,18
0.14769177806864575,8,18
0.23987048409955292,15,19
0.27203919385455044,11,20
0.59385336422414547,19,21
0.15346254012220439,0,22
0.13063784987485183,4,22
0.67228325439237657,6,23
0.64030879367518934,13,25
0.58197397080294799,22,25
0.75851721381518644,7,26
0.22758840148583614,12,27
0.91046238650100575,23,27
0.20849166176088196,9,28
0.73355547622123995,21,28
0.60675850485909688,20,29
0.57910373979973295,2,30
0.4497214768171599,19,30
0.065917642086536832,23,31
0.92764766234777252,28,31
0.52960496267397972,17,32
0.37851037168531543,29,32
0.3738927066106903,12,33
0.07661466352058921,14,33
0.99718344359586542,8,34
0.73095951426027916,1,35
0.35415373571372533,34,35
0.82068286184473538,11,36
0.099535434498065123,21,36
0.24140117415619766,26,37
0.40103489881374921,33,37
0.56421411899979901,24,38
0.87367233758013307,27,38
0.092924604859960014,2,39
0.99327482735187067,34,39
0.11618622463046291,8,40
0.45444743077263472,24,40
0.63599560272590527,30,40
0.49390604766110235,6,41
0.098063029193692808,18,41
0.59216380823032178,38,41
0.20310265166848906,7,42
0.81103819230526275,36,42
0.62406698893349033,6,43
0.097825494489774178,31,43
0.59793609740611608,42,43
0.74861366459627499,4,44
0.05988367063161637,37,44
0.070772017075732552,39,44
0.47398781373121346,26,45
0.67089769423856538,29,45
0.56295784082073519,17,46
0.70575663725529947,24,46
0.42244147612164529,35,46
0.85914721364614421,3,47
0.81037492281009238,12,47
0.71223941660318313,14,47
0.55468074454269467,20,48
0.24394092690630342,25,48
0.49862255032498726,45,48
0.57602601751066806,7,49
0.49612932369772811,15,49
0.79887414894098707,32,49
