1.0,3,9
1.0,3,10
1.0,9,10
1.0,3,12
1.0,4,14
1.0,5,16
1.0,4,17
1.0,9,17
1.0,8,18
1.0,11,18
1.0,5,19
1.0,15,21
1.0,20,21
1.0,10,22
1.0,11,24
1.0,23,24
1.0,2,25
1.0,6,26
1.0,13,26
1.0,25,26
1.0,8,27
1.0,6,28
1.0,8,28
1.0,27,28
1.0,12,29
1.0,20,29
1.0,16,30
1.0,17,30
1.0,1,31
1.0,6,32
1.0,13,32
1.0,27,32
1.0,1,33
1.0,4,33
1.0,2,34
1.0,18,34
1.0,25,34
1.0,14,35
1.0,22,35
1.0,13,36
1.0,2,37
1.0,16,37
1.0,29,37
1.0,30,38
1.0,36,38
1.0,0,39
1.0,15,39
1.0,7,40
1.0,22,40
1.0,33,40
1.0,1,41
1.0,21,41
1.0,7,42
1.0,23,42
1.0,38,42
1.0,23,43
1.0,39,43
1.0,0,44
1.0,7,44
1.0,41,44
1.0,12,45
1.0,24,45
1.0,31,45
1.0,5,46
1.0,19,46
1.0,43,46
1.0,0,47
1.0,20,47
1.0,31,47
1.0,14,48
1.0,19,48
1.0,36,48
1.0,11,49
1.0,15,49
1.0,35,49
