0.94537197187679589,2,3
0.39136665402653581,0,5
0.70997844782550235,6,10
0.63134425352671364,3,12
0.97874993123867449,5,13
0.98710326015524807,1,14
0.44620086065463371,8,15
0.47457377332781681,1,17
0.12184270313924861,13,17
0.33563233326422337,16,17
0.25756895624394294,7,18
0.34637852250718226,8,18
0.81249463844656189,14,18
0.32084974820481837,8,19
0.20253003040435924,9,19
0.13619389496707024,6,20
0.75490315613398029,7,21
0.2182354826622277,3,24
0.39503960407064664,7,24
0.30141195756818462,16,24
0.31221711739788471,2,25
0.95272473702337457,11,25
0.93340839428722222,13,26
0.79047623974132319,4,28
0.29314608484169591,16,28
0.49196039573482675,1,29
0.10372345249233317,9,29
0.81518765940462157,23,30
0.78119156660786804,9,31
0.20052120620870728,15,31
0.28195592273874004,20,31
0.58835391311765439,10,32
0.99607556180297163,12,32
0.55417480278749587,6,33
0.73109903198506254,26,34
0.021918036060214807,27,34
0.14492871709657384,33,34
0.79973955840779154,10,35
0.19562984214595591,33,35
0.28574570253612397,23,36
0.83245001117834461,25,36
0.9829667712667689,11,37
0.11699431364143531,22,37
0.1509005345451202,27,37
0.37056043464463417,0,38
0.15463821182027804,26,38
0.49364630064139958,5,39
0.10851845918160941,19,39
0.62206569555949698,21,39
0.72831363514389102,4,40
0.70133322904744033,28,40
0.15031734909027794,30,41
0.22701743263043506,2,42
0.092433248007896873,29,42
0.28743274807849861,30,42
0.38979527941417169,0,43
0.13734614056348282,12,43
0.36941056411382067,27,43
0.5165199054916062,14,44
0.81578001271699152,36,44
0.68187855040051426,41,44
0.33704401840257325,11,45
0.36888551391617463,21,45
0.16310355044086933,23,45
0.10005918640264411,22,46
0.88680024708545546,38,46
0.92186418739464049,40,46
0.42117864099788405,4,47
0.43505912006477798,22,47
0.80684218814365127,15,48
0.087502303627331579,20,48
0.30294313173411158,32,48
0.24410346223992851,35,49
0.34058372429395611,41,49
0.40910059578280467,47,49
