0.2309194410284281,1,10
0.93359532219406027,9,10
0.95440697681973141,3,11
0.3122516535730312,5,11
0.44044177255685946,11,12
0.80565131662771239,6,14
0.45560446554708967,13,14
0.78534846078461606,2,16
0.12239893809254232,8,17
0.88382527673561329,3,18
0.94177066515248986,15,18
0.20045622082364978,12,19
0.69158099178321586,18,20
0.82919609135987837,19,20
0.47737187176704787,4,21
0.21621626914621639,15,21
0.3796762317862844,1,22
0.72453747280159231,17,23
0.24611819554871373,22,23
0.49204582606141567,9,24
0.56848431167420221,16,24
0.47743562869099077,20,24
0.58339644906392507,3,25
0.72222147892674571,4,25
0.67083246921963147,5,26
0.785024075742498,13,28
0.066666162460420675,2,29
0.46971765970518076,16,29
0.14447404000967634,8,30
0.33500069546238709,23,31
0.16882824503631477,13,32
0.746990462466112,26,32
0.97398962358219099,9,33
0.69844526650997951,21,33
0.20061896204585972,27,33
0.04980290334910431,10,34
0.70517662856640473,27,34
0.36819811773538558,30,34
0.62304431740560495,8,35
0.25041167519460983,15,35
0.60868105010300011,6,36
0.078457170991946157,7,36
0.082562926134336245,7,37
0.99419340275472112,30,37
0.28436828036470529,25,38
0.18840020248179046,19,39
0.31389985729734449,31,39
0.51961216822864464,0,40
0.1351435350896153,2,40
0.59231816142578397,32,40
0.10769117590546662,0,41
0.70962153210416468,31,41
0.82317360363044967,37,41
0.42664852160298683,5,42
0.95640257496583481,28,42
0.20393953962323408,38,42
0.25167094052321848,17,43
0.93960478370334577,22,43
0.57488425491877571,36,44
0.10838456792062012,39,44
0.20915904450627953,43,44
0.23237768550308602,7,45
0.099158048148675015,27,45
0.60947994307122533,29,45
0.10548460627223422,12,46
0.057680650033416492,28,46
0.32670209459532074,6,47
0.4399698667945946,14,47
0.31775432357769007,46,47
0.55455555961452885,4,48
0.083315241476528135,26,48
0.03026154258630287,38,48
0.070889880783460812,0,49
0.72833813570891692,1,49
0.16059787940825831,35,49
