1.0,0,2
1.0,6,7
1.0,9,11
1.0,9,12
1.0,2,13
1.0,4,13
1.0,8,13
1.0,7,15
1.0,10,15
1.0,10,16
1.0,12,18
1.0,16,18
1.0,2,20
1.0,11,21
1.0,16,21
1.0,17,21
1.0,14,23
1.0,5,24
1.0,8,24
1.0,17,25
1.0,18,26
1.0,19,26
1.0,20,26
1.0,3,27
1.0,4,27
1.0,22,27
1.0,0,28
1.0,6,28
1.0,8,28
1.0,1,29
1.0,10,29
1.0,15,29
1.0,5,30
1.0,22,30
1.0,19,31
1.0,11,32
1.0,31,33
1.0,1,34
1.0,6,34
1.0,25,34
1.0,32,35
1.0,30,36
1.0,0,37
1.0,35,37
1.0,14,38
1.0,23,38
1.0,31,38
1.0,12,39
1.0,22,39
1.0,24,40
1.0,37,40
1.0,39,40
1.0,19,41
1.0,33,41
1.0,3,42
1.0,5,42
1.0,20,42
1.0,32,43
1.0,9,44
1.0,14,44
1.0,41,44
1.0,1,45
1.0,36,45
1.0,25,46
1.0,43,46
1.0,45,46
1.0,7,47
1.0,23,47
1.0,33,47
1.0,4,48
1.0,17,48
1.0,36,48
1.0,3,49
1.0,35,49
1.0,43,49
