1.0,0,3
1.0,6,7
1.0,6,9
1.0,0,11
1.0,9,12
1.0,0,14
1.0,5,14
1.0,1,15
1.0,10,15
1.0,4,16
1.0,17,19
1.0,1,20
1.0,5,21
1.0,10,22
1.0,12,22
1.0,11,23
1.0,16,25
1.0,23,25
1.0,9,26
1.0,4,27
1.0,7,28
1.0,23,29
1.0,24,29
1.0,18,30
1.0,8,31
1.0,18,31
1.0,19,32
1.0,24,32
1.0,2,33
1.0,15,33
1.0,18,33
1.0,4,34
1.0,10,34
1.0,32,34
1.0,7,35
1.0,8,35
1.0,21,35
1.0,8,36
1.0,17,36
1.0,25,36
1.0,13,37
1.0,31,37
1.0,27,38
1.0,16,39
1.0,27,39
1.0,38,39
1.0,2,40
1.0,12,40
1.0,22,40
1.0,1,41
1.0,6,41
1.0,24,41
1.0,3,42
1.0,29,42
1.0,37,42
1.0,21,43
1.0,26,43
1.0,28,43
1.0,14,44
1.0,28,44
1.0,30,44
1.0,11,45
1.0,20,45
1.0,13,46
1.0,20,46
1.0,45,46
1.0,17,47
1.0,19,47
1.0,26,47
1.0,2,48
1.0,13,48
1.0,30,48
1.0,3,49
1.0,5,49
1.0,38,49
