0.63022580893912961,2,3
0.4296613022623782,4,7
0.6003364829603749,7,11
0.20213496054967772,10,12
0.70543743775213108,8,13
0.057511990201572494,9,13
0.8899798401565342,3,16
0.97591838422192034,3,17
0.33671196690923022,5,18
0.14222942163963304,1,19
0.39775173201009728,4,19
0.003452793736148374,14,21
0.75986967764176538,20,21
0.32122400927435102,6,22
0.97755767717280495,16,22
0.7213112176694062,14,23
0.13833042917546401,18,23
0.53420950643260301,5,24
0.2978199936553857,8,25
0.11311819819629598,0,26
0.93827209634420072,10,27
0.36476875343219495,17,27
0.15765148133462081,14,28
0.82391429492464729,26,28
0.99190256254390263,12,29
0.63128653057854289,25,29
0.92703398938613379,11,31
0.89957967551274898,4,32
0.39928356076464355,30,32
0.95604068744334969,24,33
0.32812072906145962,32,33
0.91188190893728516,30,34
0.026575431894140022,31,34
0.21216795796332888,1,35
0.6096784446309077,20,35
0.82639213307686787,2,36
0.079283316435306506,6,36
0.68890546604585634,9,36
0.90507603397895409,17,37
0.7981960995507017,19,37
0.24692856722287759,25,37
0.44436145650949666,1,38
0.6403805315119121,21,38
0.49836791326328167,33,38
0.85279327047545594,12,39
0.15686179700970415,31,39
0.37154616141322916,34,39
0.077279676561645361,7,40
0.3520192940076815,11,40
0.95670724413491615,13,40
0.99916575324232582,20,41
0.23359192514405769,23,41
0.023254193053879768,0,42
0.3827339249759879,15,42
0.94445866318488869,2,43
0.92273331968067207,15,43
0.4290505552914039,29,43
0.21679836903454719,15,44
0.32565799314091237,16,44
0.21480451691447588,24,44
0.17505548736999632,6,45
0.80075149116657163,26,45
0.88121190739370869,27,45
0.76507770824238674,0,46
0.98462085954525735,5,46
0.4126330229494265,22,46
0.51503309074394876,10,47
0.95549968771388438,28,47
0.95584297900092907,30,47
0.55007186615987791,18,48
0.18420120138331963,35,48
0.63764746638473602,42,48
0.78962449134454915,8,49
0.25842012803654113,9,49
0.42354100679411089,41,49
