0.52838244345564889,0,4
0.42347836561828356,1,7
0.45325147834896706,3,7
0.17311463638645364,6,9
0.26022801705153253,8,9
0.90413942575110029,5,11
0.4968344966691457,10,12
0.21451271654838899,2,13
0.40078337088330918,4,14
0.32349478291648848,17,18
0.9520324517857166,5,22
0.79404789879593241,21,22
0.13171288187041585,20,23
0.83339897983471201,19,24
0.69257626515954274,0,25
0.42302965008376436,12,25
0.11197648896755463,17,27
0.4059877461837238,19,27
0.32790490332330358,22,27
0.42999241372871955,10,28
0.96772394083787527,19,28
0.68422789884289681,6,29
0.71219817388186912,9,29
0.66301209542347617,15,29
0.9853525763451475,11,30
0.098464034668820366,15,30
0.70798856948875377,20,30
0.35940077891260569,8,31
0.19056222703131109,23,31
0.015026310057935088,1,32
0.87444115138939182,16,33
0.74385912148112532,10,34
0.44429693682134497,18,35
0.80165824902758032,26,35
0.84238449178419628,33,35
0.50528135850852496,2,36
0.73322363140564628,20,36
0.72695390144108962,32,36
0.17886561207613594,24,37
0.53849280158855783,26,37
0.61101730111946051,34,37
0.39124061815628441,3,38
0.36844384728563517,5,38
0.12302241975043204,14,38
0.32866614249251846,6,39
0.33088390119287681,33,39
0.056988106196298127,0,40
0.47962650623247549,4,40
0.1699984772177161,7,40
0.07226948787185361,3,41
0.90280000253105885,11,41
0.32104247975763422,31,41
0.45153971343366706,16,42
0.74893703972706871,17,42
0.29799320892790448,25,42
0.21160157111790301,2,43
0.45941153525494427,21,43
0.10967468185021789,8,44
0.9046781261447091,21,44
0.55485372007943934,32,44
0.58216736175254402,13,45
0.30816181484492311,28,45
0.46113857573083539,34,45
0.86956940079972167,23,46
0.075414418933026917,24,46
0.1457663441081487,43,46
0.058925087346825777,12,47
0.77829782929471703,15,47
0.94206879788907971,18,47
0.5381024907198646,14,48
0.11026943931310895,16,48
0.26484999002047827,26,48
0.077631797200589991,1,49
0.048092087022693741,13,49
0.22185077071737946,39,49
