0.97976202662077017,2,3
0.80267502776063548,6,7
0.96843011001847068,9,10
0.37065335702217139,4,11
0.54722741029468414,5,12
0.8766540895237438,0,13
0.061487324484637673,0,15
0.41623188081129581,5,16
0.59680705070004714,7,17
0.81266946636632797,15,17
0.60154575228223606,14,18
0.35002325698996017,0,19
0.58036435249971841,2,19
0.19005689193050268,3,20
0.10625804063802313,15,20
0.0033307488740603741,2,21
0.19494879974132251,8,22
0.94167656362279573,9,23
0.5125565517214592,12,24
0.87636731952304159,19,25
0.84240299377287575,21,25
0.41999795685985408,16,26
0.7275346554809714,1,27
0.82480904986684378,13,27
0.49222678885658044,12,28
0.023748510588548766,14,28
0.82531585860295575,23,29
0.77996938835178875,27,29
0.97490403207868248,26,30
0.85135662469393858,9,31
0.080409464402569797,11,31
0.40007888373977119,16,32
0.90487147953357394,24,32
0.30793145698645097,1,33
0.54375578840077343,1,34
0.17484834728740228,32,34
0.93774576315791724,33,34
0.026345401395097001,18,35
0.12949908484957029,30,35
0.64414302206710183,3,36
0.91354761836593978,21,36
0.81296694722577079,22,36
0.74816548067758237,4,37
0.90719231452134907,24,37
0.38934337362044547,22,38
0.035672012618914839,37,38
0.81456893266996433,18,39
0.058647073289894491,8,40
0.13030803288187498,31,40
0.15998419004359921,8,41
0.24466863732761901,10,41
0.41750930753598703,38,41
0.41904398350175887,10,42
0.56078148830338781,23,42
0.77495792722345691,39,42
0.025494848368007639,6,43
0.15991054746953615,14,43
0.77904302086368471,25,43
0.32724283635106788,17,44
0.52276635204624866,40,44
0.33152821966254953,7,45
0.71546366441341802,11,45
0.59125602830562118,28,45
0.74251540412660855,4,46
0.39128750556274294,5,46
0.070222817077751687,35,46
0.71894328320322876,26,47
0.11926096548018827,30,47
0.89453048311270089,33,47
0.10849092704338714,6,48
0.50434806940925725,20,48
0.54404629602816634,39,48
0.9421750413604626,13,49
0.37907657609402046,29,49
0.55246396155543553,44,49
