1.0,0,3
1.0,2,3
1.0,1,6
1.0,4,9
1.0,10,13
1.0,0,15
1.0,1,16
1.0,5,16
1.0,2,17
1.0,12,18
1.0,14,18
1.0,7,19
1.0,10,20
1.0,11,20
1.0,14,21
1.0,9,22
1.0,5,23
1.0,17,23
1.0,9,24
1.0,12,24
1.0,7,25
1.0,12,25
1.0,8,26
1.0,13,26
1.0,17,27
1.0,25,27
1.0,19,28
1.0,0,29
1.0,21,30
1.0,29,30
1.0,13,31
1.0,29,31
1.0,8,32
1.0,14,32
1.0,24,33
1.0,27,33
1.0,16,34
1.0,21,34
1.0,28,35
1.0,4,36
1.0,22,36
1.0,15,37
1.0,20,37
1.0,35,37
1.0,6,38
1.0,8,38
1.0,30,38
1.0,11,39
1.0,15,40
1.0,32,40
1.0,6,41
1.0,23,41
1.0,10,42
1.0,33,42
1.0,41,42
1.0,1,43
1.0,34,43
1.0,22,44
1.0,35,44
1.0,39,44
1.0,18,45
1.0,28,45
1.0,43,45
1.0,2,46
1.0,19,46
1.0,40,46
1.0,7,47
1.0,11,47
1.0,26,47
1.0,3,48
1.0,4,48
1.0,39,48
1.0,5,49
1.0,31,49
1.0,36,49
