0.82959968303266418,0,5
0.13175415865457862,5,6
0.56176873672104644,1,7
0.48818120437900703,2,7
0.25046217411091309,10,11
0.58451962138429936,0,12
0.23244500009556368,5,14
0.45992376167253013,2,15
0.60234048703735465,3,17
0.60709261250304014,10,17
0.24213419160915206,3,18
0.91285835516170433,9,18
0.040093566609729958,0,19
0.41834669918017886,9,19
0.16738095936778252,11,21
0.67854266719145739,9,22
0.6995022485156478,16,22
0.60041501702894973,1,23
0.13300778427954973,6,23
0.028425701179327301,15,23
0.98109097994194994,16,25
0.71525396556218712,1,26
0.47669253325046435,25,26
0.92332944380731652,15,27
0.060854893578756619,13,28
0.29172830622576895,18,28
0.99666187714449228,21,28
0.22700715321558484,21,29
0.51101473055733071,12,30
0.38020018356380558,27,30
0.58282517189347371,8,31
0.67252510363934992,13,32
0.19182374799691648,24,32
0.63958765903408843,30,32
0.30905581980593355,8,33
0.93090678384814773,20,33
0.03475937114054839,24,33
0.022520499257556059,29,34
0.47262930781632817,19,35
0.61263699967319363,20,35
0.46938113888734279,14,36
0.11676903832854957,29,36
0.22294945395988353,4,38
0.65279400862296,12,38
0.68205001085707484,36,38
0.086445442056057198,6,39
0.25089488079088729,17,39
0.33494563795361498,22,40
0.92302627104513468,24,40
0.15931589010038072,26,40
0.1590911374409204,20,41
0.90905369153160787,37,41
0.31213529750858382,13,42
0.30622986497389193,31,42
0.53657923495707549,39,42
0.6550991580253368,34,43
0.99231590337098385,41,43
0.22128984154527387,7,44
0.3224038588209629,10,44
0.46749986911352204,37,44
0.61731211111575846,8,45
0.94652703060605936,31,45
0.56664538978051304,34,45
0.88150690277429922,4,46
0.22981809328032876,16,46
0.82242680281508884,35,46
0.069563586162703306,3,47
0.41850806183433065,4,47
0.41079064861215731,11,47
0.36808678308920595,14,48
0.29772463081108258,37,48
0.58905691493072954,43,48
0.70687475124368604,2,49
0.65857024820074417,25,49
0.82083545670227009,27,49
