1.0,3,5
1.0,1,6
1.0,0,7
1.0,0,8
1.0,6,11
1.0,0,13
1.0,4,15
1.0,10,17
1.0,11,17
1.0,14,17
1.0,13,18
1.0,5,19
1.0,10,20
1.0,19,20
1.0,1,22
1.0,18,22
1.0,8,23
1.0,15,23
1.0,2,25
1.0,20,25
1.0,1,26
1.0,12,26
1.0,5,27
1.0,19,27
1.0,2,28
1.0,15,28
1.0,8,29
1.0,11,29
1.0,24,30
1.0,4,31
1.0,9,31
1.0,6,32
1.0,14,32
1.0,31,32
1.0,7,33
1.0,9,34
1.0,16,34
1.0,24,35
1.0,23,36
1.0,25,36
1.0,33,36
1.0,4,37
1.0,21,37
1.0,21,38
1.0,10,39
1.0,30,39
1.0,38,39
1.0,7,40
1.0,12,40
1.0,24,40
1.0,28,41
1.0,37,41
1.0,21,42
1.0,26,42
1.0,27,42
1.0,2,43
1.0,13,43
1.0,22,43
1.0,12,44
1.0,16,44
1.0,35,44
1.0,3,45
1.0,16,45
1.0,30,46
1.0,38,46
1.0,45,46
1.0,9,47
1.0,35,47
1.0,41,47
1.0,3,48
1.0,29,48
1.0,34,48
1.0,14,49
1.0,18,49
1.0,33,49
