0.49911638909166289,0,1
0.67607096505331998,3,4
0.0021818376775202264,4,7
0.40459800118722877,0,8
0.96675912446106349,5,8
0.29719182758283069,2,10
0.79501605782906182,7,12
0.75882568469947942,13,14
0.54121538630080568,14,15
0.54961262965504731,2,16
0.8346997603881936,9,17
0.94808297828243193,11,17
0.64729252878714549,16,19
0.21656564559947422,2,22
0.76113635422352777,14,23
0.50702573513284488,18,23
0.77350211125559687,4,24
0.2596438483296033,19,24
0.85938613893467664,20,25
0.45883864100702587,7,26
0.86615245381406203,24,26
0.7142980242787238,21,27
0.1401155018670972,26,27
0.97591865387241128,20,28
0.21032671500966638,12,30
0.66301997127958223,13,30
0.1352236988577239,8,32
0.5788681916686913,27,32
0.57975564311509242,11,33
0.62898320480749759,16,33
0.97797288120527304,3,34
0.87460358492288348,9,34
0.71538984031974762,31,34
0.12146702700411571,5,35
0.90886984033316431,6,35
0.74403671842992702,21,35
0.60324057168510348,5,36
0.094695915810434905,10,36
0.85609640990427582,12,36
0.00388803530029036,19,37
0.56111026801912545,20,37
0.92567544835130267,25,37
0.92532953543235796,6,38
0.48094383405479801,21,38
0.46549071646524487,29,38
0.95345692960092854,0,39
0.3026205870700559,1,39
0.13124212221549425,28,39
0.16551238425703274,18,40
0.37425996895171176,29,40
0.30932232982409114,30,40
0.98988832110885794,3,41
0.37464929440859607,32,41
0.48638367482420519,17,42
0.35070186914727075,41,42
0.74679118160323221,6,43
0.43881585238025433,11,43
0.36676581416104093,29,43
0.45725936896071961,28,44
0.8998268851078417,33,44
0.65204709593768551,1,45
0.70212419248650704,9,45
0.99255474281607159,23,45
0.35492971137359164,15,46
0.69291365263694271,31,46
0.041738011573922873,44,46
0.5189451075920406,10,47
0.31672968242308064,13,47
0.99018912168021844,22,47
0.80586360102420374,15,48
0.54556703329004974,31,48
0.40534272182625353,42,48
0.24764170763840698,18,49
0.56392476340373621,22,49
0.56357783454894361,25,49
