0.78964962904958003,0,2
0.43272321336525832,4,9
0.86369375269976989,10,11
0.59587318677860879,6,13
0.36594594992569074,12,14
0.067136936118120438,6,16
0.62122727808620226,7,16
0.050310322137321783,13,17
0.29550459950437491,15,17
0.52203980837063391,2,19
0.080428515132122236,18,19
0.34842215756173311,9,20
0.97722802192766089,13,21
0.28784322894850456,7,22
0.94892092029060138,8,22
0.60002981746358697,15,22
0.059429291946904161,5,23
0.77437432176167909,10,24
0.68635222523376871,14,25
0.4764356128525834,16,25
0.0060219994019635736,21,25
0.92096823639273284,14,26
0.79295147508092279,19,26
0.21397620873403556,20,27
0.96050648980745856,23,27
0.7849528813984763,24,27
0.80071303607847899,2,29
0.79650985773196237,21,29
0.53236908956252771,24,29
0.5896261357004674,28,30
0.036865820727344789,8,31
0.86456539343812822,18,31
0.58563239535981215,3,32
0.76452460158669278,17,32
0.066504494906595268,26,32
0.055998055410890313,20,33
0.4190883561144223,31,33
0.094280028034472441,1,34
0.72786278125316273,11,34
0.80101464644873011,4,35
0.0037891087410133473,12,35
0.32014615588014217,0,36
0.22503823016180369,4,36
0.41512456350804705,1,37
0.85616143335995976,5,37
0.65079594157094878,6,38
0.5244897307340477,28,39
0.0059906166653592718,33,39
0.50309020078928846,34,39
0.38785985821765889,9,40
0.3638857182700147,30,40
0.59816060354943235,0,41
0.11404518606150671,10,41
0.16513407752565046,35,42
0.57280209387650183,37,42
0.069308888462731755,8,43
0.34127631278586668,11,43
0.78987977249677988,5,44
0.027798280130039377,40,44
0.19769221209893073,41,44
0.27911903561937945,3,45
0.43090753871544429,38,45
0.98008951844306302,42,45
0.44486902834456965,1,46
0.66704926478946003,18,46
0.18593176151983981,43,46
0.52160628767482375,12,47
0.3904031768517473,15,47
0.80467669192538083,36,47
0.3525809328122278,7,48
0.36531472718367797,28,48
0.71934121387775862,38,48
0.01926944178909662,3,49
0.8771366210062489,23,49
0.44772504776457389,30,49
