0.63220756135970324,1,4
0.46364554003767644,0,6
0.54802138652076537,7,8
0.81454576805712031,5,9
0.84482202166915721,10,13
0.50540053892237902,3,14
0.56979683147006566,2,17
0.99793356620670526,15,18
0.60276694201704428,17,18
0.37270744254914867,8,20
0.36552905831794835,1,21
0.78925482592960861,3,21
0.97092463626051517,4,21
0.66100772832952881,13,22
0.48958503094422967,3,25
0.92456374830469545,11,25
0.074519370418137387,0,26
0.7545076142741407,7,26
0.090536100899336169,15,26
0.34613418806123297,18,27
0.1066376684170196,16,28
0.26623164926224407,19,28
0.76843308404837274,2,29
0.50469901001566864,25,29
0.80373803238598873,6,30
0.34227334505297635,16,30
0.091491400240104381,1,31
0.81222192531737369,12,31
0.22988064598032831,20,32
0.76279178312338969,24,32
0.6418585856229222,9,33
0.59754352035379876,27,33
0.55398707748974474,11,34
0.40416837652943605,14,34
0.025829389974290184,23,34
0.46159691481876608,28,35
0.62604633413476207,31,35
0.99678386847554845,33,35
0.6090884679892683,2,36
0.86754913173018211,7,36
0.71622246251425825,11,36
0.72755826875856611,6,37
0.10189433020245897,24,37
0.72982629323131076,9,38
0.088584587182107932,10,38
0.4775404126832522,19,39
0.7920526742585573,23,39
0.27341937726955223,29,39
0.29342624286016106,4,40
0.82293244451959768,23,40
0.94035468607343753,27,40
0.46863986807755798,16,41
0.88957321701990177,22,41
0.90580367967392295,32,41
0.69509158770639712,10,42
0.59888914502006851,12,42
0.17146580181876225,30,42
0.11048540862945566,0,43
0.30324068175298613,37,43
0.87391381625773157,5,44
0.84592180054877208,13,44
0.93999468493880112,43,44
0.58635424404444358,5,45
0.50080899761547726,8,45
0.72623842860352905,20,46
0.20545764074823014,22,46
0.38024537815363302,14,47
0.12115726186648745,19,47
0.78194509884135788,38,47
0.84435071194838229,12,48
0.87382014922681839,24,48
0.041670178462074992,46,48
0.61621445020670473,15,49
0.4989668521685704,17,49
0.33778827262896205,45,49
