1.0,1,8
1.0,4,8
1.0,1,9
1.0,2,11
1.0,4,12
1.0,7,13
1.0,11,15
1.0,9,17
1.0,2,18
1.0,6,19
1.0,1,20
1.0,19,20
1.0,0,21
1.0,5,21
1.0,6,22
1.0,20,22
1.0,8,24
1.0,17,24
1.0,5,25
1.0,10,25
1.0,0,26
1.0,23,26
1.0,12,27
1.0,19,27
1.0,11,28
1.0,7,29
1.0,12,29
1.0,15,29
1.0,2,30
1.0,9,30
1.0,3,31
1.0,26,31
1.0,18,32
1.0,31,32
1.0,32,33
1.0,16,34
1.0,23,34
1.0,14,35
1.0,25,35
1.0,10,36
1.0,22,36
1.0,28,37
1.0,33,37
1.0,14,38
1.0,21,38
1.0,14,39
1.0,27,39
1.0,30,39
1.0,15,40
1.0,0,41
1.0,24,41
1.0,35,41
1.0,34,42
1.0,40,42
1.0,16,43
1.0,18,43
1.0,40,43
1.0,4,44
1.0,17,44
1.0,42,44
1.0,3,45
1.0,28,45
1.0,37,45
1.0,10,46
1.0,13,46
1.0,16,46
1.0,7,47
1.0,33,47
1.0,36,47
1.0,5,48
1.0,6,48
1.0,13,48
1.0,3,49
1.0,23,49
1.0,38,49
