1.0,8,9
1.0,0,11
1.0,3,13
1.0,5,16
1.0,11,16
1.0,1,17
1.0,10,18
1.0,12,19
1.0,18,19
1.0,4,20
1.0,8,20
1.0,9,20
1.0,7,21
1.0,6,22
1.0,18,22
1.0,7,24
1.0,10,24
1.0,15,24
1.0,13,25
1.0,15,25
1.0,23,25
1.0,0,26
1.0,11,26
1.0,21,27
1.0,5,28
1.0,14,28
1.0,13,29
1.0,2,30
1.0,1,31
1.0,27,31
1.0,30,31
1.0,2,32
1.0,30,32
1.0,6,33
1.0,8,33
1.0,17,33
1.0,0,34
1.0,4,34
1.0,15,34
1.0,14,35
1.0,23,35
1.0,2,36
1.0,7,36
1.0,27,36
1.0,1,37
1.0,23,38
1.0,28,39
1.0,35,39
1.0,12,40
1.0,3,41
1.0,37,41
1.0,3,42
1.0,12,42
1.0,29,42
1.0,5,43
1.0,17,43
1.0,40,43
1.0,9,44
1.0,37,44
1.0,38,44
1.0,4,45
1.0,14,45
1.0,41,45
1.0,6,46
1.0,21,46
1.0,39,46
1.0,16,47
1.0,26,47
1.0,32,47
1.0,22,48
1.0,29,48
1.0,38,48
1.0,10,49
1.0,19,49
1.0,40,49
