1.0,5,6
1.0,7,11
1.0,4,12
1.0,10,14
1.0,4,16
1.0,8,16
1.0,17,18
1.0,14,19
1.0,9,20
1.0,16,22
1.0,3,23
1.0,21,23
1.0,1,24
1.0,6,24
1.0,7,24
1.0,9,25
1.0,17,25
1.0,2,26
1.0,15,26
1.0,13,27
1.0,18,27
1.0,23,27
1.0,0,28
1.0,14,28
1.0,15,28
1.0,8,29
1.0,10,29
1.0,25,29
1.0,6,30
1.0,9,30
1.0,22,30
1.0,8,31
1.0,11,32
1.0,22,33
1.0,3,34
1.0,4,34
1.0,12,35
1.0,26,35
1.0,32,35
1.0,1,36
1.0,15,37
1.0,31,37
1.0,36,37
1.0,13,38
1.0,19,38
1.0,33,38
1.0,13,39
1.0,20,39
1.0,2,40
1.0,21,40
1.0,1,41
1.0,2,41
1.0,20,41
1.0,0,42
1.0,7,42
1.0,39,42
1.0,31,43
1.0,33,43
1.0,3,44
1.0,18,44
1.0,43,44
1.0,5,45
1.0,32,45
1.0,0,46
1.0,5,46
1.0,21,46
1.0,12,47
1.0,36,47
1.0,40,47
1.0,10,48
1.0,17,48
1.0,34,48
1.0,11,49
1.0,19,49
1.0,45,49
