1.0,2,7
1.0,0,9
1.0,7,11
1.0,3,12
1.0,2,13
1.0,5,13
1.0,0,15
1.0,12,15
1.0,4,16
1.0,1,17
1.0,6,18
1.0,16,19
1.0,8,20
1.0,10,21
1.0,19,21
1.0,6,22
1.0,9,23
1.0,20,23
1.0,5,24
1.0,18,24
1.0,23,25
1.0,7,26
1.0,22,27
1.0,5,28
1.0,13,28
1.0,26,28
1.0,17,29
1.0,20,29
1.0,10,30
1.0,17,31
1.0,22,31
1.0,14,33
1.0,32,33
1.0,2,34
1.0,29,34
1.0,30,35
1.0,9,36
1.0,11,36
1.0,32,36
1.0,3,37
1.0,35,37
1.0,19,38
1.0,25,38
1.0,27,38
1.0,4,39
1.0,12,39
1.0,8,40
1.0,14,40
1.0,21,40
1.0,1,41
1.0,3,41
1.0,26,41
1.0,6,42
1.0,14,42
1.0,18,42
1.0,0,43
1.0,8,43
1.0,33,43
1.0,11,44
1.0,15,44
1.0,25,44
1.0,27,45
1.0,35,45
1.0,39,45
1.0,1,46
1.0,30,46
1.0,32,46
1.0,10,47
1.0,34,47
1.0,4,48
1.0,31,48
1.0,37,48
1.0,16,49
1.0,24,49
1.0,47,49
