0.3026156553916628,2,7
0.68609458848612626,9,10
0.66670098375491516,2,11
0.63246682455204728,4,14
0.64181599592783134,0,15
0.33820005013878107,5,15
0.53198815240476838,9,15
0.16660191190034246,5,16
0.21861729204171199,8,16
0.41484567586144727,10,17
0.88182720166600492,5,19
0.65242331106392049,7,20
0.56832979691542351,8,20
0.76217814624238189,3,21
0.63025154653741411,12,22
0.17259550709332305,14,25
0.72401583267848202,24,25
0.44650358534634316,6,26
0.011514724843125657,16,26
0.15864656702638202,18,26
0.98758487089170632,4,27
0.3824155675459372,11,27
0.70294414087564261,21,28
0.25515016461087114,14,29
0.16321438387052922,29,30
0.83884684508274354,18,31
0.047120967641684719,23,31
0.58561166234381312,27,31
0.5067680778187601,0,32
0.23741731866544902,1,32
0.27582784681710903,9,33
0.54766272630420842,30,33
0.00041673884532122951,20,34
0.12601499169164043,25,34
0.43787187065934907,13,35
0.3806500691824789,19,35
0.20800866875738466,22,35
0.038865625324789099,0,36
0.76199686788053256,1,36
0.075844706933224426,22,36
0.044987081103240789,1,37
0.86728784271146453,29,37
0.054215572202327644,34,37
0.22348316216536379,3,38
0.40865462589810941,7,38
0.93839106968109676,4,39
0.4343436691651793,13,39
0.58511333934607135,19,39
0.076240250008756005,6,40
0.11194846487805721,28,40
0.13658715716336345,6,41
0.41427633324914404,10,41
0.61487269558620028,17,41
0.021327596475579136,2,42
0.54353863867360164,11,42
0.92191166473106434,12,42
0.4834963762769906,18,43
0.15226728409063961,23,43
0.10731902373313884,23,44
0.37362160629192687,30,44
0.68194209962635632,8,45
0.052431641981908639,24,45
0.048950074579598324,28,45
0.63906582349991015,12,46
0.22505768446640295,40,46
0.29713617520420688,44,46
0.1858528388404892,3,47
0.26529313069605431,21,47
0.59733252635550094,33,47
0.26765850623260057,13,48
0.81946868153747554,38,48
0.61952879273758787,43,48
0.29894080973495585,17,49
0.3968401206994091,24,49
0.54140882345071972,32,49
