1.0,0,4
1.0,1,7
1.0,6,7
1.0,1,8
1.0,5,11
1.0,4,13
1.0,5,14
1.0,10,15
1.0,9,16
1.0,11,16
1.0,3,21
1.0,9,25
1.0,19,25
1.0,20,25
1.0,20,26
1.0,2,27
1.0,20,27
1.0,23,27
1.0,17,28
1.0,23,28
1.0,3,29
1.0,24,29
1.0,1,30
1.0,13,30
1.0,24,30
1.0,7,31
1.0,15,31
1.0,17,31
1.0,17,32
1.0,18,32
1.0,22,32
1.0,8,33
1.0,9,33
1.0,16,33
1.0,6,34
1.0,18,34
1.0,12,35
1.0,2,36
1.0,26,36
1.0,6,37
1.0,10,37
1.0,28,37
1.0,5,38
1.0,35,38
1.0,8,39
1.0,12,39
1.0,14,39
1.0,10,40
1.0,18,40
1.0,19,40
1.0,3,41
1.0,4,41
1.0,29,41
1.0,0,42
1.0,36,42
1.0,38,42
1.0,11,43
1.0,19,43
1.0,34,43
1.0,13,44
1.0,15,44
1.0,22,44
1.0,2,45
1.0,22,45
1.0,35,45
1.0,21,46
1.0,0,47
1.0,12,47
1.0,24,47
1.0,21,48
1.0,26,48
1.0,46,48
1.0,14,49
1.0,23,49
1.0,46,49
