0.64392439309961647,3,13
0.58550627647010367,4,13
0.25031755473178252,3,14
0.61603880532766264,4,14
0.83492530434865597,14,15
0.20697648390697287,10,16
0.92088276034871419,8,20
0.22455405160282182,12,20
0.16520075497284814,1,21
0.70305346780421918,2,21
0.96488598302750295,4,22
0.32807185301891728,21,22
0.78489858696682524,1,23
0.92671099099859977,19,23
0.42333993019981597,20,24
0.81277209019316121,17,25
0.095186176557851554,19,25
0.48990987557115762,9,26
0.27890564409399543,11,26
0.54419690263066733,0,27
0.82643364355663296,10,27
0.99392076600898893,24,27
0.60750003977844835,3,29
0.36753366715923219,23,29
0.77948420743052638,0,30
0.45709360201283522,10,30
0.95944392306678405,12,30
0.14359655826163931,2,31
0.62405764650775075,6,31
0.84683292229119322,6,32
0.17694024650990969,15,32
0.6271308655987059,7,33
0.0063311381229071984,11,33
0.010513799337880214,22,33
0.05709983799400975,2,35
0.51161422222548891,6,35
0.29524208679385666,34,35
0.13877919878567002,11,36
0.075777840433434496,18,36
0.88761198353676307,17,37
0.021423002073112207,29,37
0.75181062712564406,8,38
0.29409825123416466,9,38
0.91112670679283581,34,38
0.77058563403609315,16,39
0.0087192012130102858,18,39
0.93894209567198283,7,40
0.13516671974164307,19,40
0.074938130328048524,32,40
0.74854051844539571,5,41
0.34382115480977538,18,41
0.39824228830633757,39,41
0.047040905661833388,9,42
0.21666337373274325,15,42
0.045012782906543758,31,42
0.63612118757447511,5,43
0.018389877254164189,24,43
0.23922632209531214,34,43
0.59390648751973496,12,44
0.13934187462698466,28,44
0.88969646307844752,36,44
0.7276856496623787,1,45
0.10167383816476738,7,45
0.20396469695037101,13,45
0.25371262844325926,0,46
0.39153731250988433,5,46
0.90414563783472701,28,46
0.91406940339764831,16,47
0.20542103741360684,17,47
0.7066498328212526,28,48
0.097889976708859461,37,48
0.72348773399536126,47,48
0.86462617358740435,8,49
0.95664509467497394,25,49
0.55353085974019001,26,49
