0.36389124394728567,1,12
0.11942410597370245,1,13
0.73045038856661471,7,13
0.99948622009849741,10,13
0.51524135742468158,5,14
0.59546521392954199,9,14
0.16935406888394033,8,15
0.48234154288256958,4,16
0.93781345225144264,11,18
0.0012777621375882342,14,18
0.77670407257667606,0,21
0.35612986076640973,15,21
0.53483196792685606,3,22
0.025864869856100814,17,22
0.57789329900939268,3,24
0.1316949795616601,20,25
0.15492296866002109,23,25
0.11608086992865441,17,26
0.5518324727932008,19,26
0.65386113608954921,20,26
0.38967520313578774,18,27
0.48960421771714679,4,28
0.91689487936838443,9,28
0.25436839878155437,16,28
0.037861349111999898,8,29
0.76620411824811319,2,30
0.26806424996855216,12,30
0.13127879618176352,19,30
0.027381713704652921,0,31
0.83524339921956403,22,31
0.074853222975508782,12,33
0.92748050115684311,29,33
0.62442701399845402,31,33
0.57599927140866158,21,34
0.56502159842885558,23,34
0.77929506826137784,11,35
0.71561330552257163,27,35
0.51547863661312499,10,36
0.36216125435384028,32,36
0.0049583559017875034,5,37
0.10314034923090276,10,37
0.75371820002782253,27,37
0.10980990812120439,4,38
0.030224457613142519,6,38
0.12828541916451985,36,38
0.90470036350850214,19,39
0.98093633879344944,32,39
0.47236269576380785,17,40
0.32057106568354554,23,40
0.97492899236053898,25,40
0.027811435913718152,7,41
0.14666007488158572,15,41
0.57234469317635439,16,41
0.58829042539509013,6,42
0.12459662024474505,32,42
0.83280035599096269,20,43
0.79627756143722916,24,43
0.28533365066024352,29,43
0.76079414689163072,0,44
0.84057167167321956,24,44
0.26418790364818034,42,44
0.28116496611954112,2,45
0.65403313639672445,9,45
0.30176252865338649,11,45
0.079958776480683724,1,46
0.36282105744978621,2,46
0.60582920419999253,3,46
0.46541580326004139,6,47
0.65479484868481974,8,47
0.31854582811239041,35,47
0.090119615024119359,7,48
0.5931971425593151,39,48
0.18112617523028585,5,49
0.41568278708096529,34,49
0.90467676786652185,48,49
