1.0,1,2
1.0,3,6
1.0,2,7
1.0,10,12
1.0,6,14
1.0,9,15
1.0,7,17
1.0,6,18
1.0,17,18
1.0,0,19
1.0,1,19
1.0,5,20
1.0,11,20
1.0,15,21
1.0,20,21
1.0,13,23
1.0,4,24
1.0,11,26
1.0,14,26
1.0,18,27
1.0,22,27
1.0,0,28
1.0,10,28
1.0,11,29
1.0,13,29
1.0,14,30
1.0,16,30
1.0,10,31
1.0,26,31
1.0,19,32
1.0,28,33
1.0,29,33
1.0,8,34
1.0,22,34
1.0,24,34
1.0,13,35
1.0,21,35
1.0,5,36
1.0,24,36
1.0,30,36
1.0,0,37
1.0,5,37
1.0,23,37
1.0,16,38
1.0,25,38
1.0,8,39
1.0,22,39
1.0,31,39
1.0,4,40
1.0,25,40
1.0,4,41
1.0,17,41
1.0,38,41
1.0,7,42
1.0,9,42
1.0,12,42
1.0,25,43
1.0,40,43
1.0,3,44
1.0,16,44
1.0,35,44
1.0,2,45
1.0,9,45
1.0,12,45
1.0,3,46
1.0,23,46
1.0,32,46
1.0,1,47
1.0,27,47
1.0,32,48
1.0,33,48
1.0,47,48
1.0,8,49
1.0,15,49
1.0,43,49
