1.0,3,5
1.0,5,6
1.0,4,7
1.0,5,7
1.0,6,11
1.0,1,14
1.0,13,14
1.0,8,15
1.0,12,16
1.0,0,17
1.0,4,18
1.0,8,18
1.0,8,19
1.0,3,21
1.0,4,21
1.0,9,22
1.0,2,23
1.0,21,23
1.0,10,24
1.0,22,24
1.0,10,25
1.0,7,26
1.0,3,27
1.0,13,28
1.0,14,29
1.0,26,29
1.0,1,30
1.0,25,30
1.0,2,31
1.0,15,31
1.0,27,31
1.0,12,32
1.0,19,32
1.0,1,33
1.0,2,33
1.0,16,34
1.0,29,34
1.0,20,35
1.0,27,35
1.0,28,35
1.0,16,36
1.0,22,36
1.0,11,37
1.0,19,37
1.0,30,37
1.0,11,39
1.0,17,39
1.0,9,40
1.0,18,40
1.0,24,40
1.0,17,41
1.0,33,41
1.0,34,41
1.0,20,42
1.0,25,42
1.0,39,42
1.0,9,43
1.0,6,44
1.0,28,44
1.0,38,44
1.0,0,45
1.0,10,45
1.0,43,45
1.0,13,46
1.0,20,46
1.0,38,46
1.0,15,47
1.0,26,47
1.0,36,47
1.0,0,48
1.0,23,48
1.0,32,48
1.0,12,49
1.0,38,49
1.0,43,49
