1.0,0,5
1.0,4,5
1.0,8,9
1.0,3,11
1.0,0,12
1.0,10,14
1.0,13,14
1.0,7,16
1.0,11,16
1.0,13,18
1.0,5,19
1.0,15,19
1.0,4,20
1.0,12,20
1.0,6,21
1.0,7,21
1.0,17,21
1.0,16,22
1.0,15,23
1.0,0,24
1.0,18,24
1.0,7,25
1.0,11,25
1.0,20,26
1.0,22,27
1.0,4,30
1.0,8,30
1.0,6,31
1.0,9,31
1.0,17,31
1.0,28,32
1.0,29,32
1.0,28,33
1.0,6,34
1.0,27,34
1.0,29,34
1.0,9,35
1.0,15,35
1.0,1,36
1.0,26,36
1.0,33,36
1.0,3,37
1.0,19,37
1.0,1,38
1.0,35,38
1.0,37,38
1.0,2,39
1.0,8,39
1.0,13,39
1.0,14,40
1.0,27,40
1.0,25,41
1.0,17,42
1.0,28,42
1.0,29,42
1.0,1,43
1.0,24,43
1.0,32,43
1.0,10,44
1.0,12,44
1.0,23,44
1.0,2,45
1.0,23,45
1.0,40,45
1.0,30,46
1.0,41,46
1.0,2,47
1.0,18,47
1.0,22,47
1.0,10,48
1.0,33,48
1.0,41,48
1.0,3,49
1.0,26,49
1.0,46,49
