1.0,0,6
1.0,6,9
1.0,8,9
1.0,1,11
1.0,2,12
1.0,6,12
1.0,7,13
1.0,8,14
1.0,0,16
1.0,4,17
1.0,15,17
1.0,2,18
1.0,5,18
1.0,14,19
1.0,16,19
1.0,3,20
1.0,7,20
1.0,13,21
1.0,12,22
1.0,9,23
1.0,3,24
1.0,14,24
1.0,15,24
1.0,20,25
1.0,7,27
1.0,18,27
1.0,10,28
1.0,25,30
1.0,15,31
1.0,21,32
1.0,16,33
1.0,29,33
1.0,8,34
1.0,13,34
1.0,27,34
1.0,23,35
1.0,0,36
1.0,21,36
1.0,30,36
1.0,26,37
1.0,5,38
1.0,10,38
1.0,26,38
1.0,1,39
1.0,11,39
1.0,35,39
1.0,2,40
1.0,3,40
1.0,37,40
1.0,28,41
1.0,29,41
1.0,10,42
1.0,30,42
1.0,32,42
1.0,25,43
1.0,33,43
1.0,35,43
1.0,5,44
1.0,23,44
1.0,26,44
1.0,28,45
1.0,37,45
1.0,41,45
1.0,1,46
1.0,4,46
1.0,19,46
1.0,22,47
1.0,29,47
1.0,32,47
1.0,4,48
1.0,11,48
1.0,31,48
1.0,17,49
1.0,22,49
1.0,31,49
