0.75683303056166185,3,5
0.29153336917483896,2,8
0.30859193087528247,5,10
0.055898118939491703,0,11
0.1436737012096122,6,11
0.31629147007256708,1,12
0.57218614180941674,1,15
0.01042381367944567,2,15
0.63803861958300445,6,16
0.91883761265002029,14,17
0.090973431439530961,12,18
0.079813786127154729,10,19
0.29736844700879128,14,20
0.17439140995758495,9,22
0.056379339281634855,3,23
0.21259318829864005,22,23
0.16171047977965158,11,24
0.25593979930915278,20,25
0.3750009409308287,3,26
0.10271013987127275,20,26
0.77594970271983632,1,27
0.73238876271856068,4,28
0.47370522959751171,7,28
0.17692534078137456,13,29
0.99211572426759265,27,29
0.82639166404144893,8,30
0.11098695264961866,13,30
0.16153844868658962,16,31
0.22664576950508564,21,31
0.93617070979433659,6,32
0.75372076514628217,27,32
0.24281113984402325,10,33
0.97235764895382393,28,33
0.99248041591765057,8,34
0.045012058309379155,24,34
0.81749256734578957,17,35
0.44587173566055016,25,35
0.5365021528499172,12,36
0.27996759351583667,19,36
0.0040702134085505159,29,36
0.0045226579529080713,0,37
0.20295702901903723,21,37
0.015450350102671484,16,38
0.61631116691517651,22,38
0.38691871926453014,9,39
0.20179794733255074,15,39
0.0053857310287959148,7,40
0.25530613797613766,17,40
0.026489185432909235,38,40
0.61370616313803406,4,41
0.34729156694467544,5,41
0.21322611221048005,19,42
0.80135695316363453,33,42
0.91423612679125277,39,42
0.82679284519599461,30,43
0.39103724172738197,37,43
0.201919095521508,41,43
0.20389854661956242,2,44
0.90005758493232468,14,44
0.13595441511452544,18,44
0.97175631067788359,18,45
0.91914797844005203,24,45
0.3086742311607138,31,45
0.99841261641204715,4,46
0.46946189642135105,23,46
0.26362628505387409,34,46
0.48357960294294045,7,47
0.17836064520590722,13,47
0.90531740333440136,35,47
0.2199709014953497,0,48
0.14625905717429211,9,48
0.06045287640136221,25,48
0.093304570249443497,21,49
0.54752497644317677,26,49
0.743585296714948,32,49
