0.80562354959179594,0,5
0.34742743010036692,2,7
0.21211541857005722,3,7
0.53389359033072925,4,10
0.20182645029816959,9,11
0.14571816962221384,9,12
0.17611381438672613,1,13
0.15626286415129198,5,14
0.62114977140920991,8,14
0.63344513820554471,6,15
0.37979417374182767,6,17
0.89698606347415888,10,17
0.76785886292247107,13,19
0.17161711351126629,15,20
0.13972448192233722,1,21
0.073461059746919077,12,21
0.96422518700378546,20,22
0.54478063828278867,11,23
0.33581676687343365,7,24
0.79688923925011201,19,24
0.4612774675937541,11,25
0.73759147055235419,18,25
0.64285765664151251,16,26
0.98264666847685933,4,27
0.93335222537811624,22,27
0.63244712870519271,0,28
0.44525810480669925,2,28
0.069332378678557793,16,28
0.76351957322096975,2,29
0.45981083293214775,17,29
0.21295306013874427,23,30
0.4741177183184776,25,30
0.5585892623808314,29,30
0.18529089514113839,14,31
0.87447098648750288,1,32
0.26003406676840801,13,32
0.23434025020495641,15,32
0.38278262789227568,21,33
0.42567921203122305,0,34
0.51505924221586064,8,35
0.44380016307471926,9,35
0.2978809963540231,5,36
0.15749770147364373,18,37
0.68510581771572143,22,37
0.55876252830059747,26,37
0.87484388591743623,31,38
0.81672843274560081,33,38
0.61154773827783582,23,39
0.87990397914125063,38,39
0.51554128338869742,18,40
0.55116815917479234,33,40
0.34132325999588542,16,41
0.91422840511130266,31,41
0.87141348946770414,34,41
0.42100525816446044,26,42
0.76248272639271553,3,43
0.69139402783590065,19,43
0.060356547844386932,40,43
0.10618440730785828,3,44
0.8296233388795089,42,44
0.25390093690872606,12,45
0.69568304239017009,35,45
0.99637562686867964,39,45
0.0092070428789599035,20,46
0.94679954641649045,24,46
0.55729162953621603,36,46
0.21521326742644398,10,47
0.69586013389165013,34,47
0.53409056776154518,44,47
0.43447182188641142,6,48
0.13340191642382626,27,48
0.32713998634461661,42,48
0.14043024292210926,4,49
0.52614683469623191,8,49
0.71031825254303527,36,49
