1.0,2,7
1.0,5,7
1.0,8,10
1.0,0,11
1.0,9,12
1.0,6,14
1.0,9,14
1.0,10,15
1.0,1,17
1.0,17,18
1.0,2,19
1.0,1,20
1.0,15,21
1.0,2,22
1.0,5,23
1.0,10,23
1.0,6,25
1.0,18,25
1.0,20,25
1.0,3,26
1.0,4,27
1.0,14,27
1.0,26,27
1.0,8,28
1.0,11,28
1.0,9,29
1.0,0,30
1.0,13,30
1.0,19,30
1.0,16,31
1.0,29,31
1.0,15,32
1.0,23,32
1.0,20,33
1.0,22,33
1.0,26,34
1.0,28,34
1.0,29,34
1.0,21,35
1.0,31,35
1.0,7,36
1.0,32,36
1.0,13,37
1.0,12,38
1.0,13,38
1.0,16,38
1.0,4,39
1.0,5,39
1.0,21,39
1.0,3,40
1.0,11,40
1.0,3,41
1.0,24,41
1.0,37,41
1.0,1,42
1.0,12,42
1.0,24,42
1.0,24,43
1.0,16,44
1.0,18,44
1.0,37,44
1.0,6,45
1.0,43,45
1.0,17,46
1.0,33,46
1.0,43,46
1.0,8,47
1.0,22,47
1.0,36,47
1.0,0,48
1.0,19,48
1.0,35,48
1.0,4,49
1.0,40,49
1.0,45,49
