0.32654193213393412,2,3
0.99651999837727245,6,9
0.50729176100484319,6,10
0.66782161525221528,0,12
0.68632217660053696,11,13
0.44805915252136386,7,15
0.16870172978723541,1,16
0.0793558309259349,4,16
0.25559174518371175,0,18
0.13959932803104713,1,18
0.51352140380161315,5,19
0.21674894445909121,11,20
0.14476560466681188,13,21
0.62016092084478902,8,22
0.9062541033813708,14,22
0.99932031067277938,7,24
0.29780370268935552,9,25
0.85252541951312655,11,25
0.71821395463994397,7,26
0.9506336332131865,19,26
0.28843297848351335,14,27
0.13091090109401171,1,28
0.50354859460191326,12,28
0.12252174892472123,17,28
0.96819435504242113,15,29
0.14399785360260231,20,29
0.0017814844751399272,2,31
0.30014815215429347,6,32
0.11335330585290804,26,32
0.65578326250317831,30,32
0.94163283965838362,17,33
0.076816632186895717,31,33
0.43184301242438705,31,34
0.67040837573598799,33,34
0.17833606513418032,4,35
0.11711016544241093,20,35
0.44807305190578506,27,35
0.036952689663784843,5,36
0.82359650456706324,8,36
0.86563705456701112,24,36
0.12453349992499807,16,37
0.048216763061898149,29,37
0.24387824698971872,30,37
0.67452071851892137,0,38
0.33278043335048813,24,38
0.73163447442146945,27,38
0.86466698274092946,2,39
0.99491383823207402,13,39
0.38839172945773948,21,39
0.64556143821862544,5,40
0.28893988147568395,34,40
0.46652007688974995,4,41
0.59155550238512156,10,41
0.44073483988040107,3,42
0.88664102967716718,9,42
0.29082230773073736,25,42
0.483453923418524,12,43
0.70689118897172143,23,43
0.50848230779489434,41,43
0.62377388384547949,3,44
0.68989587866875823,19,44
0.20448941922754993,15,45
0.85655337827310996,23,45
0.045886783642289264,30,45
0.82592800467467331,14,46
0.24394828910169031,17,46
0.17450866118925368,40,46
0.44116447493799105,10,47
0.25096406075881506,44,47
0.94211037261960195,22,48
0.54464747371394029,23,48
0.5250036111646168,47,48
0.44052299971311337,8,49
0.726412261754945,18,49
0.12211181684689532,21,49
