1.0,0,1
1.0,3,4
1.0,4,7
1.0,0,8
1.0,5,8
1.0,2,10
1.0,7,12
1.0,13,14
1.0,14,15
1.0,2,16
1.0,9,17
1.0,11,17
1.0,16,19
1.0,2,22
1.0,14,23
1.0,18,23
1.0,4,24
1.0,19,24
1.0,20,25
1.0,7,26
1.0,24,26
1.0,21,27
1.0,26,27
1.0,20,28
1.0,12,30
1.0,13,30
1.0,8,32
1.0,27,32
1.0,11,33
1.0,16,33
1.0,3,34
1.0,9,34
1.0,31,34
1.0,5,35
1.0,6,35
1.0,21,35
1.0,5,36
1.0,10,36
1.0,12,36
1.0,19,37
1.0,20,37
1.0,25,37
1.0,6,38
1.0,21,38
1.0,29,38
1.0,0,39
1.0,1,39
1.0,28,39
1.0,18,40
1.0,29,40
1.0,30,40
1.0,3,41
1.0,32,41
1.0,17,42
1.0,41,42
1.0,6,43
1.0,11,43
1.0,29,43
1.0,28,44
1.0,33,44
1.0,1,45
1.0,9,45
1.0,23,45
1.0,15,46
1.0,31,46
1.0,44,46
1.0,10,47
1.0,13,47
1.0,22,47
1.0,15,48
1.0,31,48
1.0,42,48
1.0,18,49
1.0,22,49
1.0,25,49
