0.80717370767918295,0,3
0.46925356973185495,7,9
0.82842342424902826,7,11
0.82583470630074451,0,12
0.31607645033016529,3,12
0.26605671962912925,5,13
0.86244049786962351,2,14
0.13262546550903598,1,16
0.2447673191189137,14,17
0.0079798613907648974,15,17
0.25041582972817633,10,19
0.53285898466891468,3,20
0.84576819022903027,12,20
0.1013749193293435,11,21
0.27709388039613525,15,21
0.91534205329149165,8,22
0.82798914288187841,19,22
0.087699458539383213,1,23
0.42327727411475624,4,23
0.29250972214555837,16,23
0.19030834218971449,19,25
0.38706555640810592,13,26
0.76164062737746629,14,26
0.72193675428595916,8,28
0.11490004377370122,1,29
0.4155522756882758,18,29
0.037892888255753321,6,30
0.23179996657607971,13,30
0.94806638017317935,0,31
0.14701408486648537,20,31
0.81960838989597007,17,32
0.53279173657504775,24,32
0.094298605624698939,29,32
0.83899585386872055,2,33
0.77146169700574851,25,33
0.65772418686974155,27,33
0.32600324880567311,31,34
0.17606213476634025,18,35
0.77810271610400639,25,35
0.42882914613791723,34,35
0.66711049123053301,16,36
0.56110003808189968,28,36
0.82529036542067302,8,37
0.56325704914655683,26,38
0.46266018660965613,27,38
0.95403361240261908,5,39
0.80312026863168462,11,39
0.35312885516417569,6,40
0.061876481255106808,27,40
0.21402899671697306,18,41
0.59591794047785074,37,41
0.42559192489976116,39,41
0.035902385524858915,6,42
0.45735628120033478,9,42
0.33531441761306957,36,42
0.15414681742092451,4,43
0.51629953435425247,22,43
0.45733446700518188,28,43
0.47793643652038065,9,44
0.86234359627277379,34,44
0.59162514927607024,37,44
0.2997247251950278,2,45
0.57231222336196441,24,45
0.42486651331998593,38,45
0.45584917245696144,5,46
0.78567160995350693,10,46
0.81233677342488819,4,47
0.4637290569930832,24,47
0.74440776830152244,46,47
0.14672256387600724,21,48
0.48855911021846488,30,48
0.73453154313698243,40,48
0.018161638035919969,7,49
0.082151014965088254,10,49
0.81346099345826273,15,49
