0.97458687982942493,2,4
0.16778219878731981,1,5
0.033275590175162573,5,6
0.51281381136218407,3,9
0.33806827356907443,4,9
0.19344142286414545,7,10
0.41090987618748875,0,11
0.013664755276207918,3,11
0.62750390565372949,14,15
0.27515182287186191,8,16
0.65862227260034756,14,18
0.83398560520792431,17,18
0.77800117967536353,12,19
0.090310195125029136,11,20
0.75791143627895508,10,21
0.19607602357037557,20,22
0.38216777619893261,14,23
0.19221867110652358,21,24
0.68589583537713472,22,24
0.080947081803204757,22,25
0.053889800954822209,3,26
0.7087354017093801,8,26
0.96870008398126317,13,26
0.83207718076451387,6,27
0.43223574609903714,7,27
0.10055376244687764,19,28
0.87725087945303215,28,29
0.34893827981042214,15,30
0.51247770170420426,19,30
0.12284221528159256,6,31
0.32828542555989915,10,31
0.086086276918729832,0,32
0.77842519448586678,12,32
0.63238772663728526,0,33
0.29695503425562075,28,33
0.63865167449741977,2,34
0.93241227781688474,31,34
0.70245539780071664,7,35
0.18631709880096592,18,35
0.88175198473422911,13,36
0.88021235922994201,12,37
0.18549148523990833,1,38
0.93647040784202318,16,38
0.35293041711431106,29,38
0.22209278795301102,17,39
0.71362218280894818,21,39
0.45159186488376857,25,39
0.59415876541619606,9,40
0.11184706342699258,36,40
0.3730371900152003,37,40
0.62471317359077916,1,41
0.35952922415922217,5,41
0.62068952852657555,34,41
0.35908578725701079,8,42
0.4401797408528646,13,42
0.82067203506499542,27,42
0.21531963999471715,24,43
0.24789073706818143,33,43
0.13016606196532543,2,44
0.32911392318826038,20,44
0.45278030234165079,32,44
0.39211074217947328,23,45
0.26378154656871222,36,45
0.27784112254621074,16,46
0.44826229233887238,25,46
0.52163988754168089,29,46
0.77234209443888346,4,47
0.023353726314239154,15,47
0.79665802645592276,30,47
0.44230696734495611,23,48
0.85081924936983411,43,48
0.9983956510887817,45,48
0.5617840315150644,17,49
0.45647163371477595,35,49
0.52280872223639396,37,49
