0.14933814504747478,1,4
0.6523448712680785,1,5
0.67767722960072951,4,5
0.83673084854323487,6,7
0.44924328676498115,2,8
0.3058071158786978,7,8
0.41537083644458062,10,11
0.41470269640468505,10,12
0.86174613213805462,2,13
0.948470233539084,5,13
0.31112029430556198,9,14
0.35081054382769439,11,15
0.013065142327511881,6,16
0.058249923173469553,0,18
0.60732066285120501,4,20
0.96258823988091502,7,22
0.91554148700223881,19,22
0.70076053777955727,14,23
0.59702568339692208,21,23
0.96285313169217579,17,24
0.57145707717379579,3,25
0.56193476330874204,19,25
0.35131677926120275,17,26
0.15403087192976295,18,27
0.022610721204192386,19,27
0.64203519957093591,0,28
0.15903857640183772,21,28
0.81576368189096216,0,29
0.22254315904586741,28,29
0.62461821986166377,27,30
0.34583113857935377,24,32
0.92111492076322643,2,33
0.032019355688225781,26,33
0.65569925535179818,31,33
0.22183165438575647,9,34
0.46421945536762321,3,35
0.080473860997240743,13,35
0.06476669404185964,15,35
0.041844442908433255,11,36
0.69738076532925608,16,36
0.64564194234758154,34,36
0.017255023629431099,12,37
0.45372121567318613,18,37
0.37329956117681273,21,38
0.65535937819306334,30,38
0.47070639179507578,1,39
0.75913987674853856,25,39
0.43875454933039304,9,40
0.86826670762283731,30,40
0.52480924314764621,31,40
0.90052765096173237,14,41
0.25615167371414294,20,41
0.12637234863199553,23,41
0.7911615092413008,10,42
0.078395662515105546,22,42
0.50200427022653737,32,42
0.61887589885217809,3,43
0.11347467718209914,20,43
0.79493954453371352,6,44
0.59056419483128175,32,44
0.86901399557590142,38,44
0.033717832208288612,15,45
0.043771971187810399,24,45
0.56749394502491313,31,45
0.91792525360784039,26,46
0.10879206759644322,34,46
0.9803376426195749,39,46
0.70350046747400152,8,47
0.69722961887000146,37,47
0.592867102749427,12,48
0.40921977671974674,29,48
0.45238368734682888,47,48
0.32334123683266325,16,49
0.72967325712774456,17,49
0.20950925570717571,43,49
