0.5912829359901316,0,1
0.51079663326332791,1,4
0.074499343318089606,9,11
0.12048834631193817,6,12
0.36070662789023322,7,12
0.17306680738578095,2,14
0.49369979178179213,6,16
0.29444439611634809,13,16
0.81657933861294818,5,18
0.10295097160052136,7,18
0.30646356323688273,9,19
0.77747813462131643,0,21
0.98520217562765022,14,22
0.033577766035722489,6,23
0.83386920870663139,9,23
0.34732498490774033,3,24
0.78014441223881381,23,25
0.67055854002168092,17,26
0.033663844973996104,22,27
0.1902017502388319,7,28
0.9531268469569929,20,28
0.17665652850195823,22,28
0.39049897269965872,13,29
0.085951141715179591,25,29
0.44309870521863792,19,30
0.063340887439034654,27,30
0.82653247081773984,19,31
0.21301937640534874,24,31
0.085348545113796748,10,32
0.64745787572134628,11,32
0.0044336580617075905,30,32
0.65896911767227673,15,33
0.48816866502858225,17,33
0.44220534808581802,12,34
0.53789565225350111,24,34
0.22072483480714167,26,34
0.42395462049517674,13,35
0.63564410745832145,21,35
0.90738166000571152,10,36
0.94165264148016603,17,36
0.52640622259302672,35,36
0.2525584081094524,14,37
0.51680476797693631,20,37
0.093939893891802351,27,37
0.64188537075949592,3,38
0.92011060287671431,10,38
0.055036437458642617,25,38
0.89923400410835186,4,39
0.45528808897039919,5,39
0.70719755461365319,8,39
0.092799537980029267,1,40
0.06658421814845128,31,40
0.41723264936739801,0,41
0.66249642461737157,16,41
0.55426877216650683,21,41
0.21525507197135407,2,42
0.78781528610618501,8,43
0.86733553809205932,20,43
0.96692183436598356,3,44
0.10412435141785936,15,44
0.17577501714989596,42,44
0.07920647622580812,4,45
0.56737145928576704,29,45
0.68082130171143906,33,45
0.75399836464930459,8,46
0.14389258698832574,43,46
0.93107120715442748,15,47
0.16980120722260605,26,47
0.72136776637809807,46,47
0.21293836548327605,18,48
0.061607477769196062,40,48
0.22748407853780728,42,48
0.69985434033505656,2,49
0.94895863596056018,5,49
0.19053564225487341,11,49
