0.59925626127684606,0,4
0.74672005401166419,0,11
0.81939933973824131,8,12
0.91546484759198909,8,14
0.39601566678487421,4,15
0.59049456273417011,7,17
0.61620268110513843,4,18
0.65838291091218026,9,18
0.73897907517471118,1,20
0.42375994212078438,11,20
0.1847479047779429,7,21
0.42579017573469746,17,21
0.24456825801772719,6,22
0.081954459342948649,12,22
0.757263482819034,19,24
0.60273830831402575,2,25
0.95181562578953349,5,25
0.44412082937392194,23,25
0.76341383173883992,3,26
0.08612119046339195,3,27
0.07331442992911108,6,28
0.5254652275864673,14,28
0.3116841077877508,21,28
0.50083305520179222,16,29
0.42553505443399875,17,29
0.97586928901590664,24,29
0.66621770039100547,16,30
0.90906531388942213,10,31
0.35417946081904994,16,32
0.93617853399433182,18,32
0.14588827847649799,22,32
0.96852350189324221,13,33
0.22069367034517939,26,33
0.75313336902778705,1,34
0.16997954751827171,5,34
0.38097216448017879,27,34
0.79463533810743348,12,35
0.79743218622025647,14,35
0.44603250148285534,9,36
0.42992907772132272,13,36
0.47650453245876245,15,37
0.44927257967269241,19,37
0.51810915817776282,26,37
0.48628214755020716,9,38
0.64186374665008994,31,38
0.58763044965883593,3,39
0.47128285313292706,20,40
0.3891069384914364,23,40
0.11866491687985159,30,40
0.64227012261784389,5,41
0.77669745815646807,10,41
0.80954920426913879,11,41
0.16296302978661437,0,42
0.55378147559433821,27,42
0.75513753894310987,30,42
0.21332225083297074,8,43
0.69311960785414928,15,43
0.40227125799639873,39,43
0.29428694603471817,33,44
0.51919953693962628,35,44
0.79993272834119866,2,45
0.62769999252483843,19,45
0.85502321928797675,38,45
0.097669602387219556,1,46
0.99834658296279077,31,46
0.14063488089914378,36,46
0.59406072577475488,2,47
0.34697208667593415,6,47
0.50277720970434869,10,47
0.62230776845518165,13,48
0.95304577559580028,39,48
0.91656518767992046,44,48
0.22403149908115594,7,49
0.55688086508756685,23,49
0.53027654280753078,24,49
