1.0,0,1
1.0,3,8
1.0,7,8
1.0,5,9
1.0,6,10
1.0,7,10
1.0,5,11
1.0,6,11
1.0,3,12
1.0,3,17
1.0,1,18
1.0,11,18
1.0,2,19
1.0,18,20
1.0,10,21
1.0,9,22
1.0,16,22
1.0,5,23
1.0,9,24
1.0,19,24
1.0,13,25
1.0,0,26
1.0,13,28
1.0,17,29
1.0,20,29
1.0,20,30
1.0,25,30
1.0,1,31
1.0,28,31
1.0,6,32
1.0,16,32
1.0,23,32
1.0,8,33
1.0,17,33
1.0,21,34
1.0,23,34
1.0,25,34
1.0,14,35
1.0,15,35
1.0,24,35
1.0,4,37
1.0,14,37
1.0,36,37
1.0,2,38
1.0,21,38
1.0,27,38
1.0,27,39
1.0,19,40
1.0,22,40
1.0,39,40
1.0,30,41
1.0,39,41
1.0,33,42
1.0,36,42
1.0,41,42
1.0,4,43
1.0,7,43
1.0,14,43
1.0,12,44
1.0,27,44
1.0,31,44
1.0,13,45
1.0,15,45
1.0,2,46
1.0,4,46
1.0,28,46
1.0,12,47
1.0,26,47
1.0,45,47
1.0,16,48
1.0,29,48
1.0,36,48
1.0,0,49
1.0,15,49
1.0,26,49
