0.23237810677468729,0,1
0.051643058014722021,3,7
0.77260657926088117,5,9
0.44116679063669673,4,11
0.51349467032735407,0,12
0.6801827238037772,1,12
0.62540126662806694,2,13
0.47204317594422163,2,14
0.11895571636593683,5,14
0.095593106347630519,9,14
0.45055850533197217,2,16
0.63193690696288574,3,16
0.063272473679309216,13,16
0.063544776300135664,8,17
0.066952415993207004,8,19
0.41203325035617222,4,20
0.36294260958851321,7,20
0.55326593414712599,5,21
0.69004898972317352,10,21
0.066450767243285913,10,22
0.74325384437763165,4,23
0.36120235991642413,19,23
0.48971416723065064,15,24
0.57434247984651743,15,25
0.33008885609471017,13,26
0.43193058811372709,3,27
0.013934887870941992,7,28
0.62056053563976321,10,29
0.41587150309818588,11,30
0.91063696348687051,23,30
0.63320113569356529,6,31
0.6135977308258298,26,31
0.68303760123911395,12,32
0.89067949542290847,18,32
0.10757700500480449,24,32
0.50275973850106992,27,33
0.90262353998127587,28,33
0.83700442763655136,22,34
0.5069709435354065,24,34
0.86615195332318684,0,35
0.21706344451090831,22,35
0.27935308369740164,18,36
0.045310510367187473,19,36
0.22454278662698401,20,37
0.79514170393297134,25,37
0.54007201698334373,18,38
0.57792209079449053,30,38
0.30743026275863261,36,38
0.57909681329608809,11,39
0.16435784778210694,26,39
0.3952601259364964,29,39
0.48959518301666405,6,40
0.97346138786422365,17,40
0.46033552054383731,9,41
0.39166715281049602,31,41
0.57710951497779217,1,42
0.31224652399555375,17,42
0.94964205729532536,40,42
0.19718746162271639,29,43
0.72413805742011861,34,43
0.64548355107495847,8,44
0.59728631391393416,25,44
0.9800318872712882,27,44
0.19149032601282789,15,45
0.6605974695046698,28,45
0.679863007525498,43,46
0.97525016925891084,6,47
0.37956253397845674,41,47
0.93392438681499845,46,47
0.90984953149676595,33,48
0.096294573368731262,37,48
0.38846089382196969,45,48
0.72552115909672132,21,49
0.88379286004442525,35,49
0.77633673424743777,46,49
