1.0,3,5
1.0,0,6
1.0,1,8
1.0,2,12
1.0,6,12
1.0,10,12
1.0,4,15
1.0,3,16
1.0,5,16
1.0,10,16
1.0,1,17
1.0,0,18
1.0,10,18
1.0,8,19
1.0,14,19
1.0,2,20
1.0,9,20
1.0,9,22
1.0,21,22
1.0,2,23
1.0,8,23
1.0,9,23
1.0,0,25
1.0,7,27
1.0,13,27
1.0,14,28
1.0,26,28
1.0,5,29
1.0,6,29
1.0,15,30
1.0,28,30
1.0,4,31
1.0,7,31
1.0,17,32
1.0,11,33
1.0,25,34
1.0,32,34
1.0,33,35
1.0,13,36
1.0,22,36
1.0,31,36
1.0,11,37
1.0,15,37
1.0,25,37
1.0,33,38
1.0,35,38
1.0,3,39
1.0,7,39
1.0,17,39
1.0,18,40
1.0,26,40
1.0,32,40
1.0,14,41
1.0,20,41
1.0,24,42
1.0,38,42
1.0,41,42
1.0,13,43
1.0,21,43
1.0,27,43
1.0,21,44
1.0,26,44
1.0,1,45
1.0,4,45
1.0,24,46
1.0,30,46
1.0,24,47
1.0,35,47
1.0,46,47
1.0,19,48
1.0,34,48
1.0,45,48
1.0,11,49
1.0,29,49
1.0,44,49
