0.0070770697696420637,3,4
0.63028683671376473,0,6
0.39328901755214085,6,7
0.15129627613190844,6,8
0.84608886347391465,7,10
0.48862413398560878,9,11
0.3620486515773117,1,16
0.86445469163693989,11,16
0.11007037061429503,4,18
0.38103205595072276,12,18
0.10755825211087044,14,20
0.56298984014040643,2,21
0.2374961117296025,5,21
0.45340639706380037,16,21
0.24937854457536468,1,22
0.60989844156647388,2,22
0.17886152338761052,10,22
0.75892613999178027,7,23
0.05564658218878038,9,23
0.33924772977289575,20,24
0.49644975052145013,20,25
0.93834352731220294,3,26
0.055874908794941613,10,27
0.64869371496710615,17,27
0.72892722100878637,24,27
0.56055686894541734,19,28
0.6350521438089376,11,29
0.38640539192413115,26,29
0.082308236617503083,3,30
0.78474781595923848,23,31
0.023592843889809534,9,32
0.27688885493535276,15,32
0.09007206386156108,13,33
0.59197064903798546,28,33
0.84465472381523221,1,34
0.47217116979373475,25,34
0.74938956586464811,15,35
0.12597147146722942,26,35
0.8170010468404274,13,36
0.45233352559024376,14,36
0.48635063608147155,0,37
0.42749699422080278,2,37
0.065994506963200528,5,37
0.11967564133466979,14,38
0.55237455268093316,33,38
0.7428664626963607,12,39
0.76523508221066217,35,39
0.22131286990891819,38,39
0.74752290812413302,12,40
0.93675573835187942,28,40
0.77714738760968449,31,40
0.86711263453396703,18,41
0.11512274681466494,19,41
0.35214423975825959,30,41
0.91636675913344157,8,42
0.71533096098475768,25,42
0.9058937462881782,29,43
0.67189339702689965,36,43
0.94321490643763939,4,44
0.019029542113587317,8,44
0.63301293159285099,31,44
0.89037935367518717,13,45
0.47958286357914814,17,45
0.63136266034975708,34,45
0.0077622596015299861,5,46
0.61608010033047822,42,46
0.70970383975568929,43,46
0.87775033584566398,24,47
0.9797523274435963,30,47
0.42547177439856187,32,47
0.54358899192128285,15,48
0.77264775787659223,17,48
0.41042609214889292,0,49
0.26518575037577297,19,49
0.71218692024172336,48,49
