1.0,0,7
1.0,3,8
1.0,7,8
1.0,8,11
1.0,3,16
1.0,2,17
1.0,6,18
1.0,15,18
1.0,9,19
1.0,14,19
1.0,4,20
1.0,13,20
1.0,14,20
1.0,1,21
1.0,5,21
1.0,11,21
1.0,7,22
1.0,14,22
1.0,10,23
1.0,6,24
1.0,2,25
1.0,3,25
1.0,12,25
1.0,15,26
1.0,23,26
1.0,27,28
1.0,24,29
1.0,9,30
1.0,23,30
1.0,5,31
1.0,13,31
1.0,28,32
1.0,17,33
1.0,29,33
1.0,32,33
1.0,0,34
1.0,4,34
1.0,22,34
1.0,10,35
1.0,16,35
1.0,6,36
1.0,28,36
1.0,35,36
1.0,31,37
1.0,32,37
1.0,26,38
1.0,27,38
1.0,0,39
1.0,18,39
1.0,11,40
1.0,12,40
1.0,13,41
1.0,24,41
1.0,37,41
1.0,5,42
1.0,10,42
1.0,12,42
1.0,4,43
1.0,40,43
1.0,29,44
1.0,38,44
1.0,16,45
1.0,27,45
1.0,43,45
1.0,2,46
1.0,39,46
1.0,44,46
1.0,17,47
1.0,19,47
1.0,30,47
1.0,1,48
1.0,15,48
1.0,1,49
1.0,9,49
1.0,48,49
