0.54664780267115431,2,3
0.30619309778190695,8,9
0.059907969869545163,1,10
0.94480790470181875,7,10
0.086194927253761433,4,11
0.83038394738951515,6,12
0.96795981368718742,3,13
0.86467860925157203,6,15
0.456349144337582,7,15
0.44092440827006196,13,17
0.56076751530073776,14,17
0.45635550115462287,13,18
0.89542327692751922,14,18
0.5657532884080172,2,19
0.58288024968329,0,20
0.47437923774636848,11,21
0.66141104709724163,16,21
0.67944518356442885,8,22
0.1853690787039749,22,23
0.58547747862533739,0,24
0.22201500262425977,16,24
0.81408589566195888,5,26
0.778299057289774,25,26
0.73414881848561941,20,27
0.63164553400539525,5,28
0.4854690125848321,12,28
0.12139778878003005,2,29
0.57096355829770995,12,29
0.52779554602767897,23,29
0.82527163953532812,5,30
0.84150748870995506,15,30
0.77441944127022566,27,30
0.66097192212221079,0,31
0.34958322633353756,7,31
0.0041475517903211134,23,32
0.10851780560963153,6,33
0.45273269767154856,21,34
0.57752974075938401,31,34
0.41899183199729029,33,34
0.84084001990307933,28,35
0.087349583491467597,3,36
0.33471742891537704,9,36
0.2708424766983667,25,36
0.11993051265913124,24,37
0.28853289373681446,1,38
0.5274170911458117,14,38
0.047112474413153027,27,38
0.24335388825432769,1,39
0.55991056973912745,22,39
0.47176394108076214,4,40
0.21387101181872004,16,40
0.37956794921796588,37,40
0.30738741288316573,25,41
0.22365965471254323,35,41
0.85057490540550373,18,42
0.058451802057444602,8,43
0.76397753864817919,35,43
0.22573659593088591,19,44
0.63039483594331613,32,44
0.23242140026407121,37,44
0.30977134433085396,11,45
0.90147043068958899,32,45
0.58980789647055754,42,45
0.15413112595832479,4,46
0.66010644194811796,10,46
0.91090587558256697,26,46
0.55071200246794527,17,47
0.091519067236258689,39,47
0.0013211484422374076,42,47
0.078806757346216783,9,48
0.57820596832729954,19,48
0.94433484067396845,33,48
0.72999748341643655,20,49
0.26328981981480393,41,49
0.054015779871697367,43,49
