1.0,5,8
1.0,1,9
1.0,6,10
1.0,6,11
1.0,0,12
1.0,7,12
1.0,8,12
1.0,2,14
1.0,10,14
1.0,13,15
1.0,3,16
1.0,4,16
1.0,6,17
1.0,1,18
1.0,1,19
1.0,18,20
1.0,8,21
1.0,15,22
1.0,17,23
1.0,18,23
1.0,11,24
1.0,17,24
1.0,24,25
1.0,5,26
1.0,4,27
1.0,7,27
1.0,4,28
1.0,14,28
1.0,26,29
1.0,21,30
1.0,25,30
1.0,10,31
1.0,19,31
1.0,23,31
1.0,3,32
1.0,9,32
1.0,3,33
1.0,32,33
1.0,0,34
1.0,11,35
1.0,13,35
1.0,22,36
1.0,25,36
1.0,29,37
1.0,0,38
1.0,33,38
1.0,34,38
1.0,5,39
1.0,20,39
1.0,2,40
1.0,7,40
1.0,2,41
1.0,34,41
1.0,37,41
1.0,13,42
1.0,21,42
1.0,40,42
1.0,15,43
1.0,22,43
1.0,28,43
1.0,9,44
1.0,30,44
1.0,26,45
1.0,39,45
1.0,44,45
1.0,20,46
1.0,29,46
1.0,16,47
1.0,19,47
1.0,37,48
1.0,46,48
1.0,47,48
1.0,27,49
1.0,35,49
1.0,36,49
