1.0,0,4
1.0,1,5
1.0,4,6
1.0,4,10
1.0,7,11
1.0,2,13
1.0,10,13
1.0,9,14
1.0,0,16
1.0,12,18
1.0,14,18
1.0,2,19
1.0,11,20
1.0,3,21
1.0,9,21
1.0,12,22
1.0,17,22
1.0,11,23
1.0,1,26
1.0,10,27
1.0,21,27
1.0,16,28
1.0,19,28
1.0,2,29
1.0,18,29
1.0,22,29
1.0,3,30
1.0,7,30
1.0,8,31
1.0,15,31
1.0,25,31
1.0,1,32
1.0,7,32
1.0,23,32
1.0,9,33
1.0,16,33
1.0,19,33
1.0,20,34
1.0,5,35
1.0,24,35
1.0,6,36
1.0,26,36
1.0,8,37
1.0,14,37
1.0,3,38
1.0,6,38
1.0,34,38
1.0,15,39
1.0,20,39
1.0,28,40
1.0,30,40
1.0,23,41
1.0,27,41
1.0,24,42
1.0,41,42
1.0,5,43
1.0,35,43
1.0,36,43
1.0,8,44
1.0,12,44
1.0,17,44
1.0,17,45
1.0,24,45
1.0,26,46
1.0,42,46
1.0,45,46
1.0,0,47
1.0,25,47
1.0,40,47
1.0,13,48
1.0,34,48
1.0,39,48
1.0,15,49
1.0,25,49
1.0,37,49
