0.43675441261005321,3,4
0.99925512656668669,5,9
0.67422874611781014,2,12
0.25829358372326194,9,12
0.69564184501927917,10,13
0.11902814654875105,3,15
0.55265932408015694,5,15
0.80486055309641136,14,16
0.4875687601157489,0,18
0.033326161070838745,7,19
0.79206670824905845,8,19
0.50890193454320121,17,20
0.58342549868125948,12,21
0.61078851798297984,2,23
0.61590785441585316,13,23
0.70686351010655613,1,24
0.60571406857096022,1,25
0.7384034466519509,4,25
0.96344302263252224,21,26
0.29178491469218637,2,27
0.41332940376856675,22,27
0.76880947951454626,8,28
0.58785095976780832,9,28
0.64374439951662243,6,29
0.32454007733038792,10,29
0.37063719723124333,15,29
0.56744722067665865,3,30
0.028738122482662387,20,30
0.06252976509823216,20,31
0.7270726337721567,24,31
0.80696443042508614,1,32
0.38795006045931879,5,32
0.51927327910997878,21,33
0.22616406718035564,23,33
0.77013447748178565,31,33
0.95351786281339301,7,34
0.32118413099223431,13,34
0.51707646229590098,14,34
0.11375128654274214,25,35
0.96937549916402133,26,35
0.86781907051454077,27,36
0.98508907898061748,32,36
0.22244618905355196,11,37
0.0035796518768411723,26,37
0.65363755595077144,17,38
0.82631999102446074,4,39
0.36799573498752103,11,39
0.37920038744200524,14,40
0.79754271067791693,16,40
0.18091726830998733,18,40
0.1041043904636616,24,41
0.33632101510682955,28,41
0.75992681957588526,8,42
0.51832554259990726,18,42
0.20996270092908254,35,42
0.21698152564938189,30,43
0.096538966421274131,38,43
0.5300590641651286,39,43
0.71642287069910282,16,44
0.37799378251295046,17,44
0.37763423481682612,22,44
0.30176860720472864,0,45
0.91376841779583595,37,45
0.57089150081081486,41,45
0.18325389724528873,6,46
0.51139431932829549,22,46
0.0083394222598615064,0,47
0.75100838716303209,10,47
0.11303303657010155,11,47
0.32006249099255868,19,48
0.73844740398849718,38,48
0.98020225455712673,46,48
0.17999968915020803,6,49
0.089624212945367043,7,49
0.73353116389702488,36,49
