1.0,1,5
1.0,4,7
1.0,4,8
1.0,9,10
1.0,3,12
1.0,7,12
1.0,4,13
1.0,8,13
1.0,6,16
1.0,8,16
1.0,14,17
1.0,13,18
1.0,17,18
1.0,2,20
1.0,10,21
1.0,14,21
1.0,15,21
1.0,0,22
1.0,11,22
1.0,3,23
1.0,6,23
1.0,11,23
1.0,1,24
1.0,0,25
1.0,2,25
1.0,20,25
1.0,12,27
1.0,6,29
1.0,7,30
1.0,19,30
1.0,5,31
1.0,9,31
1.0,27,31
1.0,19,32
1.0,26,32
1.0,14,33
1.0,15,33
1.0,17,33
1.0,30,34
1.0,19,35
1.0,22,35
1.0,0,36
1.0,2,36
1.0,11,37
1.0,24,37
1.0,16,38
1.0,28,38
1.0,26,39
1.0,35,39
1.0,34,40
1.0,36,40
1.0,26,41
1.0,3,42
1.0,37,42
1.0,41,42
1.0,9,43
1.0,29,43
1.0,39,43
1.0,5,44
1.0,18,44
1.0,27,44
1.0,1,45
1.0,15,45
1.0,32,45
1.0,10,46
1.0,28,46
1.0,38,47
1.0,40,47
1.0,41,47
1.0,24,48
1.0,28,48
1.0,29,48
1.0,20,49
1.0,34,49
1.0,46,49
