1.0,1,3
1.0,4,6
1.0,3,11
1.0,8,11
1.0,10,11
1.0,0,15
1.0,8,15
1.0,1,17
1.0,14,20
1.0,5,21
1.0,4,22
1.0,21,22
1.0,13,23
1.0,17,23
1.0,14,24
1.0,19,24
1.0,6,26
1.0,18,26
1.0,8,27
1.0,22,27
1.0,2,28
1.0,23,28
1.0,24,28
1.0,26,29
1.0,10,30
1.0,0,31
1.0,18,31
1.0,25,31
1.0,12,32
1.0,16,32
1.0,1,33
1.0,7,33
1.0,32,33
1.0,16,34
1.0,21,35
1.0,9,36
1.0,19,36
1.0,7,37
1.0,9,37
1.0,16,37
1.0,0,38
1.0,18,38
1.0,34,38
1.0,3,39
1.0,5,39
1.0,7,39
1.0,12,40
1.0,35,40
1.0,5,41
1.0,12,41
1.0,29,41
1.0,19,42
1.0,27,42
1.0,36,42
1.0,10,43
1.0,13,43
1.0,30,43
1.0,13,44
1.0,17,44
1.0,34,44
1.0,2,45
1.0,4,45
1.0,29,45
1.0,2,46
1.0,30,46
1.0,40,46
1.0,9,47
1.0,14,47
1.0,25,47
1.0,6,48
1.0,20,48
1.0,35,48
1.0,15,49
1.0,20,49
1.0,25,49
