1.0,0,4
1.0,3,6
1.0,8,9
1.0,13,16
1.0,1,18
1.0,5,19
1.0,16,19
1.0,2,20
1.0,16,20
1.0,18,20
1.0,12,21
1.0,7,22
1.0,17,22
1.0,6,23
1.0,21,23
1.0,1,24
1.0,9,24
1.0,0,25
1.0,2,25
1.0,11,26
1.0,24,26
1.0,15,27
1.0,26,27
1.0,3,28
1.0,10,28
1.0,4,29
1.0,5,29
1.0,11,29
1.0,8,30
1.0,8,31
1.0,28,31
1.0,10,32
1.0,15,32
1.0,7,33
1.0,23,33
1.0,14,34
1.0,32,34
1.0,14,35
1.0,34,35
1.0,9,36
1.0,22,36
1.0,35,36
1.0,1,37
1.0,31,37
1.0,5,38
1.0,10,39
1.0,30,39
1.0,14,40
1.0,39,40
1.0,6,41
1.0,37,41
1.0,38,41
1.0,15,42
1.0,25,42
1.0,30,42
1.0,4,43
1.0,19,43
1.0,33,43
1.0,7,44
1.0,12,44
1.0,21,44
1.0,2,45
1.0,17,45
1.0,38,45
1.0,0,46
1.0,11,46
1.0,12,47
1.0,13,47
1.0,27,47
1.0,3,48
1.0,13,48
1.0,18,48
1.0,17,49
1.0,40,49
1.0,46,49
