0.73372265471919218,2,6
0.94991688845386901,1,9
0.17586184561756046,13,14
0.26532351187115322,1,15
0.02057816222067721,4,16
0.066557880653086654,9,17
0.13308080769619945,10,18
0.27766539935001655,13,18
0.0034688216542241301,8,19
0.4129890930086364,5,20
0.87538315499478925,11,21
0.061793191191398256,12,21
0.290716239270979,14,22
0.022346716102481734,4,23
0.017095194989973805,11,23
0.61146933865535757,1,24
0.43487754565524583,10,25
0.44593734699095922,17,25
0.35393888922299022,16,26
0.39900016209031497,3,27
0.84781361860596072,11,27
0.57017918262064493,19,28
0.39237479240606854,12,29
0.80929868739327726,20,29
0.90132661149769122,7,30
0.16243770884834396,24,30
0.63738254519097481,26,30
0.12200496583629816,0,31
0.091710486436605065,3,31
0.78996572731289094,26,32
0.55458411674795216,29,32
0.66065094645950662,0,33
0.6084873751608294,15,33
0.581509428288569,18,33
0.49791180932357759,22,34
0.4727404384961853,12,35
0.95923517500147237,19,35
0.10048874791875284,32,35
0.80091581426758762,6,36
0.86054537671837128,22,36
0.47529409392612576,24,36
0.91227691198072036,5,37
0.22292425832509366,14,37
0.45299669746570503,8,38
0.54197578870263485,20,38
0.029638888930062834,2,39
0.96428274331768027,6,39
0.83906363628179037,34,39
0.10706859215606856,7,40
0.4192027328123662,8,40
0.071029690083372343,2,41
0.94666523841622374,9,41
0.86903666794529888,17,41
0.8830176751885519,15,42
0.39133434738179751,31,42
0.98186839886450872,37,42
0.51704943408792148,4,43
0.23449233221945409,28,43
0.0085340799204436379,3,44
0.28651182220711879,5,44
0.23809367947226279,13,44
0.76515279309033435,10,45
0.54343260236654356,23,45
0.91074012900669576,25,45
0.29137595819849538,21,46
0.47627218409763239,34,46
0.40240345732202021,43,46
0.92578625646120194,27,47
0.54974575902796619,40,47
0.032037519416099669,7,48
0.26148248730130919,16,48
0.059381992798866801,28,48
0.96798272156977228,0,49
0.16717150618428633,38,49
0.84580379779627302,47,49
