0.29312633306884173,3,5
0.72862421441327685,4,8
0.048966028569491504,0,13
0.91664651870453751,7,14
0.84320040646605487,11,14
0.31803110838516113,12,15
0.075836837041542871,4,16
0.42247030134675079,2,17
0.45206159397902457,6,17
0.87921202048187741,7,17
0.54819214810484118,6,18
0.017883186993477351,0,19
0.30912066579608721,4,19
0.077645051994203351,1,20
0.71794049004307137,8,22
0.29120363604187804,15,23
0.62303245036907473,22,23
0.96772988327956699,23,24
0.037981625126949692,20,25
0.39351281307156372,11,26
0.80075878005931478,6,27
0.54040600229552904,11,27
0.30851912620294064,16,27
0.081694174515108742,10,28
0.97954072743452303,15,28
0.44669029637057178,9,29
0.43508296739511265,3,30
0.1952250060959575,0,31
0.59818087920163809,21,31
0.52472282378465962,12,32
0.61185105156308339,28,32
0.36136356568427663,10,33
0.70972695230183591,21,33
0.7651791434909494,2,34
0.20259297437427559,3,34
0.30157551469704236,9,34
0.14427405984893615,14,35
0.51485178606181659,25,35
0.18002114032847705,29,35
0.66422009862211273,19,36
0.74544353784247464,26,36
0.57131453496955775,26,37
0.46716296186521744,2,38
0.80693364182778027,13,38
0.24655451858903765,37,38
0.39337356421604841,10,39
0.60409120627974888,32,39
0.064979484218889327,20,40
0.68698885219437511,24,40
0.32638665230131736,18,41
0.79374911673341575,24,41
0.88791921679435182,30,41
0.80504906400360721,13,42
0.76107320046036508,30,42
0.90691970926194154,1,43
0.50419463641899764,36,43
0.532582287675058,37,43
0.060358138002575057,5,44
0.77532246974814356,29,44
0.18883644413544654,33,44
0.93265997780883325,8,45
0.012517091482283527,25,45
0.81495517587535149,31,45
0.99162921311772678,22,46
0.42077969289230965,39,46
0.73683604574520956,42,46
0.37736172993500416,12,47
0.5962864362711201,21,47
0.40586795657842556,40,47
0.35189178554640432,7,48
0.83981502237467343,9,48
0.61158121842498192,18,48
0.34919348803616368,1,49
0.45037402293611473,5,49
0.91364845982188736,16,49
