1.0,4,5
1.0,0,8
1.0,3,9
1.0,3,13
1.0,11,13
1.0,12,15
1.0,10,16
1.0,9,18
1.0,15,18
1.0,6,19
1.0,7,19
1.0,15,20
1.0,14,21
1.0,19,21
1.0,20,21
1.0,5,22
1.0,12,22
1.0,0,23
1.0,8,23
1.0,6,25
1.0,12,26
1.0,13,26
1.0,11,27
1.0,17,27
1.0,14,28
1.0,24,28
1.0,7,29
1.0,26,29
1.0,4,30
1.0,27,30
1.0,5,31
1.0,16,32
1.0,22,32
1.0,24,32
1.0,3,33
1.0,25,33
1.0,28,33
1.0,1,34
1.0,20,34
1.0,7,35
1.0,8,35
1.0,10,35
1.0,24,36
1.0,25,36
1.0,16,37
1.0,31,38
1.0,34,39
1.0,36,39
1.0,0,40
1.0,18,40
1.0,29,40
1.0,9,41
1.0,11,41
1.0,17,42
1.0,31,42
1.0,38,42
1.0,6,43
1.0,17,43
1.0,2,44
1.0,23,44
1.0,43,44
1.0,1,45
1.0,4,45
1.0,2,46
1.0,14,46
1.0,37,46
1.0,1,47
1.0,37,47
1.0,39,47
1.0,10,48
1.0,30,48
1.0,45,48
1.0,2,49
1.0,38,49
1.0,41,49
