0.78670442204549573,0,4
0.4630681467596901,2,7
0.41828583585223122,5,7
0.63497955260004046,3,8
0.44314477290082166,1,10
0.30211651162470166,3,14
0.37957597500982954,11,14
0.62906720108679182,1,16
0.011576873006175936,6,17
0.18211681810861025,0,18
0.70973404062104772,14,18
0.41124928913315362,11,19
0.5369721024889117,6,20
0.48705094016334938,13,20
0.2145918901860604,0,21
0.66690608829543419,7,22
0.39824151874224167,9,22
0.31304071268754596,15,24
0.49593130343960012,16,24
0.88266401745297851,17,24
0.05957977693923977,6,25
0.32992045305046125,23,26
0.61975310697778452,18,27
0.81547270630927826,3,28
0.50976195699958649,8,29
0.98408829979309376,10,30
0.3501328072715798,9,31
0.6197221178506499,28,31
0.90204339590956906,27,32
0.98928775183898576,29,32
0.71549783845419612,16,33
0.91892114537777159,17,33
0.54024151120793396,9,34
0.43245919679370859,13,34
0.19362851014943205,26,34
0.2314352115853221,4,35
0.52585802140427496,21,35
0.68740447634857837,30,35
0.31583924719659107,4,36
0.22758017088586813,12,36
0.35381018856967927,5,37
0.76721750263086719,20,37
0.021641575349088393,25,37
0.64742032243891368,30,38
0.29693900716928689,15,39
0.97142869122754616,19,39
0.66787852990180807,23,39
0.72967451125588856,1,40
0.030333660656606143,32,40
0.96317147824888871,10,41
0.16135942358640887,23,41
0.79098865000900442,36,41
0.38710377377213367,5,42
0.035413455690577189,28,42
0.68581025347025593,38,42
0.56828830679871134,2,43
0.79382529645062128,29,43
0.68286297199233337,12,44
0.74097262952800691,21,44
0.053103965065635195,40,44
0.037132439011696272,25,45
0.77162118797996404,27,45
0.05395708586368908,31,45
0.69556177365027305,2,46
0.35037445747069274,13,46
0.4007297253042944,26,46
0.55408633937498619,33,47
0.50801346370555245,38,47
0.90279892030436593,43,47
0.27993203722421456,8,48
0.089003257432513583,11,48
0.82564807193481737,15,48
0.11912521144188559,12,49
0.018864135435484042,19,49
0.26619158790866704,22,49
