1.0,0,1
1.0,0,2
1.0,2,3
1.0,10,11
1.0,7,14
1.0,12,14
1.0,4,15
1.0,12,16
1.0,10,18
1.0,16,18
1.0,9,19
1.0,10,19
1.0,13,19
1.0,6,20
1.0,3,23
1.0,5,23
1.0,7,23
1.0,12,24
1.0,1,26
1.0,7,26
1.0,14,26
1.0,21,27
1.0,6,28
1.0,8,29
1.0,6,30
1.0,25,30
1.0,1,31
1.0,5,31
1.0,11,31
1.0,24,32
1.0,15,33
1.0,24,33
1.0,18,34
1.0,25,34
1.0,13,35
1.0,27,35
1.0,32,35
1.0,17,36
1.0,21,36
1.0,4,37
1.0,33,37
1.0,2,38
1.0,28,38
1.0,32,38
1.0,8,39
1.0,16,39
1.0,4,40
1.0,5,40
1.0,29,40
1.0,9,41
1.0,11,41
1.0,21,41
1.0,17,42
1.0,22,42
1.0,29,42
1.0,17,43
1.0,28,43
1.0,9,44
1.0,22,44
1.0,34,44
1.0,3,45
1.0,15,45
1.0,36,45
1.0,13,46
1.0,27,46
1.0,39,46
1.0,25,47
1.0,30,47
1.0,43,47
1.0,8,48
1.0,20,48
1.0,37,48
1.0,0,49
1.0,20,49
1.0,22,49
