0.90957299202122066,0,4
0.96028022715212669,2,6
0.76422205100985985,3,6
0.13825106562354983,2,10
0.38890355584660974,1,15
0.21030277355601623,0,16
0.66412441728290394,4,18
0.012355050072175966,12,18
0.76589679374630104,11,19
0.17611323627505415,5,20
0.2972547318293719,8,20
0.42493881218483864,9,21
0.96666469650265552,2,22
0.49281693655652659,7,23
0.55028988218795305,15,24
0.45118037884807227,7,25
0.34260657711431375,8,25
0.50553242384331698,19,25
0.044160448617542758,14,26
0.40928809854600323,22,26
0.238378940631082,13,27
0.60538527633235872,20,27
0.029707334552907194,23,27
0.97307865509354285,9,28
0.51982850742896747,6,29
0.33308490358895215,18,29
0.58186094486391993,14,30
0.02855048150254369,16,30
0.30985194889376866,23,30
0.83871973753272056,17,31
0.43679726305974875,24,31
0.79883486059156139,5,32
0.35418285959198637,31,32
0.91432325778314183,22,33
0.22767066194064245,26,33
0.055070438304578917,7,34
0.70898648746046711,14,34
0.73279490663866287,4,35
0.63441121696592284,10,35
0.29036229600874852,13,35
0.79987930170028521,3,36
0.071035851702746844,15,36
0.70861798410982446,16,36
0.53088804875883921,1,37
0.28962089937596636,10,37
0.28991097770541974,11,37
0.11988009545908418,5,38
0.25544148567455072,21,38
0.03203954253258956,34,38
0.96137102975763566,1,39
0.57074974305215365,28,39
0.87434347678409041,0,40
0.22470039783069218,3,40
0.27314673035928239,29,41
0.22818727983846121,8,42
0.10125528664841732,33,42
0.4915671870737458,12,43
0.11222765929538059,13,43
0.17441388444240757,40,43
0.83568251461264043,42,44
0.8236708552451999,24,45
0.18336601113494688,28,45
0.37184612838990461,44,45
0.72221011066670393,12,46
0.60773382734895165,17,46
0.15034299780181326,19,46
0.86595856036408858,32,47
0.13326346589883042,39,47
0.67528072713110976,41,47
0.77160523393477265,21,48
0.030188204801677165,41,48
0.58045939288248272,44,48
0.3642565037099289,9,49
0.12099285690906469,11,49
0.11477883891427898,17,49
