0.73178658905476246,5,6
0.2134732438083794,5,9
0.023331823722988365,2,10
0.79476679909612458,9,11
0.263716817277586,10,12
0.71103293188339711,9,14
0.26107640211847416,0,17
0.50604398982510013,2,17
0.55049532689444736,0,18
0.67892613703154492,1,18
0.95671673528492185,7,18
0.18901195391341696,6,19
0.42573523767763488,4,20
0.6550326476196654,1,21
0.65501701342687935,21,22
0.076992650961400178,3,23
0.49794530174090101,16,23
0.5337111336950654,1,24
0.76779934109787951,13,25
0.67164668233192237,8,26
0.20061710761929752,10,26
0.43831803297451888,4,27
0.40975922004053711,8,27
0.90064577474720553,0,28
0.26818213233063115,3,29
0.22266748297981009,6,29
0.97700971158824323,8,30
0.13450299761511608,15,30
0.20517002011082064,3,31
0.85359564053755654,14,32
0.062706096162626235,19,32
0.50575853630297474,13,33
0.2474136140591261,30,33
0.20632051048156486,7,34
0.011575916286135635,33,34
0.74575489501289072,13,35
0.33609496018987883,24,35
0.15396904087716667,27,35
0.61920773981791821,22,36
0.89832283416559577,26,36
0.77652404882795678,32,36
0.037366775124345386,20,37
0.59226791842449356,25,37
0.46074814376632467,14,38
0.59274612325137233,25,38
0.67589216869257951,11,39
0.41275885865719897,19,39
0.98925253119142831,28,39
0.051233932728546261,5,40
0.58217943456447152,12,40
0.49483221358132656,2,41
0.41723965610988656,11,41
0.70781632584149479,37,41
0.65317048855996318,16,42
0.47722360981702439,34,42
0.49613028897267064,40,42
0.78692489329826887,28,43
0.18462004756071837,31,43
0.66961212116451696,38,43
0.72699837603290218,4,44
0.62533626510679619,20,44
0.76086770141987403,23,44
0.29492801032221416,17,45
0.24054838583992644,21,45
0.75375553389957739,29,46
0.084364651021770043,31,46
0.98549206227049713,16,47
0.7797087054683276,22,47
0.43681633714742185,45,47
0.87997814709331179,7,48
0.27177833327913914,12,48
0.67847022189090189,15,48
0.73122952246979367,15,49
0.020188336117244132,24,49
0.46703593805710786,46,49
