1.0,0,2
1.0,4,9
1.0,10,11
1.0,6,13
1.0,12,14
1.0,6,16
1.0,7,16
1.0,13,17
1.0,15,17
1.0,2,19
1.0,18,19
1.0,9,20
1.0,13,21
1.0,7,22
1.0,8,22
1.0,15,22
1.0,5,23
1.0,10,24
1.0,14,25
1.0,16,25
1.0,21,25
1.0,14,26
1.0,19,26
1.0,20,27
1.0,23,27
1.0,24,27
1.0,2,29
1.0,21,29
1.0,24,29
1.0,28,30
1.0,8,31
1.0,18,31
1.0,3,32
1.0,17,32
1.0,26,32
1.0,20,33
1.0,31,33
1.0,1,34
1.0,11,34
1.0,4,35
1.0,12,35
1.0,0,36
1.0,4,36
1.0,1,37
1.0,5,37
1.0,6,38
1.0,28,39
1.0,33,39
1.0,34,39
1.0,9,40
1.0,30,40
1.0,0,41
1.0,10,41
1.0,35,42
1.0,37,42
1.0,8,43
1.0,11,43
1.0,5,44
1.0,40,44
1.0,41,44
1.0,3,45
1.0,38,45
1.0,42,45
1.0,1,46
1.0,18,46
1.0,43,46
1.0,12,47
1.0,15,47
1.0,36,47
1.0,7,48
1.0,28,48
1.0,38,48
1.0,3,49
1.0,23,49
1.0,30,49
