0.55842085189802571,1,6
0.81114876663499558,0,7
0.25707820273809312,2,8
0.14183317933919481,8,9
0.80013217658404234,5,11
0.40583893959893591,4,13
0.26118057579296161,6,13
0.32312413685968144,4,15
0.39049457401408638,7,15
0.21866845036060556,3,16
0.59284999043900299,6,18
0.54030304706615351,5,19
0.97924312534298608,0,20
0.37243310943694086,4,20
0.47495551156350579,19,21
0.68334343102170458,12,22
0.89391205828491282,14,22
0.15614884037641874,21,22
0.60128656301426908,2,23
0.30037709846790417,3,23
0.18731150196824675,10,23
0.91091618933073448,14,24
0.88203783370109834,18,24
0.7598631338564793,14,27
0.50396371269938456,17,27
0.47686780733577294,10,28
0.55011230028384439,11,28
0.90534267753440301,25,28
0.88155335118287936,17,29
0.24336413507405852,12,30
0.9202972789805357,17,30
0.41689554500363823,26,30
0.40253657549778943,16,31
0.25601818010647281,5,32
0.33220920158644229,19,32
0.71397686265273907,0,34
0.19556157276018415,29,34
0.21825759597110606,31,34
0.86471207311715992,7,35
0.60241149750787248,8,35
0.58559378236363446,25,36
0.1559875892536462,13,37
0.64164994412909171,15,37
0.30197261256231522,33,37
0.87460682620808083,36,38
0.05502051147725584,24,39
0.74182604980307809,25,39
0.53261737183027591,33,39
0.10761863307201835,3,40
0.25704401779098274,18,40
0.92613812322399813,38,40
0.12006921888429078,2,41
0.043259723052370802,27,41
0.72581163995176656,31,41
0.46227040227897909,1,42
0.52968087398407071,1,43
0.34880303492175246,35,43
0.87364688182872341,11,44
0.90444667928114786,36,44
0.84784935229742364,38,44
0.19046777748660371,12,45
0.66811781630222256,16,45
0.013102030045674673,26,45
0.0041488412205975544,9,46
0.45559495188081156,20,46
0.54711459846134702,26,46
0.45299586890547705,9,47
0.79504977367759244,10,47
0.71372728585015366,42,47
0.30061592768419332,29,48
0.34486823551651202,42,48
0.81788715918252908,43,48
0.73764191564149051,21,49
0.9042592100050022,32,49
0.51736220255016085,33,49
