1.0,0,1
1.0,1,5
1.0,4,7
1.0,1,13
1.0,3,16
1.0,13,16
1.0,8,18
1.0,10,18
1.0,17,18
1.0,7,20
1.0,14,20
1.0,8,21
1.0,13,21
1.0,20,22
1.0,12,23
1.0,19,23
1.0,14,24
1.0,3,26
1.0,6,26
1.0,22,26
1.0,0,27
1.0,5,27
1.0,11,27
1.0,4,28
1.0,9,28
1.0,2,29
1.0,15,29
1.0,16,29
1.0,4,30
1.0,19,30
1.0,11,31
1.0,15,31
1.0,25,31
1.0,12,32
1.0,24,32
1.0,28,32
1.0,2,33
1.0,22,34
1.0,25,34
1.0,25,35
1.0,6,36
1.0,0,37
1.0,21,37
1.0,14,38
1.0,35,38
1.0,7,39
1.0,8,39
1.0,36,39
1.0,3,40
1.0,33,40
1.0,38,40
1.0,17,41
1.0,24,41
1.0,36,41
1.0,9,42
1.0,19,42
1.0,9,43
1.0,15,43
1.0,42,43
1.0,12,44
1.0,34,44
1.0,35,44
1.0,2,45
1.0,10,45
1.0,37,45
1.0,11,46
1.0,6,47
1.0,17,47
1.0,33,47
1.0,5,48
1.0,10,48
1.0,46,48
1.0,23,49
1.0,30,49
1.0,46,49
