0.49731401060885638,2,3
0.54608353945585753,0,4
0.12521882049277033,4,6
0.24601169473708129,7,10
0.84929607036806565,9,10
0.082424586206692019,8,11
0.9383535297606177,4,12
0.98706666037441859,1,13
0.81564230247511726,8,16
0.24045494039685489,10,16
0.81528957167059002,14,18
0.29255599275898125,15,18
0.97336889301149065,2,20
0.90552122340568908,13,20
0.89968451605295663,16,20
0.44583590141174367,0,22
0.83263171076713727,6,22
0.43155504264937539,15,22
0.55476177196253373,12,23
0.29982678810972319,19,23
0.54498515015164561,15,24
0.52751515712596142,9,25
0.91617735009898282,7,26
0.41079185575102717,5,27
0.95523579244111889,3,28
0.07685807385642518,19,28
0.79248424872097911,1,29
0.7593238446021402,24,29
0.7135650675893227,7,30
0.091925098871378008,28,30
0.16606730198942365,26,31
0.71699337489143833,5,32
0.69639933639270468,23,32
0.15570278233376622,31,32
0.57136107580854345,9,33
0.78423816140492808,24,33
0.91292867194521143,11,34
0.72629173776634204,27,34
0.17296938033998799,3,35
0.064268240630558582,21,36
0.91405265910274902,25,36
0.48985828973809653,25,37
0.7655603428513893,34,37
0.71038844273010926,1,38
0.150389436219173,6,38
0.97322055114454198,29,38
0.53503971173283771,14,39
0.34991104613093504,36,39
0.56179095931391931,37,39
0.18495925252804024,5,40
0.26464736456987858,26,40
0.6950272409042042,0,41
0.49735962207427198,21,41
0.045491738431797768,8,42
0.91284691762438497,17,42
0.76162981889431125,33,42
0.31603305591877873,18,43
0.64771948367867893,11,44
0.3994465581059623,21,44
0.33961272907502649,35,44
0.81334995098843765,19,45
0.67685259314744672,30,45
0.096213014221779081,31,45
0.85333454902840877,13,46
0.17981482232771229,17,46
0.85474390066032313,43,46
0.81732124639806925,12,47
0.81325249967950763,41,47
0.79726522048473969,43,47
0.47667794323749135,14,48
0.89283209914558326,27,48
0.063938611197406403,40,48
0.84617791314291579,2,49
0.87925885199496412,17,49
0.43143830811308004,35,49
