1.0,3,7
1.0,4,9
1.0,10,12
1.0,0,16
1.0,5,16
1.0,12,16
1.0,6,17
1.0,0,18
1.0,7,19
1.0,17,19
1.0,11,20
1.0,18,20
1.0,1,21
1.0,9,21
1.0,11,21
1.0,2,22
1.0,3,22
1.0,11,23
1.0,15,23
1.0,0,24
1.0,2,24
1.0,3,25
1.0,14,25
1.0,4,26
1.0,15,26
1.0,4,27
1.0,14,28
1.0,6,30
1.0,10,30
1.0,23,30
1.0,22,31
1.0,27,31
1.0,1,32
1.0,26,32
1.0,29,32
1.0,12,33
1.0,28,33
1.0,28,35
1.0,34,35
1.0,10,36
1.0,18,36
1.0,7,37
1.0,36,37
1.0,13,39
1.0,31,39
1.0,2,40
1.0,13,40
1.0,20,40
1.0,8,41
1.0,17,41
1.0,38,41
1.0,8,42
1.0,24,42
1.0,38,42
1.0,13,43
1.0,37,43
1.0,39,43
1.0,8,44
1.0,29,44
1.0,34,44
1.0,1,45
1.0,25,45
1.0,27,45
1.0,5,46
1.0,19,46
1.0,33,46
1.0,14,47
1.0,15,47
1.0,34,47
1.0,5,48
1.0,6,48
1.0,38,48
1.0,9,49
1.0,29,49
1.0,35,49
