1.0,1,3
1.0,5,6
1.0,4,7
1.0,0,8
1.0,8,9
1.0,4,10
1.0,10,11
1.0,5,12
1.0,7,13
1.0,8,15
1.0,1,17
1.0,0,18
1.0,11,19
1.0,20,22
1.0,14,24
1.0,19,25
1.0,23,25
1.0,2,26
1.0,3,26
1.0,9,26
1.0,3,27
1.0,12,27
1.0,18,27
1.0,6,28
1.0,20,28
1.0,25,28
1.0,18,29
1.0,23,29
1.0,11,30
1.0,13,30
1.0,0,31
1.0,23,31
1.0,24,32
1.0,15,33
1.0,21,33
1.0,24,33
1.0,1,34
1.0,10,34
1.0,2,35
1.0,12,35
1.0,21,35
1.0,14,36
1.0,16,36
1.0,15,37
1.0,30,37
1.0,16,38
1.0,19,38
1.0,6,39
1.0,22,39
1.0,5,40
1.0,9,40
1.0,29,40
1.0,13,41
1.0,21,41
1.0,2,42
1.0,17,42
1.0,38,42
1.0,32,43
1.0,39,43
1.0,14,44
1.0,34,44
1.0,43,44
1.0,4,45
1.0,41,45
1.0,17,46
1.0,45,46
1.0,16,47
1.0,36,47
1.0,37,47
1.0,22,48
1.0,31,48
1.0,46,48
1.0,7,49
1.0,20,49
1.0,32,49
