1.0,1,5
1.0,6,9
1.0,2,11
1.0,10,11
1.0,0,12
1.0,8,13
1.0,12,14
1.0,0,16
1.0,6,18
1.0,10,18
1.0,17,20
1.0,1,21
1.0,18,21
1.0,5,23
1.0,21,23
1.0,13,24
1.0,20,24
1.0,22,24
1.0,3,25
1.0,14,25
1.0,17,25
1.0,1,26
1.0,2,26
1.0,4,26
1.0,0,27
1.0,19,28
1.0,22,29
1.0,15,30
1.0,23,30
1.0,14,31
1.0,10,32
1.0,27,32
1.0,7,33
1.0,13,34
1.0,29,34
1.0,3,35
1.0,8,35
1.0,19,35
1.0,9,36
1.0,20,36
1.0,16,37
1.0,22,37
1.0,33,38
1.0,34,38
1.0,32,39
1.0,33,39
1.0,37,39
1.0,4,40
1.0,17,40
1.0,29,40
1.0,7,41
1.0,15,41
1.0,27,41
1.0,6,42
1.0,8,42
1.0,31,42
1.0,3,43
1.0,16,43
1.0,28,44
1.0,38,44
1.0,4,45
1.0,12,45
1.0,36,45
1.0,15,46
1.0,30,46
1.0,31,46
1.0,2,47
1.0,7,47
1.0,43,47
1.0,9,48
1.0,11,48
1.0,19,48
1.0,5,49
1.0,28,49
1.0,44,49
