1.0,3,4
1.0,1,8
1.0,1,10
1.0,1,12
1.0,13,15
1.0,2,16
1.0,4,16
1.0,7,16
1.0,9,17
1.0,4,19
1.0,8,20
1.0,12,20
1.0,3,21
1.0,5,21
1.0,9,21
1.0,14,22
1.0,18,22
1.0,2,23
1.0,18,23
1.0,9,24
1.0,13,26
1.0,17,26
1.0,13,27
1.0,20,27
1.0,22,28
1.0,24,28
1.0,25,28
1.0,10,29
1.0,26,29
1.0,7,30
1.0,14,31
1.0,5,32
1.0,30,32
1.0,6,33
1.0,7,33
1.0,12,33
1.0,6,34
1.0,25,34
1.0,2,35
1.0,23,35
1.0,25,35
1.0,27,36
1.0,11,37
1.0,31,37
1.0,5,38
1.0,14,38
1.0,34,38
1.0,11,39
1.0,32,39
1.0,36,40
1.0,0,41
1.0,30,41
1.0,37,41
1.0,19,42
1.0,31,42
1.0,8,43
1.0,19,43
1.0,3,44
1.0,10,44
1.0,17,44
1.0,0,45
1.0,15,45
1.0,40,45
1.0,0,46
1.0,11,46
1.0,15,46
1.0,18,47
1.0,36,47
1.0,39,47
1.0,24,48
1.0,40,48
1.0,42,48
1.0,6,49
1.0,29,49
1.0,43,49
