1.0,2,4
1.0,3,9
1.0,5,9
1.0,10,12
1.0,1,13
1.0,7,14
1.0,7,15
1.0,8,16
1.0,0,17
1.0,6,17
1.0,13,18
1.0,11,19
1.0,1,20
1.0,2,20
1.0,3,20
1.0,17,22
1.0,1,23
1.0,2,24
1.0,5,25
1.0,11,25
1.0,22,26
1.0,14,27
1.0,21,27
1.0,14,28
1.0,5,29
1.0,23,30
1.0,10,31
1.0,21,31
1.0,4,32
1.0,27,32
1.0,12,33
1.0,16,33
1.0,3,34
1.0,23,34
1.0,33,34
1.0,0,35
1.0,6,35
1.0,19,35
1.0,8,36
1.0,15,36
1.0,26,36
1.0,19,37
1.0,24,37
1.0,28,37
1.0,6,38
1.0,30,38
1.0,13,39
1.0,21,39
1.0,0,40
1.0,26,40
1.0,11,41
1.0,18,41
1.0,39,41
1.0,7,42
1.0,16,42
1.0,22,42
1.0,10,43
1.0,15,43
1.0,24,43
1.0,29,44
1.0,32,44
1.0,8,45
1.0,12,45
1.0,18,46
1.0,30,46
1.0,44,46
1.0,4,47
1.0,9,47
1.0,25,47
1.0,29,48
1.0,31,48
1.0,38,48
1.0,28,49
1.0,40,49
1.0,45,49
