0.24948341566666177,1,6
0.44419950481927217,2,7
0.58491339069342274,5,8
0.62292934514723575,7,8
0.93133615259837466,6,13
0.82198995774060335,2,14
0.89442466972934931,3,15
0.98941842837579053,9,15
0.81985241209113346,5,16
0.31544285448953646,4,18
0.1112124754769791,10,18
0.9127689162194117,14,18
0.39273877538955493,1,19
0.9601345576496304,2,20
0.35143453716259676,4,21
0.58685390218373013,12,21
0.12350974365918055,3,22
0.3494544055877371,12,22
0.82314217347389607,20,24
0.46260663530421631,10,25
0.4670180110393698,17,25
0.052874557427683655,20,26
0.97434346735931676,16,27
0.72354899625107583,10,28
0.45790672294443946,22,28
0.45377621820316894,27,28
0.095001634067951146,11,29
0.88040549282223612,26,29
0.8775825180142045,9,30
0.87703045416609982,7,31
0.086708634278952146,26,31
0.20951528935477859,1,32
0.089178938382868167,29,32
0.80724615584199044,31,32
0.64697227707611737,6,33
0.0688729613076835,23,33
0.80242920459200662,24,33
0.089217461942623366,16,34
0.82360242297987318,19,34
0.75420432632275547,11,36
0.93852718084101983,34,36
0.15107300853034034,4,37
0.24405676296713508,24,37
0.57557660623864138,25,37
0.28047744165942268,0,38
0.9534988556458025,23,38
0.9652289950897488,11,39
0.91882252462209513,17,39
0.67935368254152284,35,39
0.03669384849296542,3,40
0.71302385044123839,13,40
0.1911311288839288,0,41
0.56054036901855131,12,41
0.81370732453536254,27,41
0.47149802239786021,35,42
0.23015003960133895,0,43
0.49453265706851124,5,43
0.090748189835046844,30,43
0.81393677022278099,9,44
0.2112315305387219,17,44
0.81960366281728669,36,44
0.2290003276990592,8,45
0.66756350825253485,13,45
0.28469984029631901,35,45
0.36248941742530316,14,46
0.039063416023960129,40,46
0.8596195062635279,42,46
0.75870667384923152,21,47
0.43343483806581773,38,47
0.51336117668338277,23,48
0.14904141115675451,42,48
0.37465970201503407,47,48
0.47785533026907767,15,49
0.54406004723157564,19,49
0.55617882122494489,30,49
