1.0,1,3
1.0,3,6
1.0,4,8
1.0,8,9
1.0,3,11
1.0,2,13
1.0,9,15
1.0,1,17
1.0,4,18
1.0,15,19
1.0,17,19
1.0,5,20
1.0,14,21
1.0,16,21
1.0,11,22
1.0,2,23
1.0,22,23
1.0,6,24
1.0,13,24
1.0,12,25
1.0,7,26
1.0,12,27
1.0,1,28
1.0,6,29
1.0,18,29
1.0,14,30
1.0,28,30
1.0,14,31
1.0,12,32
1.0,15,32
1.0,31,32
1.0,30,33
1.0,25,34
1.0,27,34
1.0,29,35
1.0,33,35
1.0,10,36
1.0,11,36
1.0,35,36
1.0,9,37
1.0,19,37
1.0,10,38
1.0,17,38
1.0,23,38
1.0,5,39
1.0,24,39
1.0,0,40
1.0,27,40
1.0,31,40
1.0,0,41
1.0,5,41
1.0,18,41
1.0,16,42
1.0,21,42
1.0,22,42
1.0,13,43
1.0,16,43
1.0,0,44
1.0,7,44
1.0,28,44
1.0,4,45
1.0,26,45
1.0,33,45
1.0,10,46
1.0,20,46
1.0,39,46
1.0,2,47
1.0,34,47
1.0,37,47
1.0,20,48
1.0,26,48
1.0,43,48
1.0,7,49
1.0,8,49
1.0,25,49
