1.0,2,4
1.0,2,5
1.0,0,7
1.0,3,10
1.0,5,11
1.0,1,12
1.0,6,12
1.0,3,13
1.0,7,13
1.0,9,14
1.0,0,15
1.0,13,16
1.0,15,16
1.0,11,18
1.0,7,19
1.0,2,20
1.0,17,20
1.0,1,21
1.0,1,23
1.0,17,23
1.0,10,24
1.0,18,25
1.0,21,25
1.0,10,27
1.0,4,28
1.0,26,28
1.0,19,29
1.0,9,30
1.0,14,30
1.0,4,31
1.0,16,31
1.0,8,32
1.0,8,33
1.0,0,34
1.0,21,34
1.0,18,35
1.0,24,35
1.0,29,35
1.0,27,36
1.0,33,36
1.0,5,37
1.0,24,37
1.0,32,37
1.0,14,38
1.0,25,38
1.0,26,38
1.0,15,39
1.0,20,39
1.0,17,40
1.0,28,40
1.0,22,41
1.0,31,41
1.0,27,42
1.0,32,42
1.0,9,43
1.0,22,43
1.0,41,43
1.0,3,44
1.0,11,44
1.0,12,44
1.0,6,45
1.0,29,45
1.0,40,45
1.0,30,46
1.0,33,46
1.0,36,46
1.0,8,47
1.0,22,47
1.0,39,47
1.0,6,48
1.0,19,48
1.0,34,48
1.0,23,49
1.0,26,49
1.0,42,49
