0.47219395762989491,6,9
0.58471496048790794,2,10
0.74823821832547666,8,10
0.50461330068270305,9,11
0.86990459599716274,0,12
0.22807974908597994,3,13
0.61751782484906637,0,14
0.73128247171417926,11,14
0.91947653253124473,2,15
0.47920811023045751,0,16
0.65261784244665622,15,17
0.38902136732926706,4,18
0.31905001977540426,17,21
0.3784903638762297,6,22
0.044289462799098511,21,22
0.97746123150346365,16,23
0.054415195913929626,12,24
0.69064281195407973,7,25
0.031582089992323925,17,25
0.31149595788444384,14,26
0.86288827566410353,5,27
0.74166070722875366,6,27
0.93306884102561216,4,28
0.61801894988846895,19,28
0.049254519920260531,15,29
0.32643560639793334,1,30
0.31160026509354255,25,30
0.4537928226400717,26,30
0.78611521659135764,5,31
0.28340580378000235,18,31
0.037728312917737039,23,31
0.82046131346005802,23,32
0.093845371858010784,27,32
0.92330583967062685,2,33
0.34086272831514131,9,33
0.039837020112711841,11,33
0.08774165164933323,8,34
0.10052688111631514,28,34
0.033889281040078267,29,34
0.24065553832327979,7,35
0.11885593069525424,21,35
0.8722377271646643,13,36
0.16197965114185597,32,36
0.95961627605701372,1,37
0.33400504497697214,36,37
0.94889366849627144,4,38
0.62978136265684304,19,38
0.68755382000163767,35,38
0.42328953401989888,13,39
0.03835757973185161,16,39
0.046103929410041933,18,40
0.29723716352406959,24,40
0.48181988327133884,1,41
0.65403353464158664,5,41
0.0031735274547175507,3,42
0.55760127337928189,12,42
0.44963178603500531,7,43
0.99545510435648932,10,43
0.54760498037125049,20,43
0.037437626336646934,22,44
0.2754514706868354,39,44
0.83736830000232743,41,44
0.72842944429904566,3,45
0.75993317533023763,20,45
0.78702435422844208,29,46
0.48246515825452241,45,46
0.29930096385048699,20,47
0.81692290854703986,26,47
0.72566429606850669,42,47
0.65981782651529797,8,48
0.436131191887838,24,48
0.17301783740977494,40,48
0.32499701169222572,19,49
0.57217602493332087,37,49
0.62111388705035109,46,49
