1.0,3,10
1.0,6,12
1.0,8,12
1.0,9,14
1.0,13,14
1.0,2,15
1.0,11,15
1.0,6,16
1.0,16,17
1.0,4,18
1.0,16,18
1.0,10,19
1.0,13,22
1.0,15,22
1.0,0,23
1.0,21,23
1.0,5,24
1.0,7,25
1.0,21,25
1.0,0,27
1.0,3,27
1.0,26,28
1.0,1,29
1.0,2,29
1.0,19,29
1.0,7,30
1.0,10,30
1.0,24,30
1.0,11,31
1.0,4,32
1.0,9,33
1.0,31,33
1.0,32,33
1.0,3,34
1.0,5,34
1.0,32,34
1.0,2,35
1.0,20,35
1.0,28,35
1.0,4,36
1.0,0,37
1.0,5,37
1.0,12,37
1.0,1,38
1.0,18,38
1.0,14,39
1.0,20,39
1.0,13,40
1.0,22,40
1.0,9,41
1.0,26,41
1.0,40,41
1.0,19,42
1.0,20,42
1.0,36,42
1.0,6,43
1.0,25,43
1.0,27,43
1.0,26,44
1.0,28,44
1.0,39,44
1.0,17,45
1.0,31,45
1.0,8,46
1.0,11,46
1.0,17,46
1.0,8,47
1.0,36,47
1.0,45,47
1.0,7,48
1.0,24,48
1.0,38,48
1.0,1,49
1.0,21,49
1.0,23,49
