1.0,1,5
1.0,3,7
1.0,6,7
1.0,5,8
1.0,2,10
1.0,3,11
1.0,0,12
1.0,8,12
1.0,0,14
1.0,9,14
1.0,14,15
1.0,13,18
1.0,4,19
1.0,9,21
1.0,15,21
1.0,12,22
1.0,20,23
1.0,20,24
1.0,23,24
1.0,2,25
1.0,17,25
1.0,22,25
1.0,1,27
1.0,3,27
1.0,4,27
1.0,7,28
1.0,23,28
1.0,0,29
1.0,18,29
1.0,22,29
1.0,17,30
1.0,28,30
1.0,4,31
1.0,24,32
1.0,30,32
1.0,17,33
1.0,20,33
1.0,5,34
1.0,8,35
1.0,13,36
1.0,18,36
1.0,19,37
1.0,33,37
1.0,35,37
1.0,10,38
1.0,21,38
1.0,11,39
1.0,32,39
1.0,36,39
1.0,11,40
1.0,16,40
1.0,26,40
1.0,1,41
1.0,26,41
1.0,31,41
1.0,9,42
1.0,2,43
1.0,6,43
1.0,10,43
1.0,42,44
1.0,34,45
1.0,38,45
1.0,42,45
1.0,6,46
1.0,26,46
1.0,34,46
1.0,13,47
1.0,15,47
1.0,16,47
1.0,31,48
1.0,35,48
1.0,44,48
1.0,16,49
1.0,19,49
1.0,44,49
