1.0,0,5
1.0,2,8
1.0,2,9
1.0,5,9
1.0,3,11
1.0,8,13
1.0,12,13
1.0,14,15
1.0,1,16
1.0,10,18
1.0,0,19
1.0,4,19
1.0,6,19
1.0,2,20
1.0,10,21
1.0,3,22
1.0,11,23
1.0,7,24
1.0,16,24
1.0,20,24
1.0,11,25
1.0,23,25
1.0,4,26
1.0,20,26
1.0,22,26
1.0,1,27
1.0,14,27
1.0,6,28
1.0,3,29
1.0,18,29
1.0,5,30
1.0,7,30
1.0,29,30
1.0,25,32
1.0,31,32
1.0,17,33
1.0,10,34
1.0,15,35
1.0,18,35
1.0,31,35
1.0,7,36
1.0,33,36
1.0,1,37
1.0,8,37
1.0,13,37
1.0,9,38
1.0,21,38
1.0,36,38
1.0,4,39
1.0,39,40
1.0,33,41
1.0,34,41
1.0,23,42
1.0,32,42
1.0,40,42
1.0,6,43
1.0,16,43
1.0,27,43
1.0,12,44
1.0,21,44
1.0,22,44
1.0,14,45
1.0,34,45
1.0,39,45
1.0,0,46
1.0,31,46
1.0,17,47
1.0,28,47
1.0,46,47
1.0,12,48
1.0,17,48
1.0,41,48
1.0,15,49
1.0,28,49
1.0,40,49
