1.0,0,2
1.0,5,7
1.0,6,9
1.0,7,11
1.0,3,14
1.0,10,15
1.0,1,16
1.0,15,16
1.0,6,17
1.0,2,18
1.0,0,19
1.0,12,19
1.0,3,20
1.0,17,20
1.0,17,21
1.0,18,21
1.0,1,25
1.0,4,26
1.0,14,26
1.0,16,26
1.0,5,27
1.0,8,27
1.0,3,28
1.0,19,28
1.0,1,29
1.0,5,29
1.0,8,29
1.0,13,30
1.0,27,30
1.0,30,31
1.0,24,32
1.0,21,33
1.0,24,33
1.0,12,34
1.0,15,34
1.0,22,34
1.0,10,35
1.0,22,35
1.0,33,35
1.0,0,36
1.0,18,36
1.0,13,37
1.0,24,37
1.0,31,37
1.0,22,38
1.0,28,38
1.0,9,39
1.0,20,39
1.0,23,39
1.0,4,40
1.0,25,40
1.0,32,40
1.0,10,41
1.0,11,41
1.0,8,42
1.0,13,42
1.0,14,43
1.0,23,43
1.0,42,43
1.0,7,44
1.0,12,44
1.0,23,44
1.0,31,45
1.0,41,45
1.0,2,46
1.0,6,46
1.0,11,46
1.0,32,47
1.0,36,47
1.0,38,47
1.0,9,48
1.0,25,48
1.0,4,49
1.0,45,49
1.0,48,49
