1.0,1,3
1.0,4,7
1.0,3,10
1.0,6,10
1.0,8,10
1.0,6,12
1.0,11,13
1.0,8,15
1.0,12,15
1.0,1,18
1.0,11,20
1.0,18,20
1.0,7,21
1.0,17,21
1.0,5,22
1.0,16,22
1.0,0,23
1.0,13,23
1.0,16,23
1.0,2,24
1.0,18,24
1.0,12,25
1.0,16,25
1.0,9,26
1.0,4,27
1.0,11,29
1.0,0,30
1.0,3,30
1.0,28,30
1.0,14,31
1.0,17,31
1.0,25,32
1.0,4,33
1.0,8,33
1.0,6,34
1.0,2,35
1.0,14,35
1.0,9,36
1.0,15,36
1.0,22,36
1.0,2,37
1.0,21,37
1.0,32,37
1.0,24,38
1.0,29,38
1.0,7,39
1.0,13,39
1.0,17,39
1.0,28,40
1.0,31,40
1.0,14,41
1.0,26,41
1.0,28,41
1.0,19,42
1.0,40,42
1.0,9,43
1.0,32,43
1.0,19,44
1.0,27,44
1.0,43,44
1.0,5,45
1.0,27,45
1.0,34,45
1.0,19,46
1.0,29,46
1.0,34,46
1.0,0,47
1.0,26,47
1.0,33,47
1.0,5,48
1.0,35,48
1.0,38,48
1.0,1,49
1.0,20,49
1.0,42,49
