1.0,3,4
1.0,1,7
1.0,5,9
1.0,2,10
1.0,0,13
1.0,5,14
1.0,8,14
1.0,9,14
1.0,7,15
1.0,11,16
1.0,13,17
1.0,4,18
1.0,1,19
1.0,7,19
1.0,6,20
1.0,11,20
1.0,8,21
1.0,2,22
1.0,10,22
1.0,2,24
1.0,6,24
1.0,13,24
1.0,12,25
1.0,20,25
1.0,15,26
1.0,23,27
1.0,3,28
1.0,21,28
1.0,23,28
1.0,16,29
1.0,25,29
1.0,17,30
1.0,3,31
1.0,16,31
1.0,19,31
1.0,8,32
1.0,10,32
1.0,18,33
1.0,17,34
1.0,22,34
1.0,5,35
1.0,6,35
1.0,23,35
1.0,26,36
1.0,29,36
1.0,18,37
1.0,27,37
1.0,21,38
1.0,26,38
1.0,30,38
1.0,36,39
1.0,37,39
1.0,0,40
1.0,33,40
1.0,39,40
1.0,12,42
1.0,15,42
1.0,1,43
1.0,33,43
1.0,41,43
1.0,11,44
1.0,32,44
1.0,12,45
1.0,42,45
1.0,0,46
1.0,30,46
1.0,34,46
1.0,27,47
1.0,41,47
1.0,44,47
1.0,4,48
1.0,9,48
1.0,41,49
1.0,45,49
1.0,48,49
