0.32634262556732274,1,4
0.23160696546636694,0,5
0.25695216840609358,1,5
0.35704817978219561,7,8
0.98355542899272619,3,9
0.74602120952512063,2,13
0.6669627073292328,11,13
0.12082489076647396,2,15
0.80026917178709789,14,17
0.017907453043719435,10,18
0.33926790001324469,12,18
0.83179328759991511,9,19
0.60546080481490472,14,19
0.36688495156402656,4,20
0.85464817380779357,6,21
0.014891136774855429,11,22
0.52185763200907853,20,23
0.99322184412208614,2,24
0.44476609805096434,0,25
0.96105019179313189,5,25
0.029580111190387726,0,26
0.088184216136537152,8,26
0.18308749468937779,9,26
0.34154237234509643,17,27
0.80533182862295127,20,27
0.12427195666376578,15,28
0.87225972481154446,23,28
0.98113478656170228,14,29
0.20841724535028872,21,29
0.19023302957200316,22,30
0.1302398472872337,25,30
0.12940875910930272,18,31
0.38933733356525779,19,31
0.33361703805332399,6,33
0.33772252896295252,16,33
0.85053021573888843,7,34
0.24033796396836093,33,34
0.64949643413402069,16,35
0.8842661494351951,24,35
0.56904167319905075,31,35
0.3648648685513679,13,36
0.33064219993489896,12,37
0.91377600179533192,4,38
0.48064660702814621,17,38
0.56589912139512655,29,38
0.79278337145116851,1,39
0.93263438286390088,6,39
0.93996397751650851,32,39
0.20260680189452562,3,40
0.2017773850364597,37,40
0.15420954311510182,12,41
0.9157193080857271,24,41
0.94440639335333199,28,41
0.61639449149019843,7,42
0.21388532612229794,15,42
0.62847390131497161,27,43
0.56710399532652589,32,43
0.29896977250004841,40,43
0.41455367949050526,32,44
0.94170882940757339,36,44
0.55413087088771751,8,45
0.86338636860934592,11,45
0.76266452188738398,36,45
0.13455229602821828,3,46
0.75954671739923563,30,46
0.72434522001931623,37,46
0.6621093171672352,21,47
0.36469040427526833,22,47
0.81677922500345745,34,47
0.25608080704365477,10,48
0.048038473965247075,42,48
0.63666236444913105,44,48
0.89088034823008766,10,49
0.97610979287921373,16,49
0.81361053432398378,23,49
