0.19467990958094294,1,3
0.065734374480430957,4,6
0.62743625664048241,3,11
0.37275164016975926,8,11
0.73093444210785097,10,11
0.51719958613623918,0,15
0.21810398390516617,8,15
0.0077799939820777375,1,17
0.88847231689975814,14,20
0.63752173118207067,5,21
0.030023354975596273,4,22
0.63406256056838539,21,22
0.12920833192544467,13,23
0.48948502027950158,17,23
0.45357571815095876,14,24
0.88620963855092816,19,24
0.77340760103071082,6,26
0.18644512215086984,18,26
0.58071984498864204,8,27
0.59271066116174664,22,27
0.3465287546918403,2,28
0.81323212088671104,23,28
0.96918618280766022,24,28
0.90389256840198173,26,29
0.39374823817441085,10,30
0.55875265770659799,0,31
0.79655211378251345,18,31
0.8424603373931171,25,31
0.018064336556832594,12,32
0.0085323954968012927,16,32
0.72124803560551831,1,33
0.50310869965185345,7,33
0.49111804681082538,32,33
0.44405937861364875,16,34
0.69322000862416722,21,35
0.73333405408094776,9,36
0.95492461368231352,19,36
0.25842261488745422,7,37
0.67823431832888526,9,37
0.12037414777919875,16,37
0.15335321958813952,0,38
0.072824741381073976,18,38
0.28923340173655221,34,38
0.56858071121982079,3,39
0.17194668158132409,5,39
0.34606620201626903,7,39
0.8697304084405183,12,40
0.73582626176579158,35,40
0.32778804474911449,5,41
0.34485631105705439,12,41
0.050204231881373684,29,41
0.95699222400477446,19,42
0.91131254878419599,27,42
0.77691703997207162,36,42
0.57578598307861062,10,43
0.194988225271154,13,43
0.20507589914237601,30,43
0.36821526967509233,13,44
0.11109516131732922,17,44
0.93616830035744614,34,44
0.95843650959997351,2,45
0.072007906168551683,4,45
0.24891430226834743,29,45
0.13656629133015763,2,46
0.69205021756302199,30,46
0.71365672545522207,40,46
0.8541895030424439,9,47
0.4153398977205045,14,47
0.63177167574157134,25,47
0.27422327614634623,6,48
0.18937022467833842,20,48
0.82106536331690494,35,48
0.18617975064426806,15,49
0.15835817983692935,20,49
0.68328677464688681,25,49
