1.0,0,1
1.0,3,4
1.0,3,5
1.0,1,9
1.0,2,10
1.0,7,10
1.0,8,11
1.0,12,13
1.0,12,15
1.0,3,16
1.0,6,17
1.0,5,18
1.0,15,18
1.0,9,19
1.0,20,21
1.0,11,22
1.0,15,22
1.0,13,24
1.0,17,24
1.0,11,25
1.0,21,25
1.0,0,26
1.0,6,26
1.0,7,27
1.0,14,27
1.0,23,27
1.0,19,28
1.0,22,28
1.0,24,28
1.0,17,29
1.0,12,30
1.0,16,31
1.0,23,31
1.0,5,32
1.0,14,32
1.0,30,32
1.0,6,33
1.0,14,33
1.0,0,34
1.0,8,34
1.0,2,35
1.0,8,35
1.0,13,36
1.0,9,37
1.0,4,38
1.0,16,38
1.0,25,39
1.0,29,39
1.0,35,39
1.0,19,40
1.0,1,41
1.0,7,41
1.0,38,41
1.0,23,42
1.0,36,42
1.0,40,42
1.0,2,43
1.0,31,43
1.0,36,43
1.0,30,44
1.0,37,44
1.0,4,45
1.0,26,45
1.0,33,45
1.0,18,46
1.0,21,46
1.0,44,46
1.0,10,47
1.0,40,47
1.0,20,48
1.0,29,48
1.0,34,48
1.0,20,49
1.0,37,49
1.0,47,49
