1.0,5,6
1.0,8,10
1.0,9,10
1.0,2,11
1.0,1,12
1.0,0,14
1.0,3,14
1.0,1,15
1.0,3,15
1.0,0,16
1.0,8,16
1.0,16,17
1.0,7,18
1.0,13,18
1.0,4,19
1.0,5,20
1.0,15,20
1.0,4,21
1.0,5,22
1.0,14,22
1.0,0,24
1.0,8,25
1.0,9,25
1.0,6,26
1.0,1,27
1.0,25,27
1.0,2,28
1.0,11,28
1.0,6,29
1.0,13,29
1.0,10,30
1.0,12,31
1.0,21,31
1.0,27,31
1.0,7,32
1.0,17,32
1.0,24,32
1.0,3,33
1.0,30,33
1.0,4,34
1.0,21,34
1.0,23,34
1.0,30,36
1.0,13,37
1.0,19,37
1.0,2,38
1.0,11,38
1.0,17,39
1.0,35,39
1.0,37,39
1.0,9,41
1.0,23,41
1.0,36,41
1.0,29,42
1.0,40,42
1.0,20,43
1.0,23,43
1.0,38,43
1.0,7,44
1.0,28,44
1.0,35,44
1.0,19,45
1.0,24,45
1.0,33,45
1.0,22,46
1.0,26,46
1.0,12,47
1.0,26,47
1.0,40,47
1.0,36,48
1.0,40,48
1.0,42,48
1.0,18,49
1.0,35,49
1.0,46,49
