0.34812735379440796,1,2
0.1999878267832722,2,4
0.97127887274040947,0,6
0.88984828470228428,3,7
0.68138325961594792,6,11
0.27801650297718761,10,14
0.3690117852627165,9,15
0.07893998400321689,12,15
0.89751718752892862,1,16
0.55850750596372389,8,16
0.54173433449149955,3,17
0.35180946376346522,5,18
0.45488698769671265,10,19
0.53551343302145882,17,19
0.46309864089387853,5,20
0.082804533381160006,13,21
0.30359512313209513,20,21
0.0079285029445916866,11,22
0.15402450577273752,17,22
0.9036876521525965,0,24
0.96315762289500984,2,24
0.97418948956029083,23,24
0.22218340800647696,6,25
0.66154207771923568,3,27
0.422472674126952,20,27
0.9192551478155927,7,28
0.42752342729005954,11,29
0.45270988257184086,19,29
0.51875505459911664,21,29
0.72100393670043017,10,30
0.56950703089481336,12,31
0.011308989962223848,26,31
0.98651310613716214,4,32
0.93573272112120942,25,32
0.70677390981205479,31,32
0.93311736363821507,1,33
0.5862168210150025,28,34
0.22787184721521458,7,35
0.076547036469593488,8,36
0.92655501077398739,9,36
0.11240223374091651,33,36
0.60511154021031588,13,37
0.52791432941539007,30,37
0.0032238541127197484,13,38
0.28291159514961328,23,38
0.35424994706249857,26,38
0.65817592232759337,8,39
0.35276140539731793,26,39
0.9097190822001423,15,40
0.37063815037997372,16,40
0.24761061190501676,18,40
0.36749280193121348,0,41
0.29105582056308987,5,41
0.71280424451066893,30,41
0.023335318046319387,14,42
0.2990898204466137,22,42
0.72382622270932573,12,43
0.93038898901772182,25,43
0.16405827371207493,4,44
0.096623434832417088,23,44
0.51558796797002349,18,45
0.36458504583380413,33,45
0.74566332971155058,44,45
0.47530629549075099,14,46
0.10204525038952794,27,46
0.9451424694648084,42,46
0.34926283830863247,28,47
0.3964077444423918,34,47
0.038946835009591507,35,47
0.98550869873657643,9,48
0.29973451876486013,35,48
0.48605803955387528,39,48
0.55775332031434421,34,49
0.29421730894423503,37,49
0.93983418782612238,43,49
