1.0,1,2
1.0,1,5
1.0,6,7
1.0,0,8
1.0,2,8
1.0,1,10
1.0,3,10
1.0,3,11
1.0,0,14
1.0,10,14
1.0,3,15
1.0,9,15
1.0,13,17
1.0,9,18
1.0,13,19
1.0,2,20
1.0,6,20
1.0,8,21
1.0,4,22
1.0,12,24
1.0,18,24
1.0,4,25
1.0,7,25
1.0,25,26
1.0,17,27
1.0,23,27
1.0,12,28
1.0,23,28
1.0,16,30
1.0,21,30
1.0,0,31
1.0,27,32
1.0,11,33
1.0,21,33
1.0,29,33
1.0,4,34
1.0,13,34
1.0,22,34
1.0,32,35
1.0,5,36
1.0,19,36
1.0,18,37
1.0,16,38
1.0,23,39
1.0,26,39
1.0,28,39
1.0,12,40
1.0,16,40
1.0,29,40
1.0,9,41
1.0,22,41
1.0,24,41
1.0,6,42
1.0,29,42
1.0,37,42
1.0,30,43
1.0,35,43
1.0,38,43
1.0,15,44
1.0,19,44
1.0,35,45
1.0,36,45
1.0,37,45
1.0,11,46
1.0,17,46
1.0,31,46
1.0,5,47
1.0,20,47
1.0,32,47
1.0,26,48
1.0,31,48
1.0,44,48
1.0,7,49
1.0,14,49
1.0,38,49
