1.0,0,2
1.0,13,14
1.0,3,16
1.0,10,16
1.0,1,17
1.0,10,18
1.0,11,18
1.0,11,20
1.0,15,20
1.0,1,21
1.0,4,21
1.0,0,22
1.0,9,22
1.0,8,23
1.0,14,23
1.0,6,24
1.0,7,24
1.0,19,25
1.0,6,27
1.0,13,27
1.0,0,28
1.0,7,28
1.0,2,29
1.0,26,29
1.0,6,30
1.0,9,30
1.0,28,30
1.0,17,31
1.0,29,31
1.0,5,32
1.0,27,32
1.0,4,33
1.0,12,33
1.0,4,34
1.0,12,34
1.0,32,34
1.0,1,35
1.0,14,35
1.0,3,36
1.0,10,36
1.0,19,37
1.0,25,37
1.0,15,38
1.0,22,38
1.0,13,39
1.0,15,39
1.0,20,39
1.0,16,40
1.0,18,40
1.0,33,40
1.0,8,41
1.0,23,41
1.0,36,41
1.0,2,42
1.0,35,42
1.0,17,43
1.0,24,43
1.0,31,43
1.0,5,44
1.0,19,44
1.0,37,44
1.0,5,45
1.0,12,45
1.0,26,45
1.0,8,46
1.0,21,46
1.0,42,46
1.0,3,47
1.0,9,47
1.0,11,47
1.0,25,48
1.0,38,48
1.0,7,49
1.0,26,49
1.0,48,49
