1.0,2,4
1.0,0,8
1.0,1,10
1.0,3,11
1.0,4,11
1.0,4,12
1.0,8,12
1.0,2,13
1.0,1,14
1.0,10,14
1.0,1,15
1.0,7,15
1.0,14,17
1.0,9,18
1.0,11,20
1.0,20,22
1.0,5,23
1.0,6,23
1.0,5,24
1.0,3,25
1.0,6,26
1.0,17,26
1.0,25,26
1.0,0,27
1.0,9,28
1.0,19,28
1.0,7,29
1.0,15,29
1.0,7,30
1.0,19,30
1.0,16,31
1.0,27,31
1.0,31,32
1.0,16,33
1.0,20,33
1.0,33,34
1.0,6,35
1.0,28,35
1.0,13,36
1.0,0,37
1.0,5,37
1.0,21,37
1.0,17,38
1.0,30,38
1.0,2,39
1.0,12,39
1.0,32,39
1.0,10,40
1.0,18,40
1.0,22,40
1.0,13,41
1.0,36,41
1.0,16,42
1.0,21,42
1.0,32,42
1.0,3,43
1.0,9,43
1.0,35,43
1.0,19,44
1.0,22,44
1.0,25,45
1.0,34,45
1.0,36,45
1.0,24,46
1.0,27,46
1.0,44,46
1.0,8,47
1.0,21,47
1.0,38,47
1.0,24,48
1.0,29,48
1.0,34,48
1.0,18,49
1.0,23,49
1.0,41,49
