0.077713631617817747,0,2
0.69209487445119544,3,4
0.96166083009114733,5,8
0.49052680309874053,9,11
0.062484292566282851,9,13
0.88112836670050576,10,13
0.45031404630703453,0,14
0.88900412313951283,10,14
0.33829199276086519,4,15
0.21874412351931916,11,18
0.72885449567527882,15,18
0.61434385336334973,2,19
0.75673338610348551,10,19
0.69846442564888045,18,20
0.99820515027330636,19,20
0.022005192756897829,5,21
0.2774937555613648,6,23
0.99418168110102345,16,23
0.70223156904203776,17,24
0.925357210453991,17,25
0.57482040549269409,22,25
0.48149532620279101,6,26
0.41823033341394045,7,27
0.37246177091999444,9,28
0.75480855802118019,6,30
0.67284351640929352,11,30
0.21565377540085384,12,30
0.99048052811237164,2,31
0.28027670880159494,14,31
0.93099769026601309,25,32
0.75631324959899726,26,32
0.021119216183275391,22,33
0.92299917022171363,27,33
0.99100663817912149,28,33
0.043105659531962326,8,34
0.76672676572402343,22,34
0.368007591168931,23,35
0.42801638491433713,26,35
0.15664921661214914,21,36
0.56031058942600154,32,36
0.62796621839562672,35,36
0.57896588783320135,8,37
0.68628082063228169,20,37
0.11309437683740853,15,38
0.17000310555565135,21,38
0.19722026753941435,37,38
0.1573623367691469,28,39
0.31870283111591713,16,40
0.069159718239963475,24,40
0.75275283836472684,1,41
0.1435032596851189,7,41
0.8479798396317999,29,41
0.10271257448910331,1,42
0.34672356255338954,7,42
0.64768908499841749,40,42
0.4050372689222923,3,43
0.92040168143428158,4,43
0.41332052551049137,5,43
0.082060641597730966,1,44
0.58609343698540595,12,44
0.08506168791940738,27,44
0.032047176845984904,0,45
0.81461026909545864,31,45
0.012436346257344244,39,45
0.58371581064796774,29,46
0.86141580513322613,34,46
0.81946747225064553,39,46
0.90915272457452134,17,47
0.69886869132643759,29,47
0.083608971922270126,3,48
0.064395841496642126,13,48
0.092076767690805528,24,48
0.20724830834510644,12,49
0.25823969628422971,16,49
0.85356712358243569,47,49
