0.89562833224486671,4,7
0.023240803306292634,5,8
0.17072053210334126,6,8
0.053694518400956959,3,10
0.053228711077499824,8,11
0.64941779535528565,0,12
0.84077304808195064,9,13
0.70033420996000351,11,15
0.84519427472184938,14,17
0.45265962603159271,5,19
0.83345388093212625,15,19
0.19517338197622558,11,20
0.76750405304894176,1,21
0.32264911145267527,2,21
0.36569176602623754,12,22
0.24448084734820696,6,23
0.67620250439532414,3,24
0.30965114929979376,6,24
0.26083955978346007,18,24
0.65844076058619505,4,25
0.20235551307699551,16,25
0.075049911186824692,23,25
0.17591912331879944,1,26
0.78057531618226739,9,26
0.83137524250982353,14,27
0.35438269607744699,19,27
0.97037867770095276,12,28
0.31612994794418525,15,28
0.61221551733630031,21,29
0.74458879615213791,0,30
0.20256196321945119,9,30
0.7458268670206164,3,31
0.41061208196233423,16,31
0.96339818313592029,18,31
0.54534915505744652,2,32
0.26870104718493248,10,32
0.1155459462639995,0,33
0.00079518550287016598,4,34
0.43213983325158323,30,34
0.78965406386817194,1,35
0.63156990359027954,20,35
0.36246935312299611,7,36
0.84330723891669246,18,36
0.12440107457093597,34,36
0.6869621327336457,10,37
0.70543840222933096,22,37
0.56476175691740149,5,38
0.23365666096629334,14,39
0.80657946574732642,20,39
0.9961716053066052,35,39
0.55150655660522407,13,40
0.25674715155365746,37,40
0.10325212130005745,17,41
0.13369154352287493,28,41
0.96570512293838029,40,42
0.50797922035851173,2,43
0.96086732531171426,29,43
0.81273305945572316,23,44
0.97197590776477794,33,44
0.86357691295669892,42,44
0.72859068350162592,13,45
0.49922740296251877,33,45
0.17563920332776473,41,45
0.71091880565743226,17,46
0.79363791132747408,22,46
0.63528107367148112,42,46
0.98010514178327857,7,47
0.018354834584557334,16,47
0.89896846143427922,38,47
0.34425737896014952,27,48
0.9755068192610431,29,48
0.97223171090649274,43,48
0.22488679840077552,26,49
0.77420535734850326,32,49
0.081528847253929726,38,49
