1.0,7,9
1.0,0,10
1.0,2,10
1.0,9,10
1.0,6,12
1.0,7,13
1.0,5,14
1.0,9,15
1.0,12,17
1.0,15,17
1.0,7,19
1.0,15,19
1.0,2,20
1.0,8,20
1.0,4,21
1.0,3,22
1.0,4,22
1.0,0,23
1.0,5,23
1.0,16,23
1.0,24,25
1.0,1,26
1.0,8,26
1.0,20,26
1.0,11,27
1.0,0,28
1.0,16,28
1.0,12,29
1.0,16,29
1.0,2,30
1.0,24,31
1.0,29,32
1.0,30,32
1.0,31,32
1.0,5,34
1.0,18,34
1.0,30,34
1.0,1,35
1.0,3,35
1.0,22,35
1.0,11,36
1.0,1,37
1.0,27,37
1.0,6,38
1.0,14,38
1.0,36,38
1.0,8,39
1.0,17,39
1.0,18,39
1.0,24,40
1.0,36,40
1.0,21,41
1.0,33,41
1.0,25,42
1.0,37,42
1.0,21,43
1.0,27,43
1.0,33,43
1.0,4,44
1.0,19,44
1.0,33,44
1.0,40,45
1.0,42,45
1.0,3,46
1.0,11,46
1.0,13,46
1.0,14,47
1.0,31,47
1.0,45,47
1.0,6,48
1.0,28,48
1.0,41,48
1.0,13,49
1.0,18,49
1.0,25,49
