0.49999576835184489,1,7
0.79794066122000129,2,9
0.077024068566728832,4,9
0.60765585130577104,8,9
0.44604274913542274,0,10
0.76361238740826398,6,11
0.22740774539991226,5,12
0.56515476390847685,11,13
0.13136896482265881,8,14
0.43827460678345997,6,15
0.67609840326873971,12,15
0.70001142243059644,6,17
0.35823042828629592,0,18
0.68073009503308657,14,18
0.21602815681890875,11,19
0.033284151008176721,4,20
0.35572457673453761,1,21
0.73594043878246806,10,21
0.33153331188537949,0,22
0.56881061357791207,16,23
0.70026142240684652,13,24
0.63697842243045733,3,25
0.7734495090327641,3,26
0.66134083839238278,12,26
0.11217070685540653,5,27
0.25869494367322543,22,27
0.49367799501772813,19,28
0.22808516855397964,23,29
0.15333626207855222,26,29
0.51014085115447205,7,30
0.79239081985263105,18,30
0.56782371046410685,25,30
0.68899157467880101,17,31
0.3206257608855142,7,32
0.83541564585945138,25,32
0.85945580049484993,16,33
0.034644466314257105,8,34
0.56786938470805282,27,34
0.86470621638672596,31,34
0.062865507062847659,1,36
0.25745564119606701,5,36
0.6365119709271202,28,36
0.29271675538079445,14,37
0.78023487636142441,2,38
0.84017520664595646,13,38
0.26504463401125267,32,38
0.041929135929270944,35,39
0.18353309993405087,22,40
0.13550123261323732,24,40
0.23335546360822101,39,40
0.12728911215105043,19,41
0.80988783340883763,23,41
0.83446812898918166,37,41
0.49376278485321423,16,42
0.52844179111866574,17,42
0.27784354049494142,35,42
0.92741984227819907,4,43
0.7778658668565126,10,43
0.98039049934755573,15,43
0.18645377750002567,20,44
0.39774628231178555,28,44
0.93137093427062612,21,45
0.74528284760485719,35,45
0.43197704703492823,39,45
0.8435016188213994,33,46
0.22712914283343133,37,46
0.13281491661022971,3,47
0.28791673087913672,20,47
0.31693240979443749,44,47
0.36677791926926029,2,48
0.98056212354097294,33,48
0.70777352577019759,46,48
0.95291453654684088,24,49
0.16870695411899317,29,49
0.7298398144954894,31,49
