1.0,0,5
1.0,0,6
1.0,2,7
1.0,2,8
1.0,8,9
1.0,11,12
1.0,12,13
1.0,10,14
1.0,1,20
1.0,11,20
1.0,14,20
1.0,4,21
1.0,7,21
1.0,10,23
1.0,8,25
1.0,18,26
1.0,5,27
1.0,9,27
1.0,1,28
1.0,21,28
1.0,6,29
1.0,23,29
1.0,15,30
1.0,19,30
1.0,22,30
1.0,13,31
1.0,24,32
1.0,3,33
1.0,16,33
1.0,19,33
1.0,6,34
1.0,13,34
1.0,7,35
1.0,16,35
1.0,17,35
1.0,19,36
1.0,34,36
1.0,17,37
1.0,18,37
1.0,1,38
1.0,18,38
1.0,25,38
1.0,11,39
1.0,25,39
1.0,26,39
1.0,3,40
1.0,15,40
1.0,37,40
1.0,0,41
1.0,10,41
1.0,22,41
1.0,9,42
1.0,14,42
1.0,32,42
1.0,3,43
1.0,4,43
1.0,17,43
1.0,15,44
1.0,23,44
1.0,29,44
1.0,12,45
1.0,31,45
1.0,32,45
1.0,5,46
1.0,24,46
1.0,27,46
1.0,24,47
1.0,31,47
1.0,36,47
1.0,2,48
1.0,26,48
1.0,28,48
1.0,4,49
1.0,16,49
1.0,22,49
