0.070806941159713643,0,5
0.37771372497587863,0,6
0.46033888519540467,3,6
0.6817551683349643,0,8
0.90272905296209649,2,10
0.73252068091884248,4,11
0.66246214665520875,12,13
0.40621769226836768,3,14
0.42819131152334866,16,17
0.63183429573198335,8,18
0.62926575376369343,1,20
0.70255570254870103,18,20
0.11713613693663039,20,21
0.65516498023946934,2,22
0.082600368831310278,2,23
0.14660830249623935,10,23
0.47177389224426347,13,23
0.093537195064866241,21,24
0.69625596490237063,3,25
0.96231886202416939,8,25
0.15148354850716783,14,27
0.3043061702388733,19,27
0.070381504114658711,25,27
0.95353442204062844,7,28
0.19699144723355544,5,29
0.58713846275133241,17,29
0.74397741250862814,16,30
0.82587112558567877,4,31
0.60630533039170031,7,32
0.58379050775666586,11,32
0.74754118157215432,7,33
0.75256478091113144,12,33
0.36250751720495744,28,33
0.52906814071094155,24,34
0.091807229673562252,31,34
0.43199177107045017,10,35
0.51594662243615019,26,35
0.89922960176371169,15,36
0.23573038078942676,16,36
0.79499028236296998,30,36
0.28543786097094515,15,37
0.84258824605747107,26,37
0.070144236602348364,21,38
0.060673159230029805,24,38
0.19781689496916599,1,39
0.41565370491386144,29,39
0.039774555958712043,19,40
0.069318868067113515,30,40
0.2216882500972559,38,40
0.013086230500626406,4,41
0.68315385635561776,15,41
0.93935362635185138,18,41
0.084820299001182264,22,42
0.59402452113887461,26,42
0.26701502133292032,31,42
0.35135208182904643,9,43
0.57122926982350553,12,43
0.69329184717604153,14,43
0.35447607138737858,9,44
0.001012559235458621,11,44
0.39359501974490485,13,44
0.72925468981103025,19,45
0.53038602337952467,37,45
0.27119076857479363,39,45
0.31474577416786731,1,46
0.37569303197700932,35,46
0.51791713858083344,9,47
0.625163261102606,28,47
0.6568141353954442,32,47
0.47687071443763884,5,48
0.2690692873809839,6,48
0.083340981272189696,17,48
0.60335043568697144,22,49
0.71924808949205599,34,49
0.24137663764849071,46,49
