0.25130175664918664,0,2
0.95419182694810423,4,10
0.40494116467835561,1,12
0.35794301792561689,2,13
0.53958423771524455,3,13
0.4107350808262421,4,13
0.4767306202278806,4,14
0.75467575357147165,1,17
0.12104704350485129,11,17
0.94246913360128337,16,18
0.027960511895970819,14,19
0.10362786906915433,0,21
0.039003116066022248,9,21
0.42695000630585223,12,21
0.59471432128787372,5,23
0.62012788016208809,11,23
0.22431593350947798,8,24
0.13861213287584728,10,24
0.11034333671176022,18,25
0.71598319396085652,17,26
0.94570173680675174,22,26
0.3672159891075657,24,26
0.61301503612599229,3,27
0.58544934229552359,14,29
0.054042294233186516,20,29
0.81163737572096373,22,29
0.75489050587059203,6,30
0.96618165025090086,10,30
0.69101566122548586,11,30
0.88187931769941441,8,31
0.71908041997115812,9,31
0.060275243973995751,22,31
0.35912990818992996,16,32
0.49331356537336102,25,32
0.59611890605021134,2,33
0.86963592946013391,12,33
0.30478629133948221,20,33
0.064996563016873954,1,34
0.45291649634831066,27,34
0.26194854120996769,9,35
0.59115155470504532,15,35
0.96220576144363035,3,36
0.28190310927475637,7,36
0.33208624097548711,32,36
0.32109668909487832,18,37
0.84935533694231269,34,37
0.52762356659235254,19,38
0.25387361531279107,37,38
0.72070411884396612,15,39
0.00092525796547526795,27,39
0.38303214669272401,0,40
0.49914465190490354,15,40
0.31755558027262587,19,41
0.45092986652000078,7,42
0.26512671628305706,28,42
0.54597800164389965,40,42
0.51983778745756792,7,43
0.47194238554067247,41,43
0.27120386978330946,8,44
0.080963763094450858,35,44
0.16510871525213155,38,44
0.19641930245603223,5,45
0.9092939420123124,20,45
0.10461292759503515,23,45
0.17030625321336534,39,46
0.97692490726036652,41,46
0.77235700274983243,43,46
0.090763132427040483,25,47
0.24706743187362046,28,47
0.28699332339300121,6,48
0.097660350963638898,28,48
0.1735482618519103,47,48
0.49251055526798404,5,49
0.55402697491583763,6,49
0.054295722560411042,16,49
