0.74628525234851828,3,4
0.70626870140688014,1,10
0.80863006051267328,2,10
0.33899271556943067,9,12
0.61426910998935724,8,14
0.44917110276686956,11,14
0.33053854633095892,11,15
0.70183858989644599,12,16
0.063261125685599051,17,18
0.35420535143044751,1,19
0.31883093188288081,15,19
0.45106778560790473,12,20
0.53722877996727514,5,21
0.67952367548709758,8,21
0.42482228104334796,15,23
0.64571182079325173,6,24
0.29226819666241544,18,24
0.66442849278793537,22,24
0.44951823648513134,21,26
0.32264103931486232,0,27
0.76164611953655348,13,27
0.35905590921256625,22,27
0.59992134819289655,4,28
0.19490681096306184,2,29
0.93064131474405476,28,29
0.052856512279684464,1,31
0.19969344660487487,13,31
0.68667144676697467,6,32
0.19925719057313751,26,32
0.88495605124746002,4,33
0.53416010889974097,22,33
0.0047459667073590506,0,34
0.45114057689919007,7,34
0.84871000782513517,20,34
0.59681866814841533,10,35
0.79908926492220889,16,35
0.55602041915398104,29,35
0.17328125563030194,7,36
0.6270882207468359,14,36
0.78200196340505435,17,37
0.019897206624143959,3,38
0.91784813153541167,37,38
0.16751182926149766,19,39
0.12662748957123793,25,39
0.43596936651826612,30,39
0.94770422547145983,2,40
0.87092164441550068,30,40
0.084329326005424532,36,40
0.62282122491908865,5,41
0.35704579279508197,7,41
0.13820950974701018,25,41
0.90862579012822187,0,42
0.642718465242194,3,42
0.70516249673600162,31,42
0.67155461933035676,6,43
0.073443112894482798,13,43
0.10974610502881132,16,43
0.38051896603537072,9,44
0.76973193952939645,23,44
0.30215664565087075,26,44
0.41225672703386762,8,45
0.70556843200157804,20,45
0.70267559887273612,25,45
0.96521508816855783,5,46
0.38739699665447647,30,46
0.19142923889060248,38,46
0.90374820179092719,9,47
0.19679710058083877,11,47
0.34506448456852623,33,47
0.95494039753930371,17,48
0.9291081868137111,32,48
0.26240537088648663,37,48
0.19604521240140771,18,49
0.73671845351014797,23,49
0.28087124884595349,28,49
