1.0,3,5
1.0,2,6
1.0,1,7
1.0,2,7
1.0,7,10
1.0,0,12
1.0,4,13
1.0,3,14
1.0,2,15
1.0,11,17
1.0,6,19
1.0,14,22
1.0,16,22
1.0,15,23
1.0,18,23
1.0,16,24
1.0,0,25
1.0,19,25
1.0,20,26
1.0,12,27
1.0,3,28
1.0,9,28
1.0,27,28
1.0,0,29
1.0,5,29
1.0,19,29
1.0,17,30
1.0,10,31
1.0,30,31
1.0,13,32
1.0,16,32
1.0,20,32
1.0,23,33
1.0,24,33
1.0,26,33
1.0,11,34
1.0,18,35
1.0,34,35
1.0,12,36
1.0,35,36
1.0,1,37
1.0,5,37
1.0,17,37
1.0,9,38
1.0,21,38
1.0,4,39
1.0,8,39
1.0,8,40
1.0,10,40
1.0,14,41
1.0,24,41
1.0,26,41
1.0,20,42
1.0,31,42
1.0,40,42
1.0,15,43
1.0,21,43
1.0,34,43
1.0,8,44
1.0,9,44
1.0,25,44
1.0,1,45
1.0,11,45
1.0,6,46
1.0,36,46
1.0,45,46
1.0,13,47
1.0,18,47
1.0,30,47
1.0,4,48
1.0,21,48
1.0,38,48
1.0,22,49
1.0,27,49
1.0,39,49
