1.0,3,5
1.0,5,7
1.0,3,9
1.0,2,11
1.0,3,11
1.0,4,12
1.0,2,13
1.0,10,13
1.0,8,17
1.0,13,17
1.0,7,19
1.0,12,19
1.0,0,20
1.0,2,21
1.0,10,21
1.0,6,22
1.0,16,22
1.0,14,23
1.0,17,23
1.0,6,24
1.0,22,24
1.0,15,25
1.0,23,25
1.0,11,26
1.0,25,26
1.0,16,27
1.0,4,28
1.0,12,28
1.0,18,28
1.0,18,29
1.0,14,30
1.0,19,30
1.0,5,31
1.0,20,31
1.0,18,32
1.0,26,32
1.0,30,33
1.0,31,33
1.0,7,34
1.0,16,34
1.0,32,34
1.0,24,35
1.0,14,36
1.0,21,36
1.0,0,37
1.0,20,37
1.0,27,37
1.0,1,38
1.0,6,38
1.0,27,38
1.0,4,39
1.0,29,39
1.0,9,40
1.0,0,41
1.0,35,41
1.0,8,42
1.0,15,42
1.0,15,43
1.0,36,43
1.0,40,44
1.0,42,44
1.0,39,45
1.0,43,45
1.0,1,46
1.0,29,46
1.0,35,46
1.0,9,47
1.0,10,47
1.0,40,47
1.0,1,48
1.0,33,48
1.0,41,48
1.0,8,49
1.0,44,49
1.0,45,49
