1.0,3,4
1.0,5,9
1.0,2,12
1.0,9,12
1.0,10,13
1.0,3,15
1.0,5,15
1.0,14,16
1.0,0,18
1.0,7,19
1.0,8,19
1.0,17,20
1.0,12,21
1.0,2,23
1.0,13,23
1.0,1,24
1.0,1,25
1.0,4,25
1.0,21,26
1.0,2,27
1.0,22,27
1.0,8,28
1.0,9,28
1.0,6,29
1.0,10,29
1.0,15,29
1.0,3,30
1.0,20,30
1.0,20,31
1.0,24,31
1.0,1,32
1.0,5,32
1.0,21,33
1.0,23,33
1.0,31,33
1.0,7,34
1.0,13,34
1.0,14,34
1.0,25,35
1.0,26,35
1.0,27,36
1.0,32,36
1.0,11,37
1.0,26,37
1.0,17,38
1.0,4,39
1.0,11,39
1.0,14,40
1.0,16,40
1.0,18,40
1.0,24,41
1.0,28,41
1.0,8,42
1.0,18,42
1.0,35,42
1.0,30,43
1.0,38,43
1.0,39,43
1.0,16,44
1.0,17,44
1.0,22,44
1.0,0,45
1.0,37,45
1.0,41,45
1.0,6,46
1.0,22,46
1.0,0,47
1.0,10,47
1.0,11,47
1.0,19,48
1.0,38,48
1.0,46,48
1.0,6,49
1.0,7,49
1.0,36,49
