0.018206352734605136,1,4
0.43781878438537414,3,8
0.43700413663278925,7,8
0.55043291118446247,1,11
0.72383058766894404,4,13
0.10222715895955448,0,14
0.27595802877414188,6,15
0.20454033194720933,9,17
0.35804582591583711,12,18
0.99031285454741835,18,20
0.024944427170792371,0,21
0.70269351314933171,9,21
0.98385845766570057,8,22
0.76431133230018755,19,22
0.96958611839079234,3,23
0.90434558015104927,5,23
0.91151078823492071,16,24
0.22397227294746858,19,24
0.2405267302505828,14,25
0.79303122534255666,2,26
0.69443093245168763,9,26
0.25242182826729664,1,27
0.67224375762107091,20,27
0.68746608295271094,20,28
0.018243041784538727,24,28
0.56953679343616437,5,29
0.67564685167858973,13,29
0.31493706199196025,17,29
0.75263897630517718,10,30
0.39699637422836731,10,31
0.77076626685568927,13,31
0.99163176585986701,16,32
0.23707091065797992,22,33
0.36146730759191381,30,33
0.22305034867457363,17,34
0.42214241331513325,21,34
0.67284509241477719,2,35
0.66590377940307455,7,35
0.10979698316983355,5,36
0.16736015978404029,19,36
0.76071963898212802,34,36
0.9262301404989367,12,37
0.40606923398204231,23,37
0.011881805578381033,6,38
0.6624345676070601,15,38
0.032647555317999455,14,39
0.089180561608061648,32,39
0.85028261096694524,10,40
0.42037061756100935,15,40
0.41712537188222665,38,40
0.10014340268298416,11,41
0.3348813549857238,27,41
0.78255164572132885,31,41
0.63839459337145921,0,42
0.91648587221572764,25,42
0.39657351284830744,30,42
0.85072761741513314,6,43
0.54159534932625164,16,43
0.28422711244400911,35,43
0.11989081563982151,3,44
0.97309989189760249,26,44
0.12898838595721163,32,44
0.42503162471631817,2,45
0.030382993378764156,33,45
0.29676730104961868,28,46
0.56564129046416345,39,46
0.13598553367961252,11,47
0.38992299505776751,12,47
0.46896839031450943,46,47
0.46254842536326657,18,48
0.41121304614761767,25,48
0.82112496270538493,45,48
0.72823199767655378,4,49
0.39146941100320987,7,49
0.56790095939343233,37,49
