0.1371236842245962,3,6
0.31805151832279366,0,7
0.50679997631183882,2,8
0.20293442941385342,10,11
0.49882437234968602,11,13
0.66753408279452087,0,15
0.78546304290210989,2,16
0.10649632032852629,7,17
0.52244667606261541,14,17
0.14086055771870287,17,18
0.14915851714425277,6,19
0.34529373241149908,15,19
0.6916650686017618,2,20
0.26701207260424353,3,20
0.72330724490906606,10,21
0.073297067336435373,13,21
0.98370534620449612,9,22
0.80805681735206414,1,23
0.83233463708560618,5,23
0.97047794899051798,8,24
0.55867505752776292,4,25
0.54147530154245516,6,25
0.25800812448129073,10,26
0.68702249294578244,24,26
0.78766133513651948,4,27
0.36506919049058695,8,27
0.73214485667854756,12,27
0.75844367443672589,16,28
0.8171106051055721,9,29
0.8130994804328292,22,29
0.94564838214874269,29,30
0.29328877065008441,14,31
0.90366410951378917,18,31
0.57879086558514781,13,32
0.26225539586647595,22,32
0.34285017639726745,23,32
0.98434925240058524,24,33
0.69673270040991808,14,34
0.83805667498771119,33,34
0.0087309822011236715,4,35
0.000147404365996473,20,35
0.39956513471051391,18,36
0.75569699526051604,12,37
0.27591840441146109,19,37
0.28473360672863779,9,38
0.47048926068960639,26,38
0.19325709425439952,30,38
0.52343914378878142,5,39
0.99980363524323435,28,39
0.68332842444584374,31,39
0.67739712270814922,36,40
0.52430480592735884,5,41
0.92820826046115767,34,41
0.79080565863837726,40,41
0.53315370836092246,7,42
0.99045183642255819,15,42
0.61182724854876192,37,42
0.079239507862538749,1,43
0.38252228988116688,16,43
0.63608410206401345,30,44
0.35271879876395118,33,44
0.53108296539537359,0,45
0.58799973077285117,12,45
0.67658411265582008,43,45
0.33724341489814147,1,46
0.015936762151286143,3,46
0.4194620630923378,11,46
0.21905807701809366,28,47
0.23811219065718203,40,47
0.29676833689945481,25,48
0.79334323331849355,35,48
0.04154117994065154,36,48
0.66615819353966066,21,49
0.96171075845874676,44,49
0.69016477630893036,47,49
