0.90976140434493069,4,5
0.63390028027497791,6,9
0.15283237495566737,5,12
0.90084413653259665,2,13
0.025954694512034693,1,14
0.94207685330300972,13,16
0.14985359577225044,0,17
0.65839410614934624,8,17
0.94681536438584735,14,17
0.44489731397602983,16,18
0.042337157505827117,9,19
0.69242318547878856,2,21
0.64527568045980666,3,21
0.39947459905271998,14,21
0.70446012724866813,3,22
0.68890942373333131,8,23
0.4714790008521651,10,23
0.51596805257906697,18,24
0.17524026076411958,0,25
0.50950850484157451,1,25
0.7290167720493631,4,26
0.699416383966046,7,26
0.19376900865228119,15,26
0.23532624909233624,20,27
0.60351752874130271,11,28
0.18401813231548358,6,29
0.79580404869531951,22,29
0.42325722618953676,24,29
0.56068795520346915,22,30
0.34473531661263579,27,30
0.48167611694398282,4,31
0.063779764661028526,9,32
0.68292064884667736,23,32
0.016893560648107209,28,32
0.038144655172797637,12,33
0.4655646865979286,25,33
0.49195021211252277,19,34
0.55784021637793335,6,35
0.23987771978114769,8,35
0.79702468474499688,30,35
0.32509065733875941,2,36
0.97936028000991993,27,36
0.98828493970491005,31,36
0.79162261650799881,12,37
0.15922681662595795,3,38
0.87361032445201714,37,38
0.86755545043589544,10,39
0.87705668866171771,16,39
0.22621465501933613,19,39
0.14738233819585711,20,40
0.5841585315984934,7,41
0.070055241328688567,11,41
0.38524041284809052,40,41
0.27193175293145322,10,42
0.82374257460448475,40,42
0.97030113675193819,15,43
0.60675176745193937,34,43
0.36951312135029635,1,44
0.1421323348918534,13,44
0.78684091841861858,43,44
0.93787983223723104,18,45
0.60709771059441775,24,45
0.43806321524624481,28,45
0.29237798874859944,0,46
0.72173942779952571,15,46
0.88607546706302698,34,46
0.86120408074927046,31,47
0.8450020222538307,38,47
0.44932144025077836,42,47
0.061228756437956111,7,48
0.29351443381918174,20,48
0.67978618014823466,33,48
0.99250880314411294,5,49
0.58264383027334654,11,49
0.7524900649361066,37,49
