0.39647338865552284,5,6
0.24089244616448557,5,7
0.13677903811704195,6,9
0.90209591449992721,8,11
0.13389462290310272,5,12
0.11804806767933496,9,12
0.75704404122108127,7,16
0.6705718335794415,13,17
0.70817417813145278,0,19
0.90854751707544334,10,19
0.034663886406001598,4,20
0.38653080183346,13,21
0.64724201006714943,20,21
0.49444473927363086,2,22
0.81328187092104276,11,23
0.95018983850860983,11,24
0.82303081785678522,21,24
0.8167194967154936,15,26
0.33394081407836396,24,26
0.4673939076699134,2,27
0.52036911070640413,13,27
0.16876991408093456,18,27
0.11543141136521329,7,28
0.94257111185403242,12,28
0.40883640588471826,22,28
0.045895804882104208,10,29
0.12079202097260422,8,30
0.47305053640754902,23,30
0.61243133688637041,25,30
0.34178581708170053,2,31
0.2134228343839778,14,31
0.0065788213389147421,15,32
0.35132775262788651,1,33
0.89188995376835578,14,33
0.97577066968633031,4,34
0.9390764238935827,6,34
0.60654850962060158,19,34
0.59808316354796609,1,35
0.3710490024299159,9,35
0.68579856192925137,20,35
0.45743794915459446,0,36
0.16742321571681829,16,36
0.51117151424156548,16,37
0.97975264912792637,31,37
0.063603232891490058,33,37
0.80755237689703763,0,38
0.37701188127935037,18,38
0.55175538170929939,29,38
0.88863442852560248,4,39
0.32419940248881862,3,40
0.17205969212773919,29,40
0.32882353603507686,39,40
0.68310664237653695,15,41
0.37080887631482473,22,41
0.12139317172260899,25,41
0.72654387792863673,14,42
0.68397372691177871,18,42
0.84122431841996603,1,43
0.69469435525433654,23,43
0.11165730824708897,32,43
0.83082463670797602,17,44
0.21696746548939427,3,45
0.48452371726311916,17,45
0.01946490524890887,26,45
0.76698293180872767,32,46
0.81878725800714414,36,46
0.92013188569576587,39,46
0.44859370627210438,25,47
0.94926560321623155,42,47
0.42581568443301565,44,47
0.27937769116659494,8,48
0.7685527621612811,10,48
0.7300203217049156,3,49
0.85944201188289737,44,49
0.91023982716020579,48,49
