0.062031697237903805,0,5
0.061108452474789576,1,10
0.52182023753160556,8,10
0.077779163579461352,3,11
0.0040443973068381434,4,12
0.89060459013649229,7,12
0.20721527467701184,5,14
0.56551935361253025,6,14
0.79200817343035845,3,16
0.11840502213902093,6,16
0.90324792302432189,13,17
0.89977374797738263,8,18
0.49880874301381695,10,19
0.78232479699971591,11,20
0.42440832799710138,15,20
0.22212364700778175,18,21
0.63683281495957422,20,22
0.30965741107654499,11,24
0.21185083822258977,15,25
0.46486746023256531,9,26
0.90742681825580307,17,26
0.79928399311843445,0,27
0.19042943011680658,14,28
0.27221276182583642,23,28
0.86244725997401839,27,28
0.92281827447396148,6,29
0.88237021827838358,18,30
0.94485408130967563,19,30
0.69417144927297336,24,30
0.490671211703539,2,31
0.27442804689387224,7,31
0.034984395985201422,22,31
0.081663692464966076,2,32
0.13982596928912927,8,32
0.90725516967788311,21,32
0.56574962758658642,27,33
0.88159382892062543,1,34
0.7724154531158085,19,34
0.508568934197143,13,35
0.76235062902403317,17,35
0.62573937951252012,34,35
0.040954033542626611,7,36
0.018797923949888995,29,36
0.73643038628714275,33,37
0.83455771145419611,0,38
0.058966949083741782,4,38
0.50746620100412276,9,38
0.81181272403983584,4,39
0.80020828363104513,9,40
0.2338284837580803,39,40
0.84091310112621676,12,41
0.40865021817680069,15,41
0.014113818644917564,40,41
0.16375333479682519,24,42
0.093128575073540776,25,42
0.03901217776714494,5,43
0.96763207341965196,36,43
0.36022111549189029,37,43
0.63120645494834127,21,44
0.7286735568229401,39,44
0.6266467218093611,23,45
0.91845351073407056,25,45
0.087342988648538844,29,45
0.58374546135296845,3,46
0.050576658214588788,23,46
0.27805952516449517,42,46
0.043927718915033109,13,47
0.26725890747495318,16,47
0.10568225331665304,22,47
0.2240399082672706,2,48
0.5983972235577254,26,48
0.47302088468003234,37,48
0.24527293323261956,1,49
0.72518193281573196,33,49
0.50868462284087568,44,49
