0.72426645038217641,0,1
0.21964040022513842,4,5
0.77996630705785652,7,8
0.3504853387210759,1,10
0.90980752061048475,5,10
0.35601085665652443,8,10
0.22092480918195112,8,13
0.68095017186003481,9,13
0.95785704401681482,3,14
0.23083717852258145,3,15
0.8320220070982991,14,16
0.016349745283614436,12,17
0.21281648469112624,6,18
0.0068261136962973756,3,19
0.69605324775312394,13,19
0.90275842244254845,9,20
0.79513896263340555,12,21
0.21647487054233894,0,22
0.83257903415571355,7,23
0.59708299299066503,0,24
0.74784075512221337,5,25
0.569378032135612,6,25
0.75227590431653013,16,26
0.24497175882483624,11,28
0.80241726981025763,20,28
0.3557769738422687,15,29
0.11516666077608051,22,29
0.87221471113396598,11,30
0.38915262239399906,20,30
0.02671987959155786,7,31
0.81317862561077403,31,32
0.26839493531088376,15,33
0.84279032280804189,19,33
0.83234604133027057,2,34
0.45684730610149382,23,34
0.44079405252462345,17,35
0.11372159998221654,32,35
0.20808024417512139,14,36
0.92074984364189894,24,36
0.98089717195688975,27,36
0.65917931144082542,6,37
0.63243051786321935,18,37
0.80064296314563144,26,37
0.88300006437042911,25,38
0.75030710461561256,27,38
0.4394227582176129,32,38
0.91004704423774563,11,39
0.17825073971867267,18,39
0.36140213092235507,26,39
0.64574627825314512,21,40
0.9721512834366024,27,40
0.86956640828274334,22,41
0.29990653491802155,29,41
0.19288113779843041,34,41
0.26994442495179849,9,42
0.7090708084369699,16,42
0.14830835374230811,21,42
0.53297993529269827,35,43
0.69633788366829585,40,43
0.73142179012497999,4,44
0.43672818110406442,31,44
0.6953635444476558,2,45
0.44331048066213352,4,45
0.0087370595242226567,23,45
0.75296682018278194,24,46
0.30460294195274762,33,46
0.84878874601639109,44,46
0.30937246722119649,17,47
0.9722453836588415,30,47
0.38977534371056777,2,48
0.73270054911113536,12,48
0.85299679919198679,28,48
0.033265775407999465,1,49
0.76467162278436285,43,49
0.75023735059492769,47,49
