0.71444108191748268,1,5
0.96089567961441269,0,6
0.10541268279407401,4,7
0.34537768931291302,5,8
0.024357619858635271,9,11
0.97367664440960444,3,12
0.26027511491610034,1,14
0.36822214529599528,10,15
0.62815976878123392,2,16
0.27310898363841662,0,17
0.5829549420580058,5,17
0.016335634795140219,3,18
0.35352787633495353,12,19
0.53520165011278442,3,20
0.18692214705064292,9,21
0.94910916628657693,10,21
0.015523849741504891,20,24
0.25610939548869127,22,24
0.38767916467268571,4,25
0.72754054136069768,16,26
0.92390071968502041,6,27
0.91051821721020609,13,27
0.60864845736482698,16,27
0.80168687472457067,12,28
0.41009078851421688,20,28
0.80494146510129039,22,29
0.78397265565777685,25,29
0.41664168945827673,26,29
0.54460699639601184,11,30
0.50890713141640875,15,30
0.29801139855735947,18,30
0.49149400589229608,4,31
0.79434426567433136,9,31
0.86782620877534367,19,31
0.87565438700663745,19,32
0.42366671297152614,22,32
0.21718965010285041,2,33
0.70527080924124252,8,33
0.81898949961933254,24,33
0.021293442408628294,11,34
0.77989195049525062,1,35
0.0043395098022994683,14,36
0.2166588705332706,25,36
0.11768668374975255,21,37
0.09961713399369998,28,37
0.29420645787095789,35,37
0.13572275773122844,10,38
0.74304358041374508,23,38
0.2832856979973345,23,39
0.36888531530559709,38,39
0.24003255775355137,14,40
0.99069894554543536,13,41
0.71723028031856617,8,42
0.36945734404086106,17,42
0.55332327087226474,35,42
0.59431684238818538,32,43
0.12151811999481565,41,43
0.053078827235716552,0,44
0.84102497427398404,2,44
0.90759613108528614,13,44
0.68490676516701454,6,45
0.13942438009857394,7,45
0.42306827240586486,23,45
0.99543854236901264,15,46
0.9524910195694386,18,46
0.60572055385611545,26,46
0.29459344117456676,7,47
0.87771642508685399,36,47
0.044471162499376438,41,47
0.63170436795141427,34,48
0.46604501570479462,39,48
0.91768520827367306,40,48
0.8400322290886062,34,49
0.73757685059794453,40,49
0.24817481761786131,43,49
