1.0,1,7
1.0,2,7
1.0,0,9
1.0,2,10
1.0,2,11
1.0,3,12
1.0,8,12
1.0,3,13
1.0,4,13
1.0,1,14
1.0,8,14
1.0,6,16
1.0,5,18
1.0,4,20
1.0,4,22
1.0,21,22
1.0,12,23
1.0,3,24
1.0,11,24
1.0,17,25
1.0,19,25
1.0,9,27
1.0,19,27
1.0,15,28
1.0,26,28
1.0,26,30
1.0,0,31
1.0,15,31
1.0,21,31
1.0,1,32
1.0,6,32
1.0,29,32
1.0,5,33
1.0,26,33
1.0,0,34
1.0,16,34
1.0,24,35
1.0,25,35
1.0,7,36
1.0,19,36
1.0,20,36
1.0,17,37
1.0,23,37
1.0,30,37
1.0,11,38
1.0,29,38
1.0,8,39
1.0,38,39
1.0,15,40
1.0,23,40
1.0,18,41
1.0,21,41
1.0,22,41
1.0,29,42
1.0,30,42
1.0,5,43
1.0,13,43
1.0,18,43
1.0,10,44
1.0,39,44
1.0,9,45
1.0,16,45
1.0,44,45
1.0,6,46
1.0,27,46
1.0,33,46
1.0,10,47
1.0,17,47
1.0,35,47
1.0,28,48
1.0,34,48
1.0,40,48
1.0,14,49
1.0,20,49
1.0,42,49
