1.0,1,2
1.0,4,5
1.0,1,6
1.0,2,9
1.0,6,10
1.0,7,10
1.0,4,12
1.0,7,16
1.0,5,17
1.0,12,19
1.0,12,21
1.0,16,21
1.0,19,21
1.0,13,22
1.0,4,25
1.0,19,25
1.0,24,25
1.0,0,26
1.0,11,26
1.0,20,26
1.0,9,27
1.0,20,27
1.0,22,27
1.0,15,28
1.0,23,28
1.0,7,29
1.0,20,29
1.0,14,30
1.0,3,31
1.0,8,31
1.0,18,31
1.0,17,32
1.0,1,34
1.0,14,34
1.0,30,34
1.0,0,35
1.0,15,35
1.0,28,35
1.0,11,37
1.0,17,37
1.0,32,37
1.0,10,38
1.0,14,39
1.0,24,39
1.0,32,39
1.0,2,40
1.0,33,40
1.0,38,40
1.0,3,41
1.0,8,41
1.0,38,41
1.0,3,42
1.0,18,42
1.0,33,42
1.0,11,43
1.0,24,43
1.0,33,43
1.0,16,44
1.0,23,44
1.0,30,44
1.0,5,45
1.0,8,45
1.0,18,45
1.0,0,46
1.0,15,46
1.0,36,46
1.0,9,47
1.0,13,47
1.0,36,47
1.0,13,48
1.0,22,48
1.0,29,48
1.0,6,49
1.0,23,49
1.0,36,49
