1.0,0,2
1.0,2,3
1.0,1,7
1.0,6,9
1.0,4,10
1.0,3,15
1.0,5,18
1.0,13,19
1.0,14,20
1.0,6,21
1.0,14,21
1.0,5,24
1.0,12,24
1.0,7,25
1.0,15,25
1.0,18,25
1.0,1,26
1.0,18,26
1.0,11,27
1.0,16,28
1.0,27,28
1.0,2,29
1.0,14,29
1.0,19,30
1.0,9,31
1.0,23,31
1.0,4,32
1.0,10,32
1.0,30,32
1.0,20,33
1.0,3,34
1.0,12,34
1.0,28,34
1.0,5,35
1.0,11,35
1.0,16,35
1.0,4,36
1.0,30,36
1.0,33,36
1.0,8,37
1.0,17,37
1.0,23,37
1.0,0,38
1.0,17,38
1.0,20,38
1.0,13,39
1.0,15,39
1.0,22,39
1.0,13,40
1.0,17,40
1.0,10,41
1.0,11,41
1.0,22,42
1.0,24,42
1.0,31,42
1.0,7,43
1.0,22,43
1.0,9,44
1.0,21,44
1.0,41,44
1.0,0,45
1.0,12,45
1.0,43,45
1.0,8,46
1.0,26,46
1.0,40,46
1.0,16,47
1.0,27,47
1.0,33,47
1.0,1,48
1.0,8,48
1.0,29,48
1.0,6,49
1.0,19,49
1.0,23,49
