0.13727456059657661,0,2
0.012316179271408711,6,7
0.5121958173703054,9,11
0.090197561606955134,9,12
0.43716337603360822,2,13
0.83924480636719645,4,13
0.11315248567083092,8,13
0.85627389508881024,7,15
0.6886028752697122,10,15
0.78382105000855418,10,16
0.67640139697035306,12,18
0.29020386325559255,16,18
0.43385141408395145,2,20
0.20462349434134108,11,21
0.73906702697367777,16,21
0.22139283876094795,17,21
0.24324772539638206,14,23
0.52315026840175738,5,24
0.36887707868526054,8,24
0.47387098434063857,17,25
0.87825227897781066,18,26
0.83650712743724875,19,26
0.83282550616297069,20,26
0.62415903986196775,3,27
0.094048021843733953,4,27
0.84208050367064236,22,27
0.36366730482753717,0,28
0.25037468873810764,6,28
0.30481034785169081,8,28
0.05506677075203803,1,29
0.2158834831462475,10,29
0.69894921473627791,15,29
0.09017881911634551,5,30
0.93892315349498867,22,30
0.72658147203108814,19,31
0.47226386714023039,11,32
0.3586455651760948,31,33
0.812031267777516,1,34
0.73406008709033321,6,34
0.017706535324484851,25,34
0.23116742735726536,32,35
0.85666107928775659,30,36
0.83083403928767119,0,37
0.74176714647199748,35,37
0.47823626467018332,14,38
0.68286598641537255,23,38
0.40051720205466412,31,38
0.89192719291385236,12,39
0.071148226164011397,22,39
0.70007818893212115,24,40
0.23402631660671924,37,40
0.83916136019464371,39,40
0.90722123427583201,19,41
0.69221484017250701,33,41
0.51878846821182412,3,42
0.86485567127681895,5,42
0.45855382104554299,20,42
0.23584938644761155,32,43
0.84666593046633287,9,44
0.66750293041513142,14,44
0.21460663606748742,41,44
0.591767794427289,1,45
0.33985446256193896,36,45
0.63125833293271716,25,46
0.047424444235769858,43,46
0.89201215458660343,45,46
0.66977192464197488,7,47
0.68215062212327815,23,47
0.28740670021386916,33,47
0.68375075721370349,4,48
0.27452932243349226,17,48
0.030302043167824366,36,48
0.26261366651733919,3,49
0.56779416788372905,35,49
0.86727742575616995,43,49
