0.51019376371378589,0,3
0.77162659949632229,2,7
0.22977936373084362,4,9
0.30157680594187941,0,11
0.44074098544744045,5,11
0.95863642487312484,11,12
0.045703947317886295,4,13
0.73859047669845213,12,14
0.70539518247634325,8,15
0.50072177582695332,7,16
0.97450198524174281,0,17
0.80620104062092912,15,17
0.4522677476195105,12,18
0.50046727668478586,5,19
0.90408692798055756,7,20
0.27648326828893333,10,20
0.78545329224906446,13,20
0.39441014492088222,3,21
0.75111731445402519,6,21
0.51780824610117104,9,21
0.15798625512069997,1,22
0.4462890239348738,13,22
0.77298388834262866,2,23
0.45002610801021159,15,23
0.75625001707114681,22,23
0.55850198588620592,6,25
0.20580553642029975,8,25
0.931035342292445,1,26
0.95141046859540612,3,27
0.45574888054153895,6,27
0.83366506861650236,18,28
0.024397901165287617,27,28
0.462960776357072,4,29
0.23771531426400838,24,29
0.61745263451528543,30,31
0.20168919377994121,14,32
0.11353731438378423,29,32
0.18297412789517942,1,34
0.087218542631078866,30,34
0.5923220243928472,32,35
0.77127017673551812,33,35
0.059501811830286799,17,36
0.58148369728766869,24,36
0.14048030344785201,35,36
0.96838789164420302,2,37
0.021806592059395391,14,37
0.52269004032188604,28,38
0.88012836989015253,37,38
0.096601682277056566,8,39
0.16023693036950803,9,39
0.54763725876224589,25,40
0.87038626527904972,38,40
0.20424724217025125,24,41
0.29256257217809756,31,41
0.54350982675765491,40,41
0.99097465357353942,19,42
0.83171976115672097,5,43
0.014414045472709303,26,43
0.81837632711928865,16,44
0.75951062494431976,18,44
0.46470359558077723,26,44
0.44923633407352903,16,45
0.017408769761671494,39,45
0.4454794097019027,42,45
0.9416542410111044,10,46
0.068579393063042393,19,46
0.20991098679403197,30,46
0.35084661925486027,10,47
0.81294703855928541,33,47
0.27842321452230467,42,47
0.99463025429124285,31,48
0.84456846203752334,33,48
0.40896170886799343,34,49
0.53993929784215111,43,49
0.52172146077486237,48,49
