0.52210898193851074,1,3
0.90395185770534914,4,5
0.65064262210235357,1,6
0.91806341098161848,0,7
0.93477815421517241,4,8
0.17896169865105782,7,8
0.474779999214614,7,9
0.29880257699436397,9,10
0.79781938188806745,11,12
0.74719605174173109,10,13
0.6864255810447123,6,14
0.49117210949308965,9,14
0.46629675721096642,3,16
0.95225714143070028,10,16
0.10082107983711652,1,18
0.8844949269187844,8,19
0.7259978929638411,2,20
0.098008494232161181,12,22
0.95751345522951525,13,23
0.76793112581590151,15,23
0.29717243687397021,4,24
0.2486667035675536,12,24
0.9456074342161177,11,25
0.077961254999968421,21,25
0.65169456890420141,11,26
0.59847519172565322,22,27
0.6697087983708675,0,28
0.44599341936775216,3,28
0.6632996057090299,18,30
0.65204139369422387,21,30
0.75762251398333613,16,31
0.59396018188845556,17,31
0.66810050811863098,14,32
0.015579574866229073,0,33
0.75464243198236569,19,33
0.23733218275113066,6,34
0.1764218169247681,26,34
0.8817326473689473,5,35
0.88974671360330582,34,35
0.63025624876364894,2,36
0.92734445822091749,31,36
0.054119774779201935,13,37
0.66063251760647457,26,38
0.97100801825621008,29,38
0.64380955453419109,15,39
0.61509389820645455,22,39
0.48625000648650807,27,39
0.47432449227365492,19,40
0.13333243480961976,29,40
0.54007569227021368,32,41
0.45319168671699284,38,41
0.12759329140535181,17,42
0.88624289598248818,21,42
0.46604283389623546,25,42
0.36452647019034812,2,43
0.53727133684644723,30,43
0.73851072380680272,37,43
0.95438104299042459,5,44
0.25028908245897441,17,44
0.90564562961267792,20,44
0.37175533856666554,24,45
0.9455249970194789,29,45
0.085620893534905429,41,45
0.12526944144741803,18,46
0.075342073034560419,32,46
0.85410863065218312,35,46
0.14884535823434253,23,47
0.63676667514279628,33,47
0.44803252473931243,37,47
0.35527646221035636,20,48
0.11537749379002604,28,48
0.76624946994361587,36,48
0.67670367362575068,15,49
0.034484670905268633,27,49
0.71720609920371914,40,49
