1.0,0,8
1.0,10,11
1.0,11,12
1.0,4,13
1.0,5,13
1.0,2,15
1.0,8,15
1.0,0,16
1.0,6,17
1.0,13,18
1.0,9,19
1.0,7,20
1.0,19,20
1.0,5,21
1.0,2,22
1.0,6,23
1.0,22,23
1.0,20,24
1.0,9,25
1.0,12,25
1.0,22,25
1.0,10,26
1.0,4,27
1.0,23,27
1.0,6,28
1.0,16,29
1.0,19,29
1.0,3,30
1.0,28,30
1.0,0,31
1.0,10,31
1.0,12,31
1.0,1,32
1.0,18,32
1.0,27,33
1.0,2,34
1.0,7,35
1.0,8,35
1.0,16,36
1.0,18,36
1.0,26,36
1.0,1,37
1.0,32,37
1.0,5,38
1.0,3,39
1.0,34,39
1.0,37,39
1.0,4,40
1.0,14,40
1.0,21,40
1.0,3,41
1.0,21,41
1.0,24,41
1.0,15,42
1.0,17,42
1.0,11,43
1.0,14,43
1.0,30,43
1.0,1,44
1.0,24,44
1.0,26,45
1.0,28,45
1.0,38,45
1.0,29,46
1.0,33,46
1.0,35,46
1.0,14,47
1.0,17,47
1.0,44,47
1.0,7,48
1.0,33,48
1.0,42,48
1.0,9,49
1.0,34,49
1.0,38,49
