1.0,1,4
1.0,3,8
1.0,7,8
1.0,1,11
1.0,4,13
1.0,0,14
1.0,6,15
1.0,9,17
1.0,12,18
1.0,18,20
1.0,0,21
1.0,9,21
1.0,8,22
1.0,19,22
1.0,3,23
1.0,5,23
1.0,16,24
1.0,19,24
1.0,14,25
1.0,2,26
1.0,9,26
1.0,1,27
1.0,20,27
1.0,20,28
1.0,24,28
1.0,5,29
1.0,13,29
1.0,17,29
1.0,10,30
1.0,10,31
1.0,13,31
1.0,16,32
1.0,22,33
1.0,30,33
1.0,17,34
1.0,21,34
1.0,2,35
1.0,7,35
1.0,5,36
1.0,19,36
1.0,34,36
1.0,12,37
1.0,23,37
1.0,6,38
1.0,15,38
1.0,14,39
1.0,32,39
1.0,10,40
1.0,15,40
1.0,38,40
1.0,11,41
1.0,27,41
1.0,31,41
1.0,0,42
1.0,25,42
1.0,30,42
1.0,6,43
1.0,16,43
1.0,35,43
1.0,3,44
1.0,26,44
1.0,32,44
1.0,2,45
1.0,33,45
1.0,28,46
1.0,39,46
1.0,11,47
1.0,12,47
1.0,46,47
1.0,18,48
1.0,25,48
1.0,45,48
1.0,4,49
1.0,7,49
1.0,37,49
