1.0,0,3
1.0,1,4
1.0,1,5
1.0,3,9
1.0,7,9
1.0,5,10
1.0,0,12
1.0,6,12
1.0,8,14
1.0,13,17
1.0,6,18
1.0,15,19
1.0,19,20
1.0,4,23
1.0,2,24
1.0,6,25
1.0,18,25
1.0,1,26
1.0,15,27
1.0,13,28
1.0,23,28
1.0,5,29
1.0,20,30
1.0,8,31
1.0,16,32
1.0,17,32
1.0,21,33
1.0,22,33
1.0,29,33
1.0,2,34
1.0,9,34
1.0,27,34
1.0,14,35
1.0,22,35
1.0,29,35
1.0,0,36
1.0,8,36
1.0,30,36
1.0,3,37
1.0,26,37
1.0,28,37
1.0,10,38
1.0,32,38
1.0,7,39
1.0,25,39
1.0,12,40
1.0,16,40
1.0,24,40
1.0,11,41
1.0,13,41
1.0,22,41
1.0,18,42
1.0,21,42
1.0,24,42
1.0,15,43
1.0,16,43
1.0,20,43
1.0,11,44
1.0,19,44
1.0,23,44
1.0,4,45
1.0,17,45
1.0,30,45
1.0,21,46
1.0,27,46
1.0,31,46
1.0,2,47
1.0,7,47
1.0,38,47
1.0,10,48
1.0,31,48
1.0,39,48
1.0,11,49
1.0,14,49
1.0,26,49
