1.0,0,2
1.0,5,7
1.0,1,8
1.0,5,9
1.0,3,10
1.0,4,11
1.0,11,12
1.0,1,13
1.0,7,16
1.0,9,16
1.0,2,18
1.0,4,18
1.0,8,18
1.0,17,20
1.0,6,21
1.0,13,21
1.0,21,22
1.0,14,24
1.0,17,25
1.0,3,26
1.0,4,26
1.0,11,26
1.0,13,27
1.0,23,27
1.0,9,28
1.0,19,28
1.0,16,29
1.0,19,29
1.0,23,29
1.0,5,30
1.0,7,30
1.0,23,31
1.0,6,32
1.0,14,32
1.0,8,33
1.0,10,33
1.0,15,33
1.0,15,34
1.0,20,34
1.0,31,34
1.0,19,36
1.0,22,36
1.0,0,37
1.0,36,37
1.0,1,38
1.0,22,38
1.0,12,39
1.0,35,39
1.0,24,40
1.0,32,40
1.0,14,41
1.0,39,41
1.0,20,42
1.0,27,42
1.0,31,42
1.0,10,43
1.0,37,43
1.0,25,44
1.0,28,44
1.0,41,44
1.0,2,45
1.0,17,45
1.0,40,45
1.0,6,46
1.0,24,46
1.0,25,46
1.0,12,47
1.0,35,47
1.0,43,47
1.0,0,48
1.0,3,48
1.0,30,48
1.0,15,49
1.0,35,49
1.0,38,49
