0.51575822380807079,2,4
0.33462302358234419,7,8
0.32947094681864075,3,12
0.75671215863879782,6,14
0.69400075297978936,8,14
0.62563267500373243,12,15
0.38018053826064102,0,16
0.13693040274786517,1,16
0.49361926273896672,12,17
0.7343741555591885,3,19
0.32717396624832695,8,19
0.585312281403085,9,19
0.58395584254069843,10,20
0.31512974785124837,3,21
0.48798497736851099,15,21
0.014758198026355474,1,22
0.37910614523380048,4,23
0.34815834292302184,15,23
0.83773821309303831,1,24
0.58662932253529576,20,24
0.38200641460287943,0,25
0.49217427293942084,17,25
0.52138599505571614,5,27
0.11564801469535402,22,27
0.24203338528004437,0,28
0.71246548485740946,21,28
0.1495123325734824,17,29
0.65983000608910469,20,29
0.0031112865634752573,16,30
0.33282095386296884,28,30
0.11489021152242895,5,31
0.92568481480082843,23,31
0.59684599012856576,24,31
0.93137811381204538,6,32
0.72842735973400319,7,32
0.82445192712683868,25,33
0.91630196020768928,26,33
0.62342620799482729,32,33
0.36207238789478657,26,34
0.68626452944874139,2,35
0.85296888896053924,18,35
0.62228432271063006,7,36
0.80032652670794446,34,36
0.68686215372275727,10,37
0.80486376735002374,13,38
0.44691309572501881,22,38
0.55583249087375541,26,38
0.0047366390868696095,9,39
0.13252515518755326,36,39
0.15151354398904182,9,40
0.65878271059393545,13,40
0.68974055149367686,5,41
0.71278957679998567,11,41
0.0048117330566898042,27,41
0.76989999842440393,11,42
0.72421932645132636,13,42
0.086613334588642177,11,43
0.28489585955761809,37,43
0.71715220511781441,4,44
0.093819339270081903,10,44
0.95761626976564451,30,44
0.54399472061408094,29,45
0.80926279467288753,43,45
0.88043644292032386,2,46
0.19461843686072777,6,46
0.55500756262174711,18,46
0.1191884025472767,18,47
0.4049815528821965,35,47
0.14809512566387861,39,47
0.18332911141369856,34,48
0.29056768478740669,40,48
0.47709621352139153,42,48
0.080666041532150512,14,49
0.29124303344627345,37,49
0.32532635358516604,45,49
