0.78838362478197543,1,4
0.29770033343089541,6,9
0.80677522737504581,3,11
0.69901211700943444,10,12
0.40625886006968803,9,14
0.40477800183517587,6,16
0.80599805436935945,4,17
0.71189349899208632,12,17
0.32993381791332643,14,17
0.14478184684750461,8,19
0.39383307862852257,15,19
0.27547784718101986,2,20
0.81222416502470429,5,20
0.04326934963784812,0,23
0.69810832639989973,1,23
0.84121118984192367,9,24
0.3940163945624644,12,25
0.87531378583801689,21,25
0.29098172569426328,13,26
0.46880378294874969,21,26
0.58912545158456653,19,27
0.23368820759435172,16,28
0.36054629787502157,22,28
0.085224577084260567,21,29
0.018040040720764039,25,29
0.013016951716455227,15,30
0.086718948115256822,5,31
0.57425014614217218,7,31
0.58054982208015327,10,31
0.33911421659706309,3,32
0.011264466551667796,8,32
0.89657657207788755,11,32
0.15809639851433965,18,33
0.233968066454741,18,34
0.86620207137257532,33,34
0.32550697536623174,22,35
0.36384970409078587,30,35
0.3420831926507949,11,36
0.30889620899893466,27,36
0.67422686210634264,28,36
0.62360414479149473,10,37
0.047190807418944103,13,37
0.15472538854862072,18,37
0.54603375040321367,3,38
0.48905814194166342,8,38
0.2699720357522325,14,38
0.64424429289828311,2,39
0.75975855387666524,23,39
0.71913789919912352,15,40
0.80683049673990048,35,40
0.65730538928619597,0,41
0.43236627468033895,2,41
0.45664446477237886,13,41
0.18269415422725443,5,42
0.0021181906281226848,27,42
0.0098798105862769603,22,43
0.68334859787147284,29,43
0.90033417695155615,6,44
0.89829293882495453,7,44
0.43814440221479767,43,44
0.37245495474518453,20,45
0.74046614678074807,24,45
0.20952776604927492,39,45
0.62476593211107423,1,46
0.17625962337904177,24,46
0.48087178875675163,30,46
0.5394813424824253,4,47
0.43182183644809535,7,47
0.5162588734326331,26,47
0.13271667251316577,16,48
0.82864799409585832,40,48
0.49437044422402709,42,48
0.98645952624671562,0,49
0.24651341502471347,33,49
0.3988124680591032,34,49
