1.0,1,7
1.0,2,8
1.0,7,8
1.0,4,11
1.0,6,11
1.0,9,13
1.0,0,16
1.0,1,17
1.0,15,17
1.0,5,18
1.0,11,18
1.0,15,20
1.0,4,22
1.0,9,22
1.0,14,22
1.0,1,23
1.0,2,23
1.0,10,24
1.0,12,24
1.0,12,26
1.0,10,27
1.0,25,27
1.0,18,28
1.0,21,28
1.0,3,29
1.0,6,29
1.0,5,30
1.0,21,30
1.0,10,31
1.0,25,31
1.0,9,32
1.0,20,32
1.0,2,33
1.0,3,33
1.0,29,33
1.0,0,34
1.0,12,34
1.0,15,34
1.0,26,35
1.0,25,36
1.0,26,36
1.0,36,37
1.0,3,38
1.0,14,38
1.0,37,38
1.0,4,39
1.0,19,39
1.0,31,39
1.0,8,40
1.0,19,40
1.0,0,41
1.0,14,41
1.0,5,42
1.0,16,42
1.0,40,42
1.0,20,43
1.0,30,43
1.0,32,43
1.0,13,44
1.0,28,44
1.0,35,45
1.0,37,45
1.0,44,45
1.0,6,46
1.0,16,46
1.0,23,46
1.0,13,47
1.0,21,47
1.0,27,47
1.0,7,48
1.0,17,48
1.0,24,48
1.0,19,49
1.0,35,49
1.0,41,49
