0.55246576745021658,1,2
0.096344555882465377,3,9
0.94511540800841187,5,11
0.0032161832887558361,11,12
0.58379465052943913,4,13
0.31435672070303888,10,13
0.4549064394657143,1,14
0.99528279907627626,4,14
0.50407083676614206,5,14
0.19500355809847769,3,16
0.79856215649707352,8,16
0.42935578680514974,6,17
0.83740386231818631,15,17
0.88255209922054789,12,18
0.62003390214096588,12,19
0.66859545201391135,13,21
0.91166282860149694,21,23
0.74160457169887795,7,24
0.61037021978660599,16,24
0.2395681629832096,6,25
0.69022643691497509,0,26
0.58253702226274995,19,26
0.39623375509098202,15,27
0.73680938250366124,18,27
0.71040093643437829,23,28
0.039870232913704506,3,29
0.22395990507315,10,29
0.39757185960943286,20,29
0.59911102106500791,22,30
0.3182838076575778,2,31
0.069637113423684394,8,32
0.70339808120722724,19,32
0.86605836311621909,22,33
0.01310601402253353,30,33
0.849837542204262,7,34
0.46967587282571399,11,34
0.10807457469602233,20,34
0.56224153170781677,15,35
0.5999361488128141,5,36
0.44266725877833668,2,37
0.92249743702552334,17,37
0.20214906892781348,33,37
0.8837861761811282,20,38
0.57644270052108459,22,38
0.89622532232516616,31,38
0.26798092148826036,1,39
0.79300322721791305,6,39
0.35792859962360679,36,39
0.78256373342613639,21,40
0.24010677247540591,35,40
0.34755122969076624,24,41
0.57269854862038017,28,41
0.61530653882294373,30,41
0.40842158289551722,0,42
0.27570529382215025,35,42
0.78593362740470485,18,43
0.55293559422550798,25,43
0.21208012165861745,32,43
0.71769302669131874,23,44
0.092608595171516872,26,44
0.42499457184341016,27,44
0.21177658682912703,10,45
0.76617109176706832,40,45
0.23137108352626978,42,45
0.37003454721817075,9,46
0.31142390205063031,31,46
0.54622916791038334,0,47
0.4664972627598144,4,47
0.23770839902315022,9,47
0.21163204902583732,7,48
0.24362529279769074,25,48
0.69164020778363955,36,48
0.97777702115668874,8,49
0.26026695335958205,28,49
0.24291242062613172,46,49
