1.0,2,4
1.0,4,7
1.0,6,10
1.0,8,11
1.0,5,12
1.0,8,15
1.0,5,17
1.0,11,17
1.0,1,19
1.0,4,19
1.0,0,20
1.0,13,20
1.0,18,21
1.0,5,22
1.0,13,22
1.0,21,22
1.0,2,23
1.0,10,23
1.0,17,24
1.0,15,26
1.0,21,26
1.0,1,27
1.0,3,27
1.0,16,27
1.0,13,28
1.0,3,29
1.0,2,30
1.0,19,30
1.0,25,30
1.0,9,31
1.0,20,31
1.0,15,32
1.0,28,32
1.0,29,32
1.0,3,34
1.0,6,34
1.0,33,34
1.0,33,35
1.0,14,36
1.0,23,36
1.0,10,37
1.0,24,37
1.0,14,38
1.0,25,38
1.0,35,38
1.0,6,39
1.0,7,40
1.0,31,40
1.0,12,41
1.0,14,41
1.0,36,41
1.0,24,42
1.0,26,42
1.0,37,42
1.0,12,43
1.0,16,43
1.0,28,43
1.0,0,44
1.0,11,44
1.0,29,44
1.0,8,45
1.0,18,45
1.0,39,45
1.0,16,46
1.0,25,46
1.0,39,46
1.0,0,47
1.0,9,47
1.0,18,47
1.0,1,48
1.0,9,48
1.0,40,48
1.0,7,49
1.0,33,49
1.0,35,49
