0.97346850820930553,2,4
0.99732044603014769,6,8
0.04716160472922748,0,9
0.48818559523895588,8,11
0.55557591244308913,5,13
0.20928896046121037,0,14
0.60977056121982143,9,14
0.7806601167191719,3,17
0.8479272720495481,14,17
0.58929808054257804,5,18
0.1187412457987872,10,18
0.67827855712815721,16,19
0.81863438874365357,12,20
0.082817296363849269,9,21
0.45638223274834644,12,21
0.59903536345568209,5,22
0.23940798708981625,2,23
0.82312387445591573,21,23
0.45100244031951164,12,25
0.84294388782732965,19,25
0.35946078669901438,1,26
0.71620476260238541,11,26
0.54008422192286443,2,27
0.86016985809075475,3,28
0.40524565949621816,22,28
0.018235326229811055,11,29
0.97928678878965736,10,30
0.59194760414550507,29,30
0.68700647917968871,15,31
0.41080446012090976,18,31
0.89841118373627071,1,32
0.58655759731320545,23,32
0.70932470020153326,27,32
0.047634160472313281,28,33
0.11169635653959908,3,35
0.79970955479877981,7,35
0.15602979343610968,13,35
0.27519599027308317,15,36
0.87795800274471603,20,36
0.11529209877928615,33,36
0.90097369920636716,15,37
0.70047349907317658,34,37
0.96149664444810734,8,38
0.99391809082939109,10,38
0.46431345432672577,24,38
0.87070478168749554,30,39
0.48871183815267205,34,39
0.41336099056507092,4,40
0.44959470448504868,16,40
0.71225227318451534,6,41
0.30184690126887725,13,41
0.35712855841650559,37,41
0.45005060276548348,25,42
0.33736767957487634,29,42
0.16175272774251548,31,42
0.40591813512193253,7,43
0.054299134619308909,40,43
0.21591156051826987,7,44
0.56605963753965927,16,44
0.82836662146552298,34,44
0.97641355804470975,19,45
0.8763668994826983,24,45
0.43017105209030015,39,45
0.58400226037292857,6,46
0.58647237705873911,17,46
0.40448095076374535,33,46
0.20481606992019563,20,47
0.79433026612733681,27,47
0.77454019364147342,43,47
0.069552179046998397,0,48
0.12895917372115784,4,48
0.074000507927817982,26,48
0.76475055178901397,1,49
0.98737131073517836,22,49
0.74247556298094142,24,49
