1.0,1,2
1.0,6,10
1.0,2,12
1.0,11,12
1.0,13,14
1.0,3,15
1.0,0,16
1.0,0,17
1.0,2,17
1.0,10,18
1.0,16,18
1.0,5,19
1.0,8,21
1.0,9,21
1.0,13,22
1.0,18,22
1.0,8,23
1.0,9,23
1.0,17,24
1.0,20,25
1.0,20,26
1.0,24,26
1.0,25,26
1.0,19,27
1.0,4,28
1.0,5,29
1.0,11,30
1.0,15,30
1.0,28,30
1.0,0,31
1.0,5,32
1.0,9,32
1.0,13,32
1.0,3,33
1.0,6,34
1.0,12,34
1.0,1,35
1.0,28,35
1.0,7,36
1.0,19,37
1.0,27,37
1.0,36,37
1.0,4,38
1.0,10,38
1.0,22,39
1.0,31,39
1.0,6,40
1.0,8,40
1.0,14,40
1.0,24,41
1.0,31,41
1.0,34,41
1.0,1,42
1.0,25,42
1.0,33,42
1.0,7,43
1.0,11,43
1.0,14,43
1.0,3,44
1.0,21,44
1.0,33,44
1.0,4,45
1.0,15,45
1.0,27,45
1.0,23,46
1.0,29,46
1.0,7,47
1.0,39,47
1.0,46,47
1.0,29,48
1.0,36,48
1.0,38,48
1.0,16,49
1.0,20,49
1.0,35,49
