1.0,1,2
1.0,2,5
1.0,3,6
1.0,7,11
1.0,8,12
1.0,4,14
1.0,0,15
1.0,9,17
1.0,12,17
1.0,3,19
1.0,17,19
1.0,5,20
1.0,3,21
1.0,20,21
1.0,18,23
1.0,4,24
1.0,9,24
1.0,25,27
1.0,15,28
1.0,18,28
1.0,22,28
1.0,8,29
1.0,7,30
1.0,9,30
1.0,16,30
1.0,11,31
1.0,29,31
1.0,6,32
1.0,13,32
1.0,2,33
1.0,16,33
1.0,10,34
1.0,15,34
1.0,33,34
1.0,7,35
1.0,13,35
1.0,23,36
1.0,10,37
1.0,14,37
1.0,20,37
1.0,0,38
1.0,8,38
1.0,35,38
1.0,5,39
1.0,18,39
1.0,36,39
1.0,14,40
1.0,21,40
1.0,27,40
1.0,16,41
1.0,26,41
1.0,10,42
1.0,27,42
1.0,36,42
1.0,11,43
1.0,25,43
1.0,26,43
1.0,13,44
1.0,19,44
1.0,41,44
1.0,12,45
1.0,22,45
1.0,25,45
1.0,0,46
1.0,24,46
1.0,26,46
1.0,1,47
1.0,4,47
1.0,22,47
1.0,23,48
1.0,31,48
1.0,32,48
1.0,1,49
1.0,6,49
1.0,29,49
