0.79090062106551406,2,8
0.5764565240196533,1,13
0.11759582595770623,5,13
0.52119546950746132,5,14
0.45299306015330876,9,14
0.47146457817804066,11,14
0.56931121530976836,0,15
0.093984445306004027,9,15
0.2464537200242688,4,16
0.38548994818289539,8,19
0.73367183494922261,5,20
0.13537706998969801,12,22
0.57307673858354924,18,22
0.55609898499951882,8,23
0.76728469143862377,3,24
0.042623479343439907,2,25
0.69658695457485176,23,25
0.71264286328401949,11,26
0.85861838978952609,21,26
0.12066568969348046,24,26
0.73340080210910663,7,27
0.44900847297024382,7,28
0.48087155202374177,0,29
0.59721225329200389,11,29
0.30389404606407389,25,29
0.22570522494375678,1,30
0.5755419438393482,20,30
0.97220099247740033,6,31
0.1538586265358507,19,31
0.3165326586243542,15,32
0.47573632250300757,2,33
0.071069935769234927,27,33
0.72188704619366162,18,34
0.63674255092973875,21,34
0.61417642202464595,33,34
0.89976021390002481,1,35
0.33331033921136921,3,35
0.90274234479042004,30,35
0.64033355042767404,10,36
0.66474093401992429,27,36
0.03539754778324633,32,36
0.70069322918285659,10,37
0.99597644902366955,17,37
0.8480184911581875,4,38
0.18975488357994674,6,38
0.68909250499625074,20,38
0.30281326661321561,6,39
0.95844311345819244,31,39
0.30521926832646074,28,40
0.41696723151588799,19,41
0.69398894320948734,22,41
0.53982425506541609,39,41
0.95567247629057295,16,42
0.38588274903294861,21,42
0.9633622748525793,23,42
0.10904476480000269,13,43
0.58232673471719754,16,43
0.3443374511572902,40,43
0.53390741987206503,3,44
0.12312946906155686,18,44
0.11187171612677482,12,45
0.35588899431975585,17,45
0.58136991540728378,44,45
0.082819626840967442,9,46
0.15584517818953647,10,46
0.28265825162164515,37,46
0.59504142873344512,4,47
0.10233853645349922,24,47
0.068329942170932578,32,47
0.107865563464562,7,48
0.19789292543852643,17,48
0.62413052290212767,40,48
0.19444591095063857,0,49
0.95543551342916699,12,49
0.65623020796249754,28,49
