1.0,0,1
1.0,2,3
1.0,2,7
1.0,5,7
1.0,11,13
1.0,0,14
1.0,0,15
1.0,3,15
1.0,1,16
1.0,8,17
1.0,9,17
1.0,5,18
1.0,9,19
1.0,12,19
1.0,19,21
1.0,17,23
1.0,3,24
1.0,10,24
1.0,21,25
1.0,4,26
1.0,12,27
1.0,24,27
1.0,25,28
1.0,6,29
1.0,8,29
1.0,4,30
1.0,6,30
1.0,10,31
1.0,16,31
1.0,29,32
1.0,8,33
1.0,32,33
1.0,1,34
1.0,5,34
1.0,26,34
1.0,12,35
1.0,23,35
1.0,32,35
1.0,13,36
1.0,27,36
1.0,33,36
1.0,9,37
1.0,18,37
1.0,23,37
1.0,6,38
1.0,20,38
1.0,20,39
1.0,22,39
1.0,11,40
1.0,21,40
1.0,38,41
1.0,39,41
1.0,7,42
1.0,14,42
1.0,16,42
1.0,22,43
1.0,25,43
1.0,30,43
1.0,20,44
1.0,22,44
1.0,31,44
1.0,4,45
1.0,14,45
1.0,2,46
1.0,15,46
1.0,40,46
1.0,13,47
1.0,28,47
1.0,41,47
1.0,10,48
1.0,28,48
1.0,45,48
1.0,11,49
1.0,18,49
1.0,26,49
