0.1764601739419992,1,4
0.42086557674216729,5,7
0.1253303945012928,1,11
0.19261467544180988,6,13
0.19311051604305929,8,13
0.56389823522642379,6,14
0.87612684255466966,3,15
0.11537819178987851,4,16
0.70673662689314254,11,18
0.9373696779029006,18,20
0.32655503667209596,2,21
0.11783004584355039,10,21
0.12607580481493275,15,21
0.54156016368496229,2,22
0.29798566169037222,3,23
0.35379090731775364,9,23
0.82433890501957952,0,24
0.066222886251236512,11,24
0.84081695360823339,1,25
0.090424468838117944,10,25
0.89409060056710987,17,25
0.42907002900492497,5,26
0.84110084301846877,18,26
0.83208839895152853,23,26
0.9463896390566805,5,27
0.56194303099402998,13,27
0.088882014187831926,6,28
0.72978939663012254,7,28
0.21885326108754943,12,29
0.68004703909384578,19,29
0.32390396791181408,9,30
0.92690937632982373,12,30
0.77555286714054117,17,31
0.57651286063552076,29,31
0.44810887241520758,3,32
0.0065449944290613127,20,32
0.59122113646303143,24,33
0.8392604207141543,27,33
0.93289752679171023,16,35
0.78100390646335505,20,35
0.36333799173363457,32,35
0.93526856348239318,0,36
0.66930143108677964,19,36
0.28596899351674165,9,37
0.23282304444094915,19,37
0.70130968364745316,2,38
0.61045238918135913,12,38
0.16912368242068399,17,39
0.87580748421810051,4,40
0.92022495750875821,8,40
0.33893492319749718,22,40
0.029397395848580032,15,41
0.11757700318774533,16,41
0.75664568602387661,14,42
0.12692648891236369,34,42
0.68025500009399797,39,42
0.83250509016933028,30,43
0.71092444865289539,37,43
0.89068790163746614,39,43
0.85795905230768166,28,44
0.89372895333867064,34,44
0.35609318901299269,41,44
0.80715381324575886,10,45
0.39176154831251553,14,45
0.39742718483494244,8,46
0.43064966998781717,22,46
0.37207411192131412,7,47
0.021324352617979048,31,47
0.008064460600967327,36,47
0.870074314377425,0,48
0.89548648054804059,33,48
0.77974701078076158,46,48
0.39549644667181916,34,49
0.69523156954579457,38,49
0.090938486395803819,45,49
