1.0,0,3
1.0,0,4
1.0,2,5
1.0,1,8
1.0,1,11
1.0,2,11
1.0,5,12
1.0,7,12
1.0,8,14
1.0,11,14
1.0,0,15
1.0,3,15
1.0,5,16
1.0,2,17
1.0,3,19
1.0,6,20
1.0,10,20
1.0,10,22
1.0,13,22
1.0,9,23
1.0,16,23
1.0,18,23
1.0,22,24
1.0,6,25
1.0,12,25
1.0,24,25
1.0,17,27
1.0,26,27
1.0,7,29
1.0,9,29
1.0,17,29
1.0,6,30
1.0,15,30
1.0,18,31
1.0,19,32
1.0,13,33
1.0,21,33
1.0,32,33
1.0,1,34
1.0,13,35
1.0,26,35
1.0,18,36
1.0,10,37
1.0,26,38
1.0,27,38
1.0,24,39
1.0,36,39
1.0,20,40
1.0,28,40
1.0,34,40
1.0,30,41
1.0,31,41
1.0,16,42
1.0,34,42
1.0,37,42
1.0,9,43
1.0,36,43
1.0,39,43
1.0,8,44
1.0,28,44
1.0,31,44
1.0,7,45
1.0,14,45
1.0,37,45
1.0,4,46
1.0,21,46
1.0,41,46
1.0,19,47
1.0,28,47
1.0,32,48
1.0,35,48
1.0,47,48
1.0,4,49
1.0,21,49
1.0,38,49
