0.33991536965609281,0,5
0.9989605597095309,2,6
0.35375129967509744,4,6
0.6796915812900759,5,7
0.028770006586509411,3,8
0.15744976679054579,4,11
0.65099177080627346,10,13
0.73858293334202574,8,17
0.65811707276235787,3,18
0.78401658029125854,9,19
0.31402827929406152,17,20
0.69512952167379671,13,21
0.87287002856363072,14,22
0.67318593831382445,2,24
0.60504444300920568,12,24
0.41704310427567659,14,24
0.33562581924827628,12,25
0.55675404619441149,20,25
0.7860850597129706,22,25
0.94471336973490128,1,26
0.10850254410349236,16,26
0.73814161346320006,20,26
0.43330752309057552,2,27
0.023047722269235238,10,27
0.40200719987074396,12,27
0.47311068632638209,3,28
0.041690479909501699,18,28
0.14923172602282742,7,29
0.88726872147528346,18,29
0.35082272235206557,19,30
0.83654262035077342,1,31
0.70140264915008743,28,31
0.14658135162168751,6,32
0.36615818386908505,19,32
0.45975746611297474,23,32
0.21689692267795746,14,33
0.71574735936747325,0,34
0.73968563560525802,23,34
0.42088779073462057,15,35
0.45003321562944876,29,35
0.69086109566662324,4,36
0.67740513939173441,5,36
0.59536359006559936,33,36
0.62422235209362686,1,37
0.66917287835535422,34,37
0.22159009785678063,23,38
0.04143173966647351,9,39
0.50200707694697477,10,39
0.32756560692413761,31,39
0.60233878428022025,8,40
0.81565040538198974,11,40
0.31255094515768678,38,40
0.29986870180097602,30,41
0.58720021780952303,0,42
0.6894614265269613,21,42
0.38663505577939306,7,43
0.0077854070928052854,16,43
0.060560164552351359,41,43
0.5578085999077157,16,44
0.41588209957520417,17,44
0.7318747408730335,37,44
0.094061102596599055,15,45
0.45524503825485219,35,45
0.060308040515716144,41,45
0.74107553603177245,22,46
0.13728150879911794,33,46
0.74844017487559977,42,46
0.81547201297960958,9,47
0.39941994687695215,15,47
0.72728068614459429,21,48
0.033396443655478447,30,48
0.19469058475057832,38,48
0.42535210813167257,11,49
0.59691582277728239,13,49
0.77653991520970467,47,49
