0.347968811746176,5,6
0.39422521173114078,0,10
0.042552956460582214,5,13
0.32475703969450054,6,13
0.83484589125085673,2,14
0.34288606158026935,1,15
0.82956273537235103,2,16
0.79420991448210221,10,18
0.33370233564176044,17,18
0.87187718000635028,11,19
0.92042301574060481,14,19
0.26504107092436124,16,19
0.91636097730512056,7,20
0.78457402391630071,11,21
0.56575995493601294,16,21
0.021320318246592751,1,23
0.49711125773356368,7,23
0.37674046577874787,11,24
0.77472952861416822,15,24
0.047117306309077622,0,25
0.12040946767527227,17,25
0.25401400917493688,10,26
0.36457325263422358,4,27
0.37448671499386754,27,28
0.62313570532789475,13,29
0.067009586080904016,12,30
0.19940665056186224,24,30
0.98910452634463231,22,31
0.92894425654832391,6,32
0.65439485493968663,8,32
0.55403175996043597,23,32
0.43412494188680639,18,33
0.55230293223987958,26,33
0.90199176051906105,4,34
0.020654907879996132,14,34
0.36468283991015893,0,35
0.91219570562766827,22,35
0.17623240155737108,25,35
0.98804909972337895,3,36
0.64712112359465646,8,36
0.095925922536182484,31,36
0.98738412199564718,9,37
0.264722486397169,20,37
0.32753177121341381,31,37
0.85108711842658513,1,38
0.69508969021785516,15,38
0.8923291241173964,8,39
0.30545009206572282,33,39
0.36259358077681925,28,40
0.66156665912109569,2,41
0.12963549255477047,9,41
0.0063666291405855002,21,41
0.0042733240415695484,7,42
0.63275429305464959,17,42
0.22630922212602633,29,42
0.56690130643510506,28,43
0.78731636137880057,30,43
0.58058224804219138,40,43
0.05004421102792822,22,44
0.67887981511199003,27,44
0.97094948426766736,39,44
0.77687025728538439,4,45
0.76047101143549201,5,45
0.99291759908238197,20,45
0.34913938238277964,9,46
0.28021508626092906,38,46
0.26533576160176342,40,46
0.10136319324298571,12,47
0.12193541786959938,26,47
0.25029635117196214,3,48
0.3571592423891492,34,48
0.80015787727751941,47,48
0.38626126021580565,3,49
0.2711816403962265,12,49
0.82498329287453065,29,49
