1.0,5,6
1.0,2,8
1.0,2,10
1.0,10,11
1.0,8,13
1.0,9,13
1.0,4,15
1.0,11,15
1.0,4,17
1.0,6,18
1.0,16,19
1.0,1,20
1.0,14,20
1.0,16,20
1.0,18,21
1.0,7,22
1.0,13,23
1.0,2,24
1.0,6,24
1.0,10,25
1.0,12,25
1.0,5,26
1.0,7,27
1.0,15,27
1.0,4,28
1.0,12,28
1.0,21,29
1.0,3,30
1.0,27,30
1.0,1,31
1.0,9,31
1.0,22,31
1.0,14,32
1.0,16,32
1.0,17,33
1.0,21,33
1.0,9,34
1.0,18,34
1.0,22,34
1.0,1,35
1.0,19,35
1.0,26,35
1.0,8,36
1.0,23,36
1.0,30,36
1.0,5,38
1.0,37,38
1.0,0,39
1.0,38,39
1.0,14,40
1.0,25,40
1.0,33,40
1.0,11,41
1.0,29,41
1.0,37,41
1.0,7,42
1.0,23,42
1.0,37,43
1.0,19,44
1.0,26,44
1.0,24,45
1.0,32,45
1.0,44,45
1.0,0,46
1.0,28,46
1.0,39,46
1.0,3,47
1.0,12,47
1.0,42,47
1.0,0,48
1.0,17,48
1.0,43,48
1.0,3,49
1.0,29,49
1.0,43,49
