0.89183766158010025,1,8
0.31105901227061905,1,9
0.032346685245641327,6,9
0.42398761413269481,4,12
0.81887295592796816,10,13
0.35511459820105518,4,14
0.69457181315405547,12,14
0.85795660719287392,13,14
0.26006705826671106,6,15
0.29861194324931284,9,16
0.05680809864893821,16,18
0.77243036534737319,7,21
0.88584292431781086,0,22
0.1569658201991041,19,22
0.096409308739206501,10,23
0.41786836409905392,20,23
0.16975279940332344,17,24
0.34258426526851216,5,25
0.58163260649104642,15,25
0.069818457039671489,12,26
0.24494077501690614,21,26
0.18233798348332075,0,28
0.56966863533904744,13,28
0.018565889439141836,18,28
0.788188587847651,24,29
0.59039199478120064,2,30
0.98577626039797994,27,30
0.36646671620618854,8,31
0.80056043957358736,5,32
0.1651679447549631,17,32
0.44366383836000967,20,32
0.083533899603467687,16,33
0.84080207442423149,2,34
0.90441538393309351,17,34
0.70368288534624668,21,34
0.17622915556046381,4,35
0.79733940249267832,19,35
0.7705632505126736,1,36
0.84814400054091676,3,36
0.0029693530072207874,11,36
0.20069729374566625,19,37
0.48424218987670409,31,37
0.038613906509758267,2,38
0.76295520078800183,10,38
0.38617168692501191,26,38
0.11198411465795943,3,39
0.69564527824329647,8,39
0.57192453154146472,33,39
0.97486915732560531,3,40
0.91476754599026922,31,40
0.78903890443359215,33,40
0.2315607960711823,23,41
0.2310383656814724,27,41
0.19268723766340135,30,41
0.77785343922557559,24,42
0.93984635092794477,29,42
0.45020868335718989,6,43
0.51639009813632886,15,43
0.65493979954962711,37,43
0.36429381665306992,5,44
0.98090551742797893,20,44
0.77133184490465923,11,45
0.81579315635595728,18,45
0.34798837149101314,29,45
0.99876413207279369,11,46
0.35469957415052167,27,46
0.27838576926771341,7,47
0.84005263615392212,22,47
0.22259353319067721,46,47
0.25950067462031756,25,48
0.16080704710427174,42,48
0.39461405726604482,44,48
0.44406610726146167,0,49
0.34330709614113264,7,49
0.72431369737766238,35,49
