0.73053289414903999,4,7
0.22567187821010448,1,8
0.93121105183181496,2,9
0.48188814914374056,5,10
0.64053938717389147,4,11
0.94127701118073093,3,12
0.57505444706450548,4,12
0.51056177815443493,2,13
0.47359448412095717,10,16
0.29832062804582316,14,18
0.98659605987333954,10,19
0.99268745653840695,3,20
0.3904417237604787,11,21
0.9107438991661897,8,22
0.4976872840469112,15,23
0.83263214107107264,21,23
0.99261258188209767,3,24
0.41154930524364408,8,25
0.62244675417602713,20,25
0.06491636118257571,22,25
0.11057871279258646,7,27
0.34122286402376578,14,27
0.75700718611295859,0,28
0.35457920392447106,17,28
0.26736874616187833,19,28
0.69962398210506405,16,29
0.46834792475149567,6,30
0.62486562072709639,29,30
0.088769354885795959,0,31
0.31696877032012383,5,31
0.1765533765336682,12,32
0.32897628070524076,11,33
0.7380982826073903,26,33
0.77863737324733096,32,33
0.14873103495558437,16,34
0.046929817112190131,24,34
0.69290184138773592,26,34
0.75467404961926654,6,35
0.57343368877552259,13,35
0.60110945465800125,15,36
0.99844428507906913,18,36
0.22063816533501324,21,36
0.81833745246283429,9,37
0.15322859364633989,15,37
0.26511320221076573,35,37
0.33004709673308841,1,38
0.81454744586076155,7,38
0.96169106932012338,20,38
0.15972002715639488,13,39
0.53592746529157853,23,39
0.59412627501264947,9,40
0.10654018883515182,27,40
0.91358435378250091,31,41
0.054719285596268041,6,42
0.57528828677867649,30,42
0.61333404016891324,5,43
0.69672904566202032,17,43
0.35450523825676694,42,43
0.963997631136564,17,44
0.18191919429231984,18,44
0.070125021049296632,32,44
0.99442033012430131,22,45
0.24091099643576563,39,45
0.014253750316806313,14,46
0.64374112136492267,24,46
0.42664491774028135,41,46
0.084329695955544293,0,47
0.58173443327373953,2,47
0.94348108087892102,41,47
0.52783575895119639,1,48
0.77863210264263494,19,48
0.80252131277408134,40,48
0.07017753279387029,26,49
0.82346042722453117,29,49
0.38189282005822456,45,49
