1.0,6,8
1.0,3,10
1.0,5,10
1.0,4,11
1.0,2,12
1.0,9,12
1.0,2,14
1.0,15,18
1.0,16,19
1.0,1,20
1.0,5,20
1.0,16,21
1.0,0,22
1.0,3,23
1.0,11,23
1.0,9,24
1.0,16,24
1.0,5,25
1.0,12,25
1.0,21,25
1.0,21,26
1.0,13,27
1.0,3,28
1.0,24,28
1.0,1,29
1.0,17,29
1.0,29,30
1.0,14,31
1.0,27,31
1.0,13,32
1.0,7,33
1.0,15,33
1.0,32,33
1.0,1,34
1.0,18,34
1.0,26,34
1.0,22,35
1.0,30,35
1.0,2,36
1.0,13,36
1.0,9,37
1.0,30,37
1.0,35,37
1.0,0,38
1.0,8,38
1.0,27,38
1.0,19,39
1.0,15,40
1.0,19,40
1.0,32,40
1.0,18,41
1.0,20,41
1.0,31,41
1.0,7,42
1.0,28,42
1.0,6,43
1.0,39,43
1.0,4,44
1.0,36,44
1.0,43,44
1.0,4,45
1.0,10,45
1.0,23,45
1.0,8,46
1.0,14,46
1.0,17,46
1.0,6,47
1.0,11,47
1.0,26,47
1.0,17,48
1.0,22,48
1.0,42,48
1.0,0,49
1.0,7,49
1.0,39,49
