1.0,2,6
1.0,3,6
1.0,1,7
1.0,4,9
1.0,5,10
1.0,7,11
1.0,2,12
1.0,5,13
1.0,7,14
1.0,2,16
1.0,0,17
1.0,9,19
1.0,12,19
1.0,11,20
1.0,15,21
1.0,0,22
1.0,3,23
1.0,4,23
1.0,8,24
1.0,11,24
1.0,0,25
1.0,16,25
1.0,13,26
1.0,4,27
1.0,14,27
1.0,5,28
1.0,24,28
1.0,1,29
1.0,18,29
1.0,8,30
1.0,13,30
1.0,19,31
1.0,23,31
1.0,3,32
1.0,15,32
1.0,1,33
1.0,18,34
1.0,34,35
1.0,22,36
1.0,8,37
1.0,18,37
1.0,28,37
1.0,14,38
1.0,35,38
1.0,10,39
1.0,33,39
1.0,34,39
1.0,17,40
1.0,30,40
1.0,36,40
1.0,6,41
1.0,26,41
1.0,32,41
1.0,20,42
1.0,25,42
1.0,29,42
1.0,12,43
1.0,36,43
1.0,9,44
1.0,15,44
1.0,16,44
1.0,17,45
1.0,38,45
1.0,20,46
1.0,33,46
1.0,45,46
1.0,10,47
1.0,26,47
1.0,43,47
1.0,21,48
1.0,22,48
1.0,35,48
1.0,21,49
1.0,27,49
1.0,31,49
