1.0,1,6
1.0,0,10
1.0,0,11
1.0,0,13
1.0,6,14
1.0,12,15
1.0,2,16
1.0,10,17
1.0,14,17
1.0,5,18
1.0,3,19
1.0,6,20
1.0,13,20
1.0,2,21
1.0,16,21
1.0,3,22
1.0,8,23
1.0,9,24
1.0,15,24
1.0,5,25
1.0,18,25
1.0,7,26
1.0,1,27
1.0,18,27
1.0,4,29
1.0,7,29
1.0,21,31
1.0,24,31
1.0,7,32
1.0,15,32
1.0,26,32
1.0,10,33
1.0,12,33
1.0,19,33
1.0,17,34
1.0,20,34
1.0,8,35
1.0,11,35
1.0,3,36
1.0,30,36
1.0,13,37
1.0,16,37
1.0,25,38
1.0,30,38
1.0,35,38
1.0,5,39
1.0,11,39
1.0,34,39
1.0,4,40
1.0,28,40
1.0,2,41
1.0,19,41
1.0,29,41
1.0,1,42
1.0,12,42
1.0,28,42
1.0,22,43
1.0,36,43
1.0,9,44
1.0,37,44
1.0,8,45
1.0,26,45
1.0,43,45
1.0,22,46
1.0,27,46
1.0,30,46
1.0,9,47
1.0,23,47
1.0,44,47
1.0,23,48
1.0,31,48
1.0,40,48
1.0,4,49
1.0,14,49
1.0,28,49
