0.47821795115706189,2,4
0.75106529004121636,2,5
0.69380480698378455,0,7
0.22675182737285848,3,10
0.72587704225376837,5,11
0.67895299537233855,1,12
0.81176053311546625,6,12
0.062247315541828163,3,13
0.34974055550992755,7,13
0.78665154875739052,9,14
0.0013604844035205454,0,15
0.96048419922461425,13,16
0.87029185682805266,15,16
0.061892639704222874,11,18
0.1889195020477642,7,19
0.028344206915730252,2,20
0.45400565754846878,17,20
0.062229774258394488,1,21
0.041438663751943938,1,23
0.83025278823780591,17,23
0.16769033027104929,10,24
0.89071804311352853,18,25
0.011681110911554771,21,25
0.37362508848771314,10,27
0.0081639287755577161,4,28
0.80997751173251054,26,28
0.5653551942806343,19,29
0.47250107966937249,9,30
0.98743423042705136,14,30
0.26981358837605773,4,31
0.22378847816872782,16,31
0.47692518653357285,8,32
0.072244707959967513,8,33
0.032855227517643915,0,34
0.89723759498269218,21,34
0.49179197258933649,18,35
0.469919841785846,24,35
0.31754793299767137,29,35
0.50298845554776184,27,36
0.20435123860125959,33,36
0.4591916154745509,5,37
0.17099493978796376,24,37
0.857032865410434,32,37
0.036480467456023624,14,38
0.89070449405238827,25,38
0.77456405155827124,26,38
0.62142909723075324,15,39
0.6169643789339726,20,39
0.91260019924013958,17,40
0.14160042611695478,28,40
0.82936961283926292,22,41
0.18600304436912884,31,41
0.88858342953895575,27,42
0.16657926742448514,32,42
0.90655130131652084,9,43
0.66782452558260019,22,43
0.0087862912955678496,41,43
0.55371051315031039,3,44
0.0015333947861212449,11,44
0.95932888764521729,12,44
0.20888592660047078,6,45
0.69951446505550552,29,45
0.95502152000411522,40,45
0.48970578294718303,30,46
0.70367391060821649,33,46
0.047252303781199267,36,46
0.86517486571246505,8,47
0.58854539060280908,22,47
0.17671713927997645,39,47
0.15659865804054884,6,48
0.90921657606248996,19,48
0.15443949905710574,34,48
0.45462417887567164,23,49
0.79700087046403167,26,49
0.071656191413674186,42,49
