1.0,5,9
1.0,8,11
1.0,6,14
1.0,1,15
1.0,12,16
1.0,13,17
1.0,3,18
1.0,12,18
1.0,13,18
1.0,4,19
1.0,2,20
1.0,7,20
1.0,10,21
1.0,0,24
1.0,9,24
1.0,12,26
1.0,15,26
1.0,19,26
1.0,7,27
1.0,19,27
1.0,20,27
1.0,16,28
1.0,17,29
1.0,8,30
1.0,15,30
1.0,7,31
1.0,9,31
1.0,21,31
1.0,2,32
1.0,11,32
1.0,22,32
1.0,4,33
1.0,0,34
1.0,3,34
1.0,4,34
1.0,0,35
1.0,21,35
1.0,25,35
1.0,1,36
1.0,13,36
1.0,3,37
1.0,23,37
1.0,22,38
1.0,23,38
1.0,2,39
1.0,10,39
1.0,28,39
1.0,5,40
1.0,25,40
1.0,38,40
1.0,8,41
1.0,33,41
1.0,30,42
1.0,37,42
1.0,41,42
1.0,16,43
1.0,28,43
1.0,29,43
1.0,1,44
1.0,22,44
1.0,14,45
1.0,29,45
1.0,33,45
1.0,10,46
1.0,25,46
1.0,44,46
1.0,6,47
1.0,23,47
1.0,36,47
1.0,5,48
1.0,11,48
1.0,14,48
1.0,6,49
1.0,17,49
1.0,24,49
