1.0,0,1
1.0,7,10
1.0,1,15
1.0,4,16
1.0,5,16
1.0,15,17
1.0,8,18
1.0,9,18
1.0,4,19
1.0,6,20
1.0,12,20
1.0,0,21
1.0,21,22
1.0,8,23
1.0,9,23
1.0,12,24
1.0,21,24
1.0,4,25
1.0,10,25
1.0,15,26
1.0,5,27
1.0,6,27
1.0,13,27
1.0,14,28
1.0,11,30
1.0,19,30
1.0,29,30
1.0,20,31
1.0,29,31
1.0,5,32
1.0,8,32
1.0,11,32
1.0,3,33
1.0,16,33
1.0,29,33
1.0,3,34
1.0,7,34
1.0,26,34
1.0,0,35
1.0,3,35
1.0,10,35
1.0,9,36
1.0,13,37
1.0,23,38
1.0,17,39
1.0,36,39
1.0,18,40
1.0,28,40
1.0,36,40
1.0,7,41
1.0,31,41
1.0,11,42
1.0,24,42
1.0,28,42
1.0,12,43
1.0,22,43
1.0,41,43
1.0,14,44
1.0,19,44
1.0,25,44
1.0,2,45
1.0,37,45
1.0,38,45
1.0,13,46
1.0,14,46
1.0,17,46
1.0,1,47
1.0,2,47
1.0,39,47
1.0,2,48
1.0,22,48
1.0,26,48
1.0,6,49
1.0,37,49
1.0,38,49
