0.95398240033262038,4,5
0.78098830171591949,3,6
0.019599057665766528,6,7
0.82126060987487315,2,8
0.035715430369296586,0,13
0.84477574158052626,5,14
0.62928543490559252,11,14
0.68452267947931,1,16
0.72711871752064516,10,16
0.47873221874171301,10,17
0.36466611523852765,1,18
0.97815439150258388,7,21
0.024529828656105868,12,21
0.51001506813608855,20,21
0.86591636376391645,3,22
0.11048813489727016,10,22
0.8549714753970804,20,23
0.11958445916157256,13,24
0.76628507132869461,11,25
0.4737276482851237,24,25
0.61874562929896337,1,26
0.78595002176904349,18,26
0.46851318642240614,23,26
0.25402810460553205,0,27
0.60713490059756048,24,27
0.96932340633151204,6,28
0.98828540190166636,9,28
0.66341487171887681,19,29
0.33734431464131487,25,29
0.84321672391479663,8,30
0.41509486567868581,9,30
0.14624484651116698,0,31
0.060674662683666392,19,31
0.16442207928232588,29,31
0.85281395287311357,27,32
0.53134782750035736,16,33
0.81501535986449225,22,33
0.3724265354691163,30,33
0.24920704007922456,4,34
0.089944269160206147,28,34
0.91758865364802178,2,37
0.6150772730653653,4,37
0.064618426327191836,34,37
0.29526273625538646,12,38
0.032682205232249184,14,38
0.83282915540040126,15,38
0.25849482651290856,3,39
0.69623860855395459,5,39
0.45190780799115493,35,39
0.1446708477151093,23,40
0.48025637982363667,32,40
0.021451334738481376,13,41
0.6294479953976494,20,42
0.84961068634277936,32,42
0.79210373576092885,41,42
0.98070953341018463,15,43
0.3970202818779125,35,43
0.29102218865689211,36,43
0.21309069813504122,12,44
0.75129508071845208,17,44
0.039638649164256967,18,44
0.58836753731099889,8,45
0.94435339042182298,19,45
0.88248988404622275,36,45
0.057898894610605378,35,46
0.072916640967526147,41,46
0.62000891887332155,2,47
0.1120332863804564,9,47
0.59813802608691047,46,47
0.76199437818117144,7,48
0.66722176509506237,11,48
0.08909606880109433,15,48
0.059502566342053642,17,49
0.064100184560866191,36,49
0.53701724000711171,40,49
