0.52415468450651137,2,4
0.69831487745926801,0,8
0.15384055060862678,1,10
0.43376558198982507,3,11
0.2900919460218766,4,11
0.80757203620529816,4,12
0.63446372743822443,8,12
0.7419617645090153,2,13
0.96675501301550915,1,14
0.53985196534132263,10,14
0.83393832474214391,1,15
0.4980853554294874,7,15
0.66246065071898019,14,17
0.76185235785878092,9,18
0.76387168452089749,11,20
0.9440458892133754,20,22
0.37481230957103284,5,23
0.091871474812176945,6,23
0.19691517862237584,5,24
0.21049095847874,3,25
0.25281713161449637,6,26
0.084959620982578699,17,26
0.19620844766693435,25,26
0.49489050918391408,0,27
0.72884116755815154,9,28
0.092565180045714568,19,28
0.92693383026735421,7,29
0.059559088662019977,15,29
0.81384313374376815,7,30
0.18965615171160655,19,30
0.52619841780674759,16,31
0.58517685800071717,27,31
0.84566782375212601,31,32
0.074962945088903443,16,33
0.89520711033320521,20,33
0.19606969472700175,33,34
0.78240000059619141,6,35
0.50507223679836633,28,35
0.36396994164725605,13,36
0.52038960079227592,0,37
0.61605566749605678,5,37
0.98167564007462582,21,37
0.85361291835839004,17,38
0.38144332789613922,30,38
0.22665239194723985,2,39
0.81183476543676958,12,39
0.82852025110062555,32,39
0.14184716338699399,10,40
0.3730603618803241,18,40
0.013203593107309342,22,40
0.62934092617494997,13,41
0.54258298329777954,36,41
0.87683775832945277,16,42
0.56787936137204365,21,42
0.57831647828938426,32,42
0.29953739552094838,3,43
0.22379135584936904,9,43
0.593119575227957,35,43
0.58717667791311601,19,44
0.2990429522875323,22,44
0.01158113729216681,25,45
0.19279085184692013,34,45
0.53775845951918877,36,45
0.50874736788299102,24,46
0.4289610245431249,27,46
0.76329390746647785,44,46
0.84386938987113369,8,47
0.18420611974539536,21,47
0.97731177820582893,38,47
0.34861492605539912,24,48
0.96352780430070872,29,48
0.50723966673509779,34,48
0.36761933450262463,18,49
0.057177052613352264,23,49
0.44131499577726074,41,49
