0.58049123324983232,0,2
0.63093435766373995,5,7
0.5542260890785855,6,9
0.61577235119093487,7,11
0.87711930867664623,3,14
0.71044945013814909,10,15
0.98571435400158003,1,16
0.6295119748403355,15,16
0.44459011215488398,6,17
0.64853719666660214,2,18
0.89249053624525154,0,19
0.79827925380714149,12,19
0.30944059955335934,3,20
0.91038014350093721,17,20
0.42310638949866819,17,21
0.65147874578550402,18,21
0.62577405982969947,1,25
0.096410183811294292,4,26
0.2398326505179067,14,26
0.59565702849419422,16,26
0.51380231963420342,5,27
0.62253248160100405,8,27
0.48258328133034756,3,28
0.25413046228733127,19,28
0.50381658867359247,1,29
0.15753459997237385,5,29
0.38751748424612631,8,29
0.097292060446799278,13,30
0.58763558929288751,27,30
0.97255657992438482,30,31
0.31404623619592109,24,32
0.8010547560062915,21,33
0.24825754107938136,24,33
0.016587183976268127,12,34
0.67989454235669866,15,34
0.66659308784151483,22,34
0.46260034460688992,10,35
0.77300469888372203,22,35
0.00094625015772509258,33,35
0.58030600906682483,0,36
0.27831484423560371,18,36
0.89628353691048701,13,37
0.64651231367708828,24,37
0.33506962256773765,31,37
0.89237327528247035,22,38
0.75740914876799725,28,38
0.40747071621569464,9,39
0.15999114985767204,20,39
0.27547115968203739,23,39
0.67163432572763548,4,40
0.061943523264758715,25,40
0.19567494065155666,32,40
0.17413923566378053,10,41
0.86636596534242405,11,41
0.74792154982484282,8,42
0.91812194980247352,13,42
0.93562584490738832,14,43
0.5306329680719355,23,43
0.86961307347570815,42,43
0.37573664097507431,7,44
0.24094985076381481,12,44
0.70722190675102203,23,44
0.053764392879153799,31,45
0.87732781369075041,41,45
0.80360198295798502,2,46
0.7972183950579772,6,46
0.41386539457728555,11,46
0.52663537104805336,32,47
0.24186781920521971,36,47
0.91771612244250411,38,47
0.25616362512119495,9,48
0.43613902111622238,25,48
0.66013411590306947,4,49
0.25233569903553321,45,49
0.022458909815814887,48,49
