1.0,3,6
1.0,2,7
1.0,4,8
1.0,5,8
1.0,1,11
1.0,12,13
1.0,0,14
1.0,13,15
1.0,11,17
1.0,17,18
1.0,4,19
1.0,7,19
1.0,19,21
1.0,9,22
1.0,13,22
1.0,20,22
1.0,10,23
1.0,6,24
1.0,16,24
1.0,20,25
1.0,1,26
1.0,14,26
1.0,5,27
1.0,25,27
1.0,3,28
1.0,9,28
1.0,27,28
1.0,1,29
1.0,23,29
1.0,21,30
1.0,12,31
1.0,30,31
1.0,5,32
1.0,20,32
1.0,21,32
1.0,12,33
1.0,17,33
1.0,9,34
1.0,15,34
1.0,33,34
1.0,2,35
1.0,11,35
1.0,16,36
1.0,24,36
1.0,31,36
1.0,7,37
1.0,0,38
1.0,15,38
1.0,8,39
1.0,25,39
1.0,26,40
1.0,38,40
1.0,39,40
1.0,14,41
1.0,37,41
1.0,10,42
1.0,23,43
1.0,29,43
1.0,41,43
1.0,35,44
1.0,42,44
1.0,6,45
1.0,18,45
1.0,42,45
1.0,3,46
1.0,10,46
1.0,0,47
1.0,16,47
1.0,18,47
1.0,2,48
1.0,4,48
1.0,44,48
1.0,30,49
1.0,37,49
1.0,46,49
