0.9401952221095512,2,5
0.36771960702034934,4,9
0.33353635649654034,0,11
0.38548818161068554,1,11
0.59333554575191105,0,12
0.90869705627814024,2,12
0.06953126447417135,3,13
0.56097585958018925,9,14
0.68050317027352547,4,15
0.026707398892715117,1,17
0.85926321533744776,2,19
0.02061194818409795,12,19
0.1648019951616001,11,20
0.44002219409190146,13,20
0.038661997617630117,1,22
0.20556694303242351,10,24
0.95648677784130531,22,24
0.30859457743882379,20,25
0.19782194053126856,7,26
0.79658327812032936,3,27
0.966756108417964,15,27
0.4960792024241214,3,29
0.44958094974284302,4,29
0.087131212739957942,6,30
0.89376771529928989,16,30
0.75849133325975582,23,30
0.97659860168218016,25,31
0.85430393452134157,27,31
0.72420538858231176,29,31
0.29470135332576597,10,32
0.41967108334128178,19,32
0.74750472251366717,23,32
0.94223839783902763,23,33
0.1564492893313647,28,33
0.75819823796386931,8,34
0.74461732996033181,17,34
0.11435139299869945,5,35
0.30259797361302332,7,35
0.84949406877839895,8,35
0.98362820992077138,10,36
0.37217086613863715,15,36
0.62834392781259241,18,37
0.22878184546275171,21,37
0.97976147442117256,22,37
0.38573230562610439,18,38
0.45382453231421682,21,38
0.15744397737672677,26,38
0.22380634834023971,16,39
0.13047565571442898,7,40
0.68825628005847217,24,40
0.20074554000344491,28,40
0.28674649685851816,16,41
0.86394138649748142,17,41
0.47787575167244345,26,41
0.46392758674876355,6,42
0.76572981789441585,13,42
0.58410215181249969,34,43
0.98278555999426964,39,43
0.59935531044943546,14,44
0.84647690685885346,28,44
0.38960969812200641,8,45
0.74260212050299124,14,45
0.15868278275643799,44,45
0.5844889387802914,9,46
0.81487952537429653,21,46
0.96738246695544539,33,46
0.40697355225130039,18,47
0.98149866941102137,25,47
0.58764934759410314,36,47
0.26516937740542923,0,48
0.95464950352055611,5,48
0.088983851433613315,43,48
0.41350695765767276,6,49
0.20244696473094936,39,49
0.78188257331296929,42,49
