0.25530866324135526,0,4
0.17227986776626092,6,8
0.083936029065776463,0,10
0.70607218705831798,1,11
0.78632385402382488,0,13
0.16108822472980711,2,14
0.70061485475401364,2,18
0.43376989533984101,8,18
0.24257830617200926,9,19
0.48177703886627177,5,21
0.67737444864619589,1,22
0.96803985582192498,13,22
0.14095823674807395,2,23
0.026294536559915316,4,23
0.57077679449846863,17,23
0.98774247761386547,10,24
0.0075753301962131481,13,24
0.87186753679782369,7,25
0.064963885157317991,14,25
0.38081573362868126,24,25
0.49771139882248661,19,26
0.41745617292550197,20,26
0.23615696503500117,7,27
0.87918606633619478,17,27
0.35364780892735093,12,28
0.2512097191134578,3,29
0.47062453273048011,12,29
0.005289890672560138,15,29
0.17638586564122127,3,30
0.84909652151760895,17,30
0.36915575102812215,12,31
0.94095658920126135,16,32
0.035663539691333845,4,33
0.25906735371190215,15,33
0.24528031968965813,31,33
0.75804427055295975,8,34
0.19845108664393663,9,34
0.40424990968499253,28,34
0.94170861205101208,10,35
0.28701368866372179,27,35
0.29454075631053245,31,35
0.79663685498665515,11,36
0.49726923583203952,20,36
0.60991869443385316,5,37
0.19798638911320943,14,37
0.75859980231074775,11,38
0.50014266996206769,22,38
0.5503935227872101,16,39
0.56368979874524816,21,39
0.69794591897682967,38,39
0.090583375239456143,1,40
0.16596214859690162,3,40
0.25918125604755382,20,40
0.019390838052834036,7,41
0.63973609809952414,16,41
0.61051954674984865,19,42
0.55782353521879158,32,43
0.64772836775021236,42,43
0.059514066247708719,6,44
0.89548316732075173,9,44
0.52562696746021864,18,44
0.2097406806353741,21,45
0.54165527557688087,36,45
0.35069338444334297,42,45
0.64172203275653883,5,46
0.37280933156244001,15,46
0.91296538565192409,28,46
0.25329390370631844,6,47
0.2670183518878928,37,47
0.3921474619345473,41,47
0.71765753521447406,26,48
0.8886114606142077,32,48
0.041680137267021244,30,49
0.036615035094243353,43,49
0.23367656919230284,48,49
