0.073307113565725834,2,5
0.81735263443173045,2,8
0.35534579019798385,9,10
0.33917683553894573,11,12
0.64191117618337323,5,13
0.72774793436705254,6,13
0.92190625262451853,0,14
0.97065072145847275,7,15
0.10639870668762241,13,16
0.20597950617628569,4,17
0.87629257519153803,16,17
0.9171704492102607,7,19
0.43180980402410418,15,22
0.86138530377717493,18,22
0.92648209418518346,20,22
0.3062999604613148,8,23
0.38337610069814798,4,24
0.010604776451641262,20,24
0.19983019826472159,0,25
0.024276272920036646,5,25
0.23000704855428356,2,26
0.28440081233239545,10,26
0.21392549463869059,17,26
0.62563461413252275,9,27
0.27644741845097565,21,28
0.83535952277386682,23,28
0.67127286555541099,11,29
0.068645393263204513,21,30
0.99092153305837227,29,30
0.92258516104137112,6,31
0.96784908568067884,18,32
0.68115190947144344,29,32
0.90318044874298664,3,33
0.84672654455631524,8,33
0.67816250451015381,12,33
0.13944086258852695,16,34
0.28881362133476651,21,34
0.69310269698078719,24,34
0.88714232196947451,6,35
0.70633468527907517,12,35
0.13832462601551321,30,36
0.26444489424639783,0,37
0.88694241621895353,23,37
0.79507291777502254,19,38
0.69810167611427465,36,38
0.40654440910048839,37,38
0.16008582805641414,18,39
0.40332603172862747,19,39
0.98943814441749134,31,39
0.89898799449547895,7,40
0.23908372716608517,14,40
0.50539616940400889,27,41
0.40729224392362251,36,41
0.019874696629596733,40,41
0.87379573534399935,20,42
0.52752996530659069,1,43
0.8162022659505167,14,43
0.40847962329973775,28,43
0.56065557897516671,3,44
0.51820679378657519,31,44
0.38963580488351568,27,45
0.18855929098500845,32,45
0.63370532377465161,42,45
0.94685029648613772,1,46
0.93260011933994991,9,46
0.79173646078036353,25,46
0.95344353143374883,3,47
0.62853240956422263,4,47
0.49928581655671656,44,47
0.15332115571051119,1,48
0.77009616128639635,15,48
0.71119044231907236,35,48
0.32287442714229087,10,49
0.65718374010396829,11,49
0.028599276770559956,42,49
