1.0,1,3
1.0,1,6
1.0,2,7
1.0,4,13
1.0,0,15
1.0,4,15
1.0,12,16
1.0,11,17
1.0,9,18
1.0,5,19
1.0,1,21
1.0,12,21
1.0,0,22
1.0,7,22
1.0,2,23
1.0,10,23
1.0,14,23
1.0,17,25
1.0,18,25
1.0,3,26
1.0,0,28
1.0,7,28
1.0,8,28
1.0,19,29
1.0,10,30
1.0,5,31
1.0,20,31
1.0,12,32
1.0,14,32
1.0,24,32
1.0,6,33
1.0,13,33
1.0,29,33
1.0,20,34
1.0,24,34
1.0,29,34
1.0,11,35
1.0,13,35
1.0,30,35
1.0,8,36
1.0,26,36
1.0,3,37
1.0,26,37
1.0,27,37
1.0,8,38
1.0,10,38
1.0,14,39
1.0,18,39
1.0,2,40
1.0,16,40
1.0,19,41
1.0,4,42
1.0,16,42
1.0,39,42
1.0,17,43
1.0,24,43
1.0,40,43
1.0,11,44
1.0,31,44
1.0,41,44
1.0,20,45
1.0,21,45
1.0,36,45
1.0,5,46
1.0,27,46
1.0,38,46
1.0,15,47
1.0,22,47
1.0,25,47
1.0,6,48
1.0,9,48
1.0,30,48
1.0,9,49
1.0,27,49
1.0,41,49
