1.0,0,3
1.0,1,5
1.0,4,5
1.0,7,10
1.0,2,12
1.0,3,12
1.0,13,15
1.0,10,16
1.0,10,17
1.0,12,19
1.0,14,19
1.0,14,20
1.0,17,20
1.0,11,21
1.0,3,22
1.0,7,23
1.0,9,23
1.0,1,24
1.0,2,24
1.0,6,24
1.0,13,25
1.0,15,25
1.0,4,26
1.0,8,26
1.0,18,28
1.0,27,28
1.0,5,29
1.0,7,29
1.0,26,29
1.0,18,30
1.0,27,30
1.0,0,32
1.0,19,32
1.0,25,33
1.0,31,33
1.0,9,34
1.0,21,34
1.0,22,34
1.0,17,35
1.0,21,36
1.0,35,36
1.0,14,37
1.0,15,37
1.0,20,37
1.0,6,38
1.0,30,38
1.0,4,39
1.0,16,39
1.0,28,39
1.0,2,40
1.0,31,40
1.0,6,41
1.0,35,41
1.0,33,42
1.0,40,42
1.0,41,43
1.0,42,43
1.0,8,44
1.0,9,44
1.0,11,44
1.0,1,45
1.0,13,45
1.0,31,45
1.0,11,46
1.0,18,46
1.0,38,46
1.0,0,47
1.0,23,47
1.0,32,47
1.0,16,48
1.0,22,48
1.0,36,48
1.0,8,49
1.0,27,49
1.0,43,49
