1.0,3,6
1.0,2,7
1.0,3,10
1.0,6,12
1.0,0,13
1.0,7,15
1.0,8,17
1.0,9,18
1.0,12,18
1.0,14,18
1.0,2,19
1.0,11,20
1.0,5,22
1.0,15,23
1.0,17,23
1.0,16,24
1.0,3,25
1.0,17,25
1.0,1,26
1.0,5,27
1.0,23,27
1.0,26,27
1.0,16,28
1.0,24,28
1.0,22,29
1.0,1,30
1.0,20,30
1.0,8,31
1.0,19,31
1.0,29,31
1.0,0,32
1.0,5,32
1.0,28,33
1.0,21,34
1.0,30,34
1.0,33,34
1.0,10,35
1.0,32,35
1.0,12,36
1.0,21,36
1.0,33,36
1.0,0,37
1.0,4,38
1.0,10,38
1.0,37,38
1.0,19,39
1.0,21,39
1.0,35,39
1.0,9,40
1.0,13,40
1.0,14,40
1.0,4,41
1.0,7,41
1.0,11,41
1.0,8,42
1.0,26,42
1.0,37,42
1.0,9,43
1.0,13,43
1.0,1,44
1.0,2,44
1.0,24,44
1.0,15,45
1.0,29,45
1.0,43,45
1.0,11,46
1.0,16,46
1.0,4,47
1.0,6,47
1.0,25,47
1.0,14,48
1.0,20,48
1.0,22,49
1.0,46,49
1.0,48,49
