1.0,0,4
1.0,1,6
1.0,13,14
1.0,12,15
1.0,14,15
1.0,7,17
1.0,15,17
1.0,3,18
1.0,16,18
1.0,8,19
1.0,6,20
1.0,11,20
1.0,10,21
1.0,3,22
1.0,19,22
1.0,7,23
1.0,0,24
1.0,5,24
1.0,16,25
1.0,18,25
1.0,4,26
1.0,4,28
1.0,20,28
1.0,22,28
1.0,1,29
1.0,2,30
1.0,24,30
1.0,8,31
1.0,21,31
1.0,27,31
1.0,9,32
1.0,12,32
1.0,26,32
1.0,8,33
1.0,16,33
1.0,5,34
1.0,12,34
1.0,9,35
1.0,10,35
1.0,6,36
1.0,33,37
1.0,36,37
1.0,11,38
1.0,29,38
1.0,34,38
1.0,2,39
1.0,7,39
1.0,29,39
1.0,25,40
1.0,36,40
1.0,2,41
1.0,19,41
1.0,9,42
1.0,21,42
1.0,27,42
1.0,14,43
1.0,27,43
1.0,30,43
1.0,13,44
1.0,35,44
1.0,37,44
1.0,5,45
1.0,11,45
1.0,23,45
1.0,13,46
1.0,41,46
1.0,1,47
1.0,23,47
1.0,26,47
1.0,0,48
1.0,10,48
1.0,17,48
1.0,3,49
1.0,40,49
1.0,46,49
