1.0,0,3
1.0,5,6
1.0,1,7
1.0,2,8
1.0,6,12
1.0,5,14
1.0,13,16
1.0,14,16
1.0,17,18
1.0,13,19
1.0,7,20
1.0,8,20
1.0,6,21
1.0,7,21
1.0,19,21
1.0,9,22
1.0,15,23
1.0,22,23
1.0,0,24
1.0,1,24
1.0,9,25
1.0,10,25
1.0,13,25
1.0,15,26
1.0,18,26
1.0,4,29
1.0,9,29
1.0,2,30
1.0,18,30
1.0,27,30
1.0,2,31
1.0,12,31
1.0,27,31
1.0,14,32
1.0,23,33
1.0,11,34
1.0,17,34
1.0,28,34
1.0,3,35
1.0,11,35
1.0,10,36
1.0,20,36
1.0,33,37
1.0,35,37
1.0,4,38
1.0,37,38
1.0,3,39
1.0,11,39
1.0,24,39
1.0,19,40
1.0,32,40
1.0,0,41
1.0,5,41
1.0,28,42
1.0,10,43
1.0,17,43
1.0,36,43
1.0,33,44
1.0,40,44
1.0,42,44
1.0,1,45
1.0,8,45
1.0,12,45
1.0,22,46
1.0,32,46
1.0,38,46
1.0,16,47
1.0,41,47
1.0,42,47
1.0,4,48
1.0,26,48
1.0,27,48
1.0,15,49
1.0,28,49
1.0,29,49
