1.0,0,3
1.0,4,6
1.0,1,10
1.0,9,10
1.0,0,11
1.0,1,13
1.0,3,14
1.0,7,15
1.0,8,17
1.0,0,18
1.0,7,19
1.0,14,19
1.0,2,20
1.0,13,21
1.0,4,22
1.0,12,22
1.0,21,22
1.0,10,23
1.0,8,24
1.0,16,24
1.0,17,24
1.0,8,25
1.0,12,26
1.0,16,26
1.0,6,27
1.0,7,27
1.0,25,28
1.0,11,29
1.0,15,29
1.0,19,30
1.0,29,30
1.0,9,31
1.0,2,32
1.0,11,32
1.0,16,33
1.0,17,33
1.0,31,33
1.0,2,34
1.0,5,34
1.0,15,34
1.0,5,35
1.0,1,36
1.0,28,36
1.0,18,37
1.0,35,37
1.0,12,38
1.0,26,38
1.0,32,38
1.0,14,39
1.0,23,39
1.0,13,40
1.0,21,40
1.0,31,40
1.0,5,41
1.0,20,41
1.0,9,42
1.0,36,42
1.0,39,43
1.0,41,43
1.0,3,44
1.0,25,45
1.0,27,45
1.0,43,45
1.0,30,46
1.0,35,46
1.0,44,46
1.0,4,47
1.0,6,47
1.0,28,47
1.0,20,48
1.0,23,48
1.0,42,48
1.0,18,49
1.0,37,49
1.0,44,49
