0.47145482730851263,2,5
0.73052573938072807,0,6
0.86246250613924325,0,7
0.99265355562247304,4,8
0.86375415480673901,7,10
0.35816782940096148,5,12
0.95753480950131165,0,13
0.25959707529702969,4,13
0.92869184899369672,3,14
0.045179820530224069,12,15
0.10896934027546323,3,16
0.0036358667862919081,11,17
0.55103522504886626,16,18
0.61838856596106606,4,19
0.12806952153111195,1,20
0.29459638416217893,17,21
0.38489226013839728,8,22
0.433031487345653,19,22
0.1754912382326016,12,23
0.043094061757655178,9,25
0.17535447391722658,25,27
0.84790666298034956,26,27
0.55433599528845801,3,28
0.61691232855278877,22,28
0.074205284946434857,27,29
0.78728213352136067,16,30
0.48483688477330344,24,30
0.99290978276736241,24,32
0.90252295138385075,31,32
0.27842772548919714,2,33
0.67543926249977271,10,34
0.92544495995282472,15,34
0.88966186781402445,21,34
0.73398429044427571,6,35
0.1624117947383833,7,35
0.62229705032463456,14,36
0.22203048231080313,26,36
0.56367968744326147,33,36
0.60820257456024263,8,37
0.337298026743726,26,37
0.5466144936798385,31,37
0.99576756113771614,13,38
0.65056138665155983,20,38
0.53553458238414442,33,38
0.33548165052370926,14,39
0.84462482444689535,17,39
0.5753172275758115,18,39
0.45724236865878032,23,40
0.55187149342799835,24,40
0.3676037429391702,32,40
0.93786282123938036,2,41
0.52644776514503389,20,41
0.019522108945266847,28,41
0.79556242167033242,1,42
0.98830691083291589,15,43
0.879894333140534,31,43
0.27697493615203395,35,43
0.19855068556021682,1,44
0.20441073432859314,19,44
0.7582159304383651,42,44
0.32754498393759812,6,45
0.27923034328750573,18,45
0.52402285203494214,30,45
0.64820795616285121,10,46
0.15968444575395424,21,46
0.69651185557632322,29,46
0.33238927563574461,11,47
0.49875613030852883,23,47
0.74811110853162388,42,47
0.052029071858883391,9,48
0.97586034405835698,25,48
0.091248076011730128,29,48
0.84637379309134242,5,49
0.57949683516229322,9,49
0.64385297770355676,11,49
