1.0,2,7
1.0,1,9
1.0,4,11
1.0,6,14
1.0,5,15
1.0,5,16
1.0,7,17
1.0,9,18
1.0,13,18
1.0,3,19
1.0,9,20
1.0,12,20
1.0,12,21
1.0,4,22
1.0,15,23
1.0,15,24
1.0,22,24
1.0,7,25
1.0,16,25
1.0,0,26
1.0,18,26
1.0,20,26
1.0,3,27
1.0,8,27
1.0,13,27
1.0,10,28
1.0,23,28
1.0,11,29
1.0,17,29
1.0,0,31
1.0,4,31
1.0,8,32
1.0,25,32
1.0,5,33
1.0,2,34
1.0,14,34
1.0,30,34
1.0,0,35
1.0,2,35
1.0,12,35
1.0,6,36
1.0,33,36
1.0,3,37
1.0,21,37
1.0,1,38
1.0,11,38
1.0,37,38
1.0,10,39
1.0,29,39
1.0,16,40
1.0,32,40
1.0,10,41
1.0,19,41
1.0,8,42
1.0,30,42
1.0,13,43
1.0,22,43
1.0,42,43
1.0,19,44
1.0,28,44
1.0,41,44
1.0,1,45
1.0,6,45
1.0,14,45
1.0,17,46
1.0,24,46
1.0,39,46
1.0,23,47
1.0,30,47
1.0,31,47
1.0,36,48
1.0,40,48
1.0,21,49
1.0,33,49
1.0,48,49
