0.1541589440572827,0,3
0.74579382608229361,7,8
0.60647242658361233,4,11
0.52991478985362328,3,12
0.0079388251671620447,0,13
0.27300473837019901,10,14
0.1944568501493249,12,14
0.92865923773347636,13,19
0.34008206055607504,10,20
0.88030394227636366,5,21
0.029847567541062214,19,23
0.35696759770892506,18,24
0.89863563538105196,10,25
0.039461461097148542,15,25
0.029637759514026363,11,26
0.7340024355011715,15,26
0.99216256226752397,2,27
0.92851965552078586,24,27
0.09811623668847802,5,28
0.38414294059443133,7,28
0.54520209586179547,9,28
0.29439742122128176,12,29
0.49173946076390751,14,29
0.74505261889311658,23,29
0.85429963051253521,4,30
0.60191743475419957,17,30
0.28135386664442819,22,30
0.35384001517055552,3,31
0.44544635809989819,21,31
0.038314588726304666,23,31
0.48040705499285496,1,32
0.96001042201276865,9,32
0.15451994544101344,21,33
0.30113001201404554,32,33
0.278016840091447,2,34
0.60836823653812444,20,34
0.4059493221293633,0,35
0.22279129537120201,27,35
0.77626019082743014,16,36
0.45704130149560318,6,37
0.70785795007608032,16,37
0.16672534625920776,36,37
0.80236246673830414,7,38
0.077598856284097795,8,38
0.72032161832332797,11,38
0.15398316006627488,1,39
0.76410396618029919,17,39
0.24526263771639811,18,39
0.61263942683861095,6,40
0.61203594752092849,17,40
0.10607238455757573,26,40
0.57636063059352072,8,41
0.86699262398836319,13,41
0.63889711984599362,35,41
0.82730176623488616,18,42
0.8576887066575718,20,42
0.099726197348896539,24,42
0.64712470331736305,4,43
0.16016244273890734,5,43
0.5409155341859474,19,43
0.21846188937141353,2,44
0.96682110577310765,22,44
0.93331165642881675,1,45
0.39578594566964265,9,45
0.81843173773622357,25,45
0.25986746572613884,15,46
0.75365732354417569,44,46
0.57799245683403355,16,47
0.71932292374764706,22,47
0.8088572748957612,6,48
0.59887057446944925,34,48
0.27627098612095546,47,48
0.88263024710079863,33,49
0.88812366196228887,36,49
0.22130040976862664,46,49
