1.0,0,4
1.0,3,5
1.0,6,10
1.0,9,11
1.0,2,13
1.0,5,13
1.0,9,14
1.0,3,16
1.0,3,17
1.0,2,20
1.0,7,20
1.0,0,21
1.0,4,21
1.0,21,22
1.0,17,23
1.0,18,23
1.0,2,25
1.0,11,25
1.0,22,25
1.0,6,26
1.0,12,27
1.0,19,27
1.0,4,28
1.0,13,28
1.0,24,28
1.0,0,29
1.0,18,29
1.0,23,30
1.0,22,31
1.0,27,31
1.0,17,32
1.0,26,32
1.0,12,33
1.0,29,33
1.0,30,33
1.0,8,34
1.0,10,34
1.0,1,35
1.0,35,36
1.0,15,37
1.0,30,37
1.0,6,38
1.0,11,38
1.0,37,38
1.0,1,39
1.0,19,39
1.0,7,40
1.0,32,40
1.0,36,40
1.0,10,41
1.0,16,41
1.0,24,41
1.0,5,42
1.0,8,42
1.0,14,42
1.0,14,43
1.0,31,43
1.0,8,44
1.0,9,44
1.0,43,44
1.0,15,45
1.0,20,45
1.0,39,45
1.0,16,46
1.0,34,46
1.0,35,46
1.0,7,47
1.0,18,47
1.0,36,47
1.0,15,48
1.0,19,48
1.0,24,48
1.0,1,49
1.0,12,49
1.0,26,49
