1.0,1,5
1.0,4,8
1.0,6,10
1.0,5,11
1.0,3,12
1.0,0,13
1.0,1,14
1.0,2,15
1.0,8,15
1.0,11,16
1.0,0,17
1.0,13,17
1.0,6,18
1.0,15,19
1.0,19,20
1.0,20,21
1.0,3,22
1.0,9,22
1.0,3,23
1.0,18,23
1.0,0,24
1.0,16,25
1.0,10,26
1.0,19,26
1.0,23,26
1.0,2,27
1.0,5,28
1.0,9,28
1.0,4,29
1.0,9,30
1.0,21,32
1.0,30,33
1.0,32,33
1.0,24,34
1.0,28,34
1.0,32,34
1.0,33,36
1.0,35,36
1.0,31,37
1.0,36,37
1.0,7,38
1.0,21,38
1.0,35,38
1.0,8,39
1.0,37,39
1.0,2,40
1.0,4,40
1.0,14,40
1.0,12,41
1.0,25,41
1.0,29,41
1.0,13,42
1.0,22,42
1.0,27,42
1.0,10,43
1.0,12,43
1.0,31,43
1.0,6,44
1.0,18,44
1.0,29,44
1.0,1,45
1.0,7,45
1.0,27,45
1.0,16,46
1.0,17,46
1.0,39,46
1.0,7,47
1.0,11,47
1.0,35,47
1.0,14,48
1.0,20,48
1.0,30,48
1.0,24,49
1.0,25,49
1.0,31,49
