1.0,3,5
1.0,9,10
1.0,3,11
1.0,9,14
1.0,4,15
1.0,10,15
1.0,3,17
1.0,6,17
1.0,13,19
1.0,0,20
1.0,1,20
1.0,16,20
1.0,19,21
1.0,8,22
1.0,14,23
1.0,18,23
1.0,23,24
1.0,4,25
1.0,21,25
1.0,7,26
1.0,15,26
1.0,2,28
1.0,8,28
1.0,0,29
1.0,0,30
1.0,6,30
1.0,2,31
1.0,4,31
1.0,5,31
1.0,17,32
1.0,22,32
1.0,2,33
1.0,11,33
1.0,5,34
1.0,10,35
1.0,12,35
1.0,28,35
1.0,13,36
1.0,16,36
1.0,22,37
1.0,34,37
1.0,12,38
1.0,14,38
1.0,21,38
1.0,1,39
1.0,18,39
1.0,29,39
1.0,1,40
1.0,27,40
1.0,33,41
1.0,34,41
1.0,40,41
1.0,11,42
1.0,29,42
1.0,32,42
1.0,9,43
1.0,24,43
1.0,37,43
1.0,8,44
1.0,26,44
1.0,27,44
1.0,16,45
1.0,27,45
1.0,30,45
1.0,7,46
1.0,13,46
1.0,18,47
1.0,19,47
1.0,25,47
1.0,6,48
1.0,12,48
1.0,36,48
1.0,7,49
1.0,24,49
1.0,46,49
