0.11950824263417326,0,1
0.62041821126435548,4,5
0.055589243254201448,7,12
0.65226193039498892,2,13
0.59001965427403613,0,15
0.85559061666976044,6,15
0.97563903016799591,11,15
0.38552474051611307,13,18
0.86749981169617441,11,19
0.81992061833774077,14,19
0.7621104668715647,7,20
0.77205405835944629,2,21
0.51653906096678459,4,22
0.44658096271984471,12,23
0.8281090334479797,22,23
0.038975189080785788,3,24
0.23899314131210236,4,25
0.051566213263146476,1,26
0.67980829099019413,9,26
0.39894854343635089,24,27
0.426187384262258,7,28
0.55697254456215983,16,28
0.79342151174667352,1,29
0.25078263507088927,8,29
0.22923966400209239,8,30
0.68198302849985115,11,30
0.36579700243856039,12,30
0.44530300007425616,26,31
0.30900042448032505,19,32
0.92634313148677161,3,33
0.6518084939714246,9,33
0.78348106248473381,25,33
0.29658899684991591,25,34
0.046067424641041077,32,34
0.31304089003501756,2,35
0.46500225601210354,18,35
0.76794324415398929,29,35
0.76044904815495817,14,36
0.13736031907688728,16,36
0.052774861708328458,21,36
0.2566349277449661,6,37
0.59807730813864357,27,37
0.3741991958426385,31,37
0.055865712652540922,14,38
0.17503939279791902,22,38
0.11022788254887717,34,38
0.3012907406373686,13,39
0.46106513423788531,17,39
0.50729227248072917,20,39
0.7272707353658282,10,40
0.15117395407457601,27,40
0.13658092155738089,28,40
0.57167772559830499,17,41
0.84639204206203389,0,42
0.0092347379051088696,6,42
0.70011034685158857,21,42
0.44330256059040019,10,43
0.2784321693635412,17,43
0.37253849840944731,41,43
0.1578818676311261,5,44
0.54642230725532226,16,44
0.36701191603909789,23,45
0.66613216859930557,44,45
0.25597883219540607,10,46
0.046614807841350636,18,46
0.27394466204001855,45,46
0.68761362014028693,8,47
0.49602770384187578,20,47
0.12694639040854594,32,47
0.37042856744368058,3,48
0.45424819422541818,24,48
0.94964516393798082,41,48
0.59479066443826833,5,49
0.40062319739032348,9,49
0.55447148662289281,31,49
