0.16060956934470927,0,5
0.63101240642047907,0,6
0.21472291154305645,2,7
0.31583010495124908,2,8
0.94075002581385703,8,9
0.067976033767187971,11,12
0.76792139247369506,12,13
0.6869852559022489,10,14
0.050724626314401111,1,20
0.48197937664964974,11,20
0.55743779515998548,14,20
0.71298860696805555,4,21
0.94891993163164068,7,21
0.39621142035909385,10,23
0.13786176270142247,8,25
0.53953723710515422,18,26
0.29093636106234211,5,27
0.35022015451219068,9,27
0.58067579324938079,1,28
0.89408592716662949,21,28
0.66980717938591172,6,29
0.54639883335787653,23,29
0.84425780982770493,15,30
0.76813692649423615,19,30
0.98482969801690545,22,30
0.95681590339096867,13,31
0.47917531969181948,24,32
0.88999974672837723,3,33
0.1211062793897012,16,33
0.21778872888219936,19,33
0.50898109676306491,6,34
0.44959342422800896,13,34
0.10503001394935196,7,35
0.29429489861479941,16,35
0.16507564209347936,17,35
0.30932006442253557,19,36
0.15440118056259289,34,36
0.040734398516978132,17,37
0.91461551685230535,18,37
0.75262353116182601,1,38
0.17186716066230157,18,38
0.29134979924400939,25,38
0.22897342897006667,11,39
0.77561548751576448,25,39
0.99691134521694214,26,39
0.3575029820858453,3,40
0.31410096133419252,15,40
0.27363703105435544,37,40
0.27589735767215895,0,41
0.32600638488130151,10,41
0.11776798792101018,22,41
0.82854063984925208,9,42
0.66202767447552946,14,42
0.41397879513778646,32,42
0.99399084092825363,3,43
0.04535160645348324,4,43
0.90215426698193446,17,43
0.35178102869571592,15,44
0.25702986621139101,23,44
0.36416625214166154,29,44
0.63359738201376659,12,45
0.50173290338621068,31,45
0.79886602885135383,32,45
0.52060508342347123,5,46
0.59553025535535065,24,46
0.20768965706699294,27,46
0.23885357521534201,24,47
0.1923078754574794,31,47
0.40049370985727006,36,47
0.49017850685843289,2,48
0.33659123053786777,26,48
0.73359467066179673,28,48
0.65189889396001921,4,49
0.47175432917008042,16,49
0.75282293984561566,22,49
