0.65730116164101615,1,2
0.70441313027941022,4,5
0.25669483877590138,1,6
0.74319223065823559,2,9
0.49021225698067539,6,10
0.40554535736224706,7,10
0.011633584591360102,4,12
0.5072099303898554,7,16
0.87065830948152234,5,17
0.78356599505270519,12,19
0.84047854953291312,12,21
0.55730832257822593,16,21
0.6658467092180288,19,21
0.032715631870836259,13,22
0.86685884162780014,4,25
0.37734344497150196,19,25
0.35511175537726947,24,25
0.84999862081094724,0,26
0.16089420699766066,11,26
0.71672422162282368,20,26
0.40185717290992751,9,27
0.49060378777736691,20,27
0.96921489323884635,22,27
0.8657572507818313,15,28
0.32596377218817629,23,28
0.6225613104450638,7,29
0.3291917029594511,20,29
0.045708358791023085,14,30
0.96947428363412169,3,31
0.064157417402506356,8,31
0.096764546407099306,18,31
0.36909885829762146,17,32
0.61663513338730391,1,34
0.071437127515709076,14,34
0.03493956567837897,30,34
0.5207878987926633,0,35
0.78793145200747872,15,35
0.31952281976820918,28,35
0.22929863049666521,11,37
0.54711415164404931,17,37
0.4164986496588009,32,37
0.10228576132433831,10,38
0.46281508783047509,14,39
0.20128224023287433,24,39
0.51317805584785492,32,39
0.93145754251373214,2,40
0.69664290220605107,33,40
0.49954228080785712,38,40
0.73424474757180713,3,41
0.35709993676874086,8,41
0.48970063137149045,38,41
0.77865799676434377,3,42
0.14330415208371827,18,42
0.35571586160087409,33,42
0.94906556727767466,11,43
0.63792599395169591,24,43
0.22252117506523295,33,43
0.89771981084612695,16,44
0.87740509107622922,23,44
0.094028913117829571,30,44
0.62350458197363534,5,45
0.36825190319532874,8,45
0.36046001457922305,18,45
0.16295224543236575,0,46
0.025453022149072524,15,46
0.38908878777930678,36,46
0.46443198261152119,9,47
0.93675515299988144,13,47
0.07807622421138205,36,47
0.20333662028017718,13,48
0.93930966879304056,22,48
0.66233670316847904,29,48
0.58754790947960145,6,49
0.32543269294726129,23,49
0.39692142886597526,36,49
