0.15775809589158907,0,5
0.56908696779449974,6,11
0.019796826074254814,0,15
0.26211805774712116,1,16
0.9523575022675379,11,16
0.66335801449859066,14,16
0.46737317041539539,10,17
0.114439338759037,6,18
0.52693298159271384,7,18
0.38452003382314681,11,18
0.89205508602731098,4,19
0.6127060002677478,3,20
0.66366912917695853,8,22
0.068277878042392937,22,23
0.13855831064155633,1,24
0.0067336174668397586,4,24
0.93898527489938521,12,25
0.3675736692606052,20,25
0.28625866025429525,23,25
0.74975637178979082,8,26
0.94262591914001481,8,27
0.18807598538890058,15,27
0.85772389807940841,17,27
0.059045958551909306,9,28
0.21427421167945782,12,28
0.53323077321580881,2,29
0.20861104614099901,23,29
0.38233949273894396,10,31
0.39063810322227177,26,31
0.46773414411652592,30,32
0.29481603026466063,4,33
0.66276966966057016,29,33
0.10174032829368118,32,33
0.12067352422042754,21,34
0.99806607313248541,2,35
0.92848353073854617,20,36
0.1110118097651358,34,36
0.078779859729666835,5,37
0.18748131725230077,7,37
0.093260174763245107,14,37
0.0059039949299573014,7,38
0.14002870341929252,10,38
0.9008994434431804,32,38
0.38888426408175469,1,39
0.98985666470395939,21,39
0.03215076946711537,9,40
0.24575153128192662,12,40
0.46696445560841293,21,40
0.32116281257904722,19,41
0.44795766884887345,28,41
0.90672242170638728,30,41
0.70795474619187693,6,42
0.41249048621913731,13,42
0.81447365569562247,30,42
0.62420377027253138,3,43
0.52478746607319304,5,43
0.61008671654213253,13,43
0.55326701036457515,15,44
0.54385550408702277,34,44
0.11552759007877722,36,44
0.064026757820793367,22,45
0.040385943341285868,24,45
0.18083079593312812,26,45
0.94355141183581104,3,46
0.54614350520237276,31,46
0.67621369145286458,35,46
0.36711113687519026,0,47
0.35116400642482692,2,47
0.84381216890379318,17,47
0.57261647640781965,13,48
0.42596229437773669,14,48
0.40515215534647353,19,48
0.42366367778136882,9,49
0.52706109675299218,35,49
0.092436433569494936,39,49
