0.41588522682609885,3,5
0.96598929120968069,0,11
0.66994255636103062,9,12
0.62017788682435637,10,12
0.80012608383388151,2,15
0.85153156868604962,5,15
0.32076086299280793,7,15
0.83996862348414258,2,16
0.66368831867426603,8,16
0.1462101048753599,11,17
0.8278393242295855,1,18
0.29706279545761738,7,19
0.35867269641675414,8,20
0.11017059380261673,6,21
0.88531553998207613,17,21
0.12881639765243302,4,22
0.17261668848699097,1,23
0.32219420275501509,7,25
0.5751914951703665,21,25
0.53139043840794298,22,25
0.50851692602915566,12,26
0.85137726813943981,16,26
0.69877970672017797,24,27
0.40783117521146051,4,28
0.95090669854905474,6,28
0.73799064850578755,9,28
0.13607050301355716,6,29
0.82155015275306842,13,29
0.50538715831527781,19,29
0.90744375284801182,14,31
0.94033959619495244,13,32
0.031716886001013966,30,32
0.77320311138242959,1,34
0.35846913874359032,14,34
0.0013905955653733537,27,34
0.12239448495771521,20,35
0.48049428406917327,26,35
0.42025840217537669,27,36
0.66273879513549638,30,36
0.64989592785473327,11,37
0.45377494827986919,13,37
0.9648506121945295,14,38
0.97707347900959218,17,38
0.89930877305520862,33,38
0.92945261536193868,9,39
0.73244268386232247,23,39
0.12525961052057877,33,39
0.3367549010765688,8,40
0.56304731809889808,31,40
0.4312565734039997,5,41
0.47555247675477075,18,41
0.53558128661892657,40,41
0.33932260548870152,10,42
0.5431733711948955,30,42
0.99093386784390192,0,43
0.19689060757546728,19,43
0.55409906314616275,32,43
0.51023326312440775,0,44
0.89352705445820046,10,44
0.44838264510417658,24,44
0.061019046641336838,3,45
0.9657060152558552,31,45
0.84826403920292359,33,45
0.25627189953466822,2,46
0.22818748705989711,3,46
0.34481781641717402,4,46
0.57471105392459865,18,47
0.31069008929114161,23,47
0.87271401696111184,35,47
0.78146485292004453,24,48
0.41098750043101451,37,48
0.08682903301798528,42,48
0.12221294765611623,20,49
0.89952886395712639,22,49
0.90108549135142535,36,49
