0.62865372453208834,1,6
0.63785464599253661,6,10
0.070534115244129114,4,11
0.51375443569813939,3,13
0.020142993314633539,2,14
0.66743792113654488,1,15
0.066439092971443015,12,15
0.35702880387061087,14,15
0.13972719791407295,13,16
0.67238057000114371,5,17
0.036828337796325217,6,17
0.7659195508611355,2,18
0.87696444226176018,4,19
0.84426381376254578,16,19
0.63161028727474522,10,20
0.62412107305175069,2,22
0.15825920040099961,12,23
0.19044780757859048,19,24
0.0014624221202806931,21,24
0.52878318428937954,8,26
0.79052919102554531,12,26
0.30811600081084389,22,26
0.19107998736217358,13,27
0.37297640398312215,25,27
0.89943587063098074,0,28
0.12823028046309015,7,29
0.058435502396971151,9,30
0.7603165959991669,21,30
0.62956904492358234,28,30
0.42663435995853682,11,31
0.25341666992181644,22,31
0.20291090968857506,25,31
0.6556113352689299,7,32
0.25003378930167708,8,33
0.78743361031349612,16,33
0.73416301101748027,32,33
0.11161731826342236,18,34
0.66074136811740791,25,34
0.39107926552808725,1,35
0.17095250176852639,9,35
0.97590628756065778,20,35
0.24062926597259382,28,36
0.92162923732202018,34,36
0.27685299232954463,32,37
0.88980607343328499,5,38
0.63447897034298717,8,38
0.29434119413543491,17,39
0.50011683873924062,36,39
0.29970499384080052,3,40
0.10037606880158301,11,40
0.15160981411329155,14,41
0.448625149003826,29,41
0.16224414587795244,40,41
0.1504735676707657,20,42
0.65221418451319013,37,42
0.37080748292905941,9,43
0.89379586825549107,29,43
0.11429140900082879,0,44
0.53698964980704378,5,44
0.44360801352042223,27,44
0.19413525812267662,3,45
0.66861346894874163,4,45
0.94806367183946905,23,45
0.67626530662931683,7,46
0.87222446815941534,21,46
0.36109521794868737,24,46
0.93019346548836535,0,47
0.74974663967053223,39,47
0.1619543409314933,43,47
0.48935123884024889,18,48
0.62710412830011475,38,48
0.045911513868705844,42,48
0.58737753998141229,10,49
0.96843169039526322,23,49
0.57171588354567116,37,49
