0.6960599176766975,0,1
0.91987769593006896,2,3
0.92076327141000702,2,7
0.52042513934626333,5,7
0.95744972470277001,11,13
0.49686676966774113,0,14
0.25922682599970814,0,15
0.76610915430537296,3,15
0.85477711284306179,1,16
0.81611619242340694,8,17
0.0035647512078146315,9,17
0.43373022848017373,5,18
0.90988491172779173,9,19
0.15299400394573326,12,19
0.90462224870609476,19,21
0.35399150559641501,17,23
0.43447655690225717,3,24
0.55400843661730559,10,24
0.093472786933600727,21,25
0.28027795694282642,4,26
0.071266920332323069,12,27
0.78183999484951927,24,27
0.52440715683059824,25,28
0.11509755062631777,6,29
0.48543927711507029,8,29
0.77003236609224723,4,30
0.66894448848442289,6,30
0.39312633710786626,10,31
0.46078289209216505,16,31
0.23448089682838513,29,32
0.23793384438368437,8,33
0.37428718314435194,32,33
0.89787374966957001,1,34
0.062598588221029372,5,34
0.37744620462932932,26,34
0.37365108142704317,12,35
0.89916552453247556,23,35
0.53155515444113521,32,35
0.26049396511673717,13,36
0.32856027917728181,27,36
0.91632359378066719,33,36
0.17777199854561365,9,37
0.38646283521943303,18,37
0.41199895346003257,23,37
0.11361306565929519,6,38
0.18027294296886032,20,38
0.49068779128334405,20,39
0.82332715836617298,22,39
0.8235558070477802,11,40
0.37841677930309225,21,40
0.99611223478314159,38,41
0.072815031731631397,39,41
0.19819170515686924,7,42
0.091311168099961648,14,42
0.14636767124686167,16,42
0.99838122868610235,22,43
0.7882112285005658,25,43
0.0049076096772305844,30,43
0.82558945609867673,20,44
0.74001962563718315,22,44
0.50767519555618446,31,44
0.38508365173236214,4,45
0.27125899159982247,14,45
0.47064478164117918,2,46
0.31926750007705584,15,46
0.51590432506294093,40,46
0.53183548404104053,13,47
0.14529265637509459,28,47
0.22648300178483394,41,47
0.69431679213632835,10,48
0.95042742515235346,28,48
0.18106552582572133,45,48
0.51480806972446991,11,49
0.2195825650055675,18,49
0.34633513574708552,26,49
