1.0,1,3
1.0,5,6
1.0,5,7
1.0,4,9
1.0,4,11
1.0,5,12
1.0,7,14
1.0,2,15
1.0,3,16
1.0,3,17
1.0,13,18
1.0,9,19
1.0,13,19
1.0,16,19
1.0,10,20
1.0,8,21
1.0,6,23
1.0,10,23
1.0,6,25
1.0,24,25
1.0,0,27
1.0,2,27
1.0,4,28
1.0,7,28
1.0,14,28
1.0,15,29
1.0,1,30
1.0,11,30
1.0,26,30
1.0,15,31
1.0,21,31
1.0,29,31
1.0,8,32
1.0,17,32
1.0,26,32
1.0,14,34
1.0,9,35
1.0,16,35
1.0,23,35
1.0,8,36
1.0,22,36
1.0,26,36
1.0,21,37
1.0,24,37
1.0,25,37
1.0,34,38
1.0,33,39
1.0,38,39
1.0,0,40
1.0,22,40
1.0,27,40
1.0,1,41
1.0,2,41
1.0,39,41
1.0,0,42
1.0,29,42
1.0,38,43
1.0,42,43
1.0,24,44
1.0,33,44
1.0,34,44
1.0,33,45
1.0,43,45
1.0,12,46
1.0,17,46
1.0,45,46
1.0,11,47
1.0,13,47
1.0,20,47
1.0,12,48
1.0,18,48
1.0,20,48
1.0,10,49
1.0,18,49
1.0,22,49
