0.1976359272213285,0,7
0.47542607713329199,6,8
0.54396963375961493,2,9
0.043538688450645235,5,11
0.63044341664309678,6,12
0.72859029867618186,9,12
0.141689031954645,10,12
0.29938968882807948,14,15
0.15375497107243918,4,16
0.79446957431677911,8,16
0.53675199777986471,4,18
0.93500091504141247,6,18
0.26851641598405762,1,19
0.63970115793047233,18,19
0.033790718456487845,2,20
0.89771062032194171,10,21
0.13620475921018138,15,22
0.099461471292966785,17,22
0.32783143347705646,21,23
0.6312317283276031,11,24
0.3223233576611868,13,24
0.34825698901049718,14,25
0.36089847605664471,0,26
0.74722910717163571,19,27
0.83779785543811591,21,27
0.3801980823245722,14,29
0.096081181226719714,28,29
0.23441277030279861,3,30
0.74710603091746663,16,30
0.17519351135260008,28,30
0.91437661291281513,9,31
0.58419769328569693,13,31
0.64953210372294667,20,31
0.63064847804311075,5,32
0.34385269310433042,8,32
0.38268207370175777,22,32
0.25708282332455701,10,33
0.69753977685151602,17,33
0.53675297076578743,27,34
0.48524499592798864,26,35
0.97627413539847341,1,36
0.34495768697665086,7,36
0.22397221584510374,20,36
0.98084052988455939,2,37
0.18917792789920418,4,37
0.15711466211274183,34,37
0.14546738320717778,1,38
0.79267437720414824,28,38
0.084271303334668257,11,39
0.19804367510933008,25,39
0.0072627526717126134,34,39
0.92207317970608671,23,40
0.3077242681707989,35,40
0.64839669422528967,15,41
0.41172292535753208,35,41
0.84687917468167673,3,42
0.12258054647133942,5,42
0.96297287669348264,13,42
0.70600262691764115,24,43
0.73763381759824054,26,43
0.44673314417862331,40,43
0.31019993943899005,29,44
0.75667444970081787,25,45
0.21492688108696612,38,45
0.53152717660179238,41,45
0.60127131764353636,0,46
0.69818705755362098,17,46
0.60994472183364368,7,47
0.28224521370461131,23,47
0.26486384982935485,3,48
0.77587737135066148,33,48
0.80655533211287567,44,48
0.91566593908221594,44,49
0.70171558780021515,46,49
0.72879663280836871,47,49
