1.0,2,3
1.0,1,4
1.0,3,4
1.0,7,9
1.0,2,10
1.0,3,10
1.0,10,13
1.0,1,16
1.0,9,17
1.0,13,19
1.0,5,20
1.0,8,20
1.0,15,21
1.0,5,22
1.0,14,23
1.0,6,24
1.0,20,25
1.0,14,26
1.0,21,26
1.0,2,27
1.0,7,27
1.0,18,27
1.0,6,28
1.0,8,28
1.0,19,28
1.0,1,29
1.0,11,29
1.0,16,29
1.0,12,30
1.0,18,30
1.0,6,31
1.0,9,31
1.0,13,32
1.0,24,33
1.0,22,34
1.0,25,34
1.0,15,35
1.0,33,35
1.0,14,36
1.0,24,36
1.0,33,36
1.0,0,37
1.0,17,37
1.0,34,37
1.0,4,38
1.0,11,38
1.0,12,38
1.0,15,39
1.0,17,39
1.0,32,39
1.0,18,40
1.0,21,40
1.0,30,40
1.0,23,41
1.0,25,41
1.0,7,42
1.0,11,42
1.0,32,43
1.0,42,43
1.0,23,44
1.0,0,45
1.0,5,45
1.0,43,45
1.0,31,46
1.0,35,46
1.0,41,46
1.0,0,47
1.0,16,47
1.0,26,47
1.0,12,48
1.0,22,48
1.0,44,48
1.0,8,49
1.0,19,49
1.0,44,49
