0.0058736505811498585,1,6
0.93572513564708548,3,6
0.039654963729602866,7,8
0.96059301796803254,1,10
0.91684218500231518,3,10
0.93061494465227734,7,13
0.3165542355009574,8,13
0.65541218842087223,9,13
0.44247637340251511,3,14
0.021608677684262889,2,16
0.070896014297387455,11,17
0.22127285551708176,5,19
0.99106434982493674,4,20
0.82676157383767668,0,22
0.84415427954888023,2,23
0.83085938084716759,18,23
0.43611254787624121,1,24
0.46923681899028868,10,25
0.064241505488641826,19,25
0.67993523924835586,18,26
0.59498541850129882,19,26
0.85864500173118741,12,27
0.51217085023035946,11,28
0.86632952223385939,5,29
0.31807726938864767,11,29
0.55824922927960408,7,30
0.97890187077581481,16,30
0.037651486627259256,27,30
0.11109021463033464,18,31
0.19698718434545492,15,32
0.51196573517992772,31,32
0.43654373200553365,2,33
0.95931795388530283,20,33
0.76825410412335615,0,34
0.5740961760975325,9,35
0.40466968703795037,14,35
0.56079105805647944,28,35
0.37358522930545079,21,36
0.37191564380407494,33,36
0.51103540908367096,4,37
0.50723289427883722,22,37
0.99904787110402704,31,37
0.48964758960274679,6,38
0.30533755743533497,26,38
0.69024100627885809,34,38
0.56326305158388312,8,39
0.22389691746945639,12,39
0.19469722868391659,32,39
0.3741013514062046,0,40
0.96738481332842041,15,40
0.076449921216249384,22,40
0.29566971501064476,9,41
0.50600531056393372,24,41
0.36391362125751825,34,41
0.82471145716272498,21,42
0.97205831290499289,25,42
0.23910207749082812,14,43
0.72546581201598537,17,43
0.71790016390649569,28,43
0.090560009481095327,17,44
0.017682298478722269,36,44
0.96861289361366443,12,45
0.64595199590515961,16,45
0.48898197643390584,29,45
0.35173460722942407,4,46
0.8291743750917866,21,46
0.94472860795036051,42,46
0.96444586517908071,15,47
0.26163291897177532,20,47
0.99540065592522065,5,48
0.48059644696729009,27,48
0.75868789641543311,44,48
0.3062127731237011,23,49
0.25597390272145626,24,49
0.9879225091897621,47,49
