1.0,0,5
1.0,2,9
1.0,3,9
1.0,2,12
1.0,3,12
1.0,10,13
1.0,13,16
1.0,6,18
1.0,8,19
1.0,12,19
1.0,17,20
1.0,0,21
1.0,1,21
1.0,18,22
1.0,7,23
1.0,23,25
1.0,10,26
1.0,15,26
1.0,4,27
1.0,11,27
1.0,17,27
1.0,15,28
1.0,20,28
1.0,25,28
1.0,19,29
1.0,2,30
1.0,8,31
1.0,30,31
1.0,11,32
1.0,18,32
1.0,1,33
1.0,13,34
1.0,16,34
1.0,9,35
1.0,29,35
1.0,0,36
1.0,16,36
1.0,17,36
1.0,6,37
1.0,33,37
1.0,10,38
1.0,14,38
1.0,15,38
1.0,24,39
1.0,26,39
1.0,33,39
1.0,22,40
1.0,25,40
1.0,1,41
1.0,8,41
1.0,14,41
1.0,11,42
1.0,20,42
1.0,22,42
1.0,4,43
1.0,7,43
1.0,29,43
1.0,24,44
1.0,31,44
1.0,35,44
1.0,3,45
1.0,14,45
1.0,23,45
1.0,5,46
1.0,6,46
1.0,7,46
1.0,4,47
1.0,24,47
1.0,37,47
1.0,30,48
1.0,32,48
1.0,40,48
1.0,5,49
1.0,21,49
1.0,34,49
