0.55240701298750228,0,5
0.6345385935277279,3,6
0.3331395340807185,1,8
0.31488490292492377,6,9
0.71813332129201202,3,10
0.95573598469991916,0,12
0.24424880964549089,2,14
0.55252802568281112,9,14
0.98319005416701655,12,18
0.45427080759908933,13,18
0.93668501116076797,20,21
0.10372017797796718,15,22
0.39657760523698282,2,23
0.91264944622884581,0,24
0.73473633846843145,21,24
0.96760795736564087,3,25
0.38554125275481443,15,25
0.25046016095825885,10,26
0.14186774335841412,11,26
0.39221487963093116,20,26
0.070606620057697023,19,27
0.03449717642231076,23,27
0.10177040270797089,12,28
0.96108412777524765,13,29
0.96363520147445214,17,29
0.40317212051687001,7,30
0.5360675690448834,24,30
0.74221807866900757,5,31
0.62891250740724725,13,31
0.69238732045249696,25,31
0.11548971153158005,10,32
0.48090899141626298,17,32
0.11799284560991308,7,33
0.9796486438522567,27,33
0.23152236629589218,4,34
0.029337602504880156,15,34
0.17625569724448831,28,34
0.52621739438891557,8,35
0.16536249258703462,9,35
0.25605476634486257,6,36
0.58479845001416186,19,36
0.063615918454402842,35,36
0.66022876842288436,1,37
0.18880597777066666,20,38
0.86125855226689296,28,38
0.98530862288396448,29,38
0.99330864250160111,11,39
0.77244773234988107,16,39
0.27520477477454441,17,39
0.12405747029991909,22,40
0.96021610227029996,37,40
0.38949422244301568,16,41
0.34799711627239305,22,41
0.69270492207681089,7,42
0.10237544920892327,5,43
0.38266129463252829,40,43
0.81867735502978889,41,43
0.31043220159570606,21,44
0.74896976734845289,23,44
0.534604291738904,37,44
0.035614012401099404,4,45
0.70555886275860336,16,45
0.41576486089880238,42,45
0.54985834610901663,11,46
0.4586616476104991,14,46
0.88641866156788451,30,46
0.92718956137771547,1,47
0.036018445052991011,4,47
0.85825560048016047,8,47
0.10693167625801636,2,48
0.26295976728744463,18,48
0.22304689313687931,32,48
0.11375227112258657,19,49
0.65994153065835859,33,49
0.92199910507743621,42,49
