1.0,2,3
1.0,3,11
1.0,7,11
1.0,6,12
1.0,8,13
1.0,3,14
1.0,13,14
1.0,1,15
1.0,12,16
1.0,2,17
1.0,15,17
1.0,4,18
1.0,9,19
1.0,1,20
1.0,11,20
1.0,6,21
1.0,19,21
1.0,4,22
1.0,5,23
1.0,9,24
1.0,18,24
1.0,24,26
1.0,18,27
1.0,25,28
1.0,15,29
1.0,16,29
1.0,23,29
1.0,10,30
1.0,4,31
1.0,6,32
1.0,5,33
1.0,10,33
1.0,19,34
1.0,23,34
1.0,12,35
1.0,30,35
1.0,22,36
1.0,27,36
1.0,35,36
1.0,16,37
1.0,31,37
1.0,0,38
1.0,5,38
1.0,8,38
1.0,25,39
1.0,31,39
1.0,32,39
1.0,20,40
1.0,28,40
1.0,8,41
1.0,37,41
1.0,40,41
1.0,0,42
1.0,33,42
1.0,7,43
1.0,17,43
1.0,25,43
1.0,9,44
1.0,13,44
1.0,14,44
1.0,1,45
1.0,10,45
1.0,30,45
1.0,26,46
1.0,34,46
1.0,42,46
1.0,2,47
1.0,22,47
1.0,28,47
1.0,0,48
1.0,21,48
1.0,26,48
1.0,7,49
1.0,27,49
1.0,32,49
