1.0,0,3
1.0,2,4
1.0,1,11
1.0,9,11
1.0,4,12
1.0,7,12
1.0,3,13
1.0,10,13
1.0,1,14
1.0,14,15
1.0,11,16
1.0,15,17
1.0,2,19
1.0,0,21
1.0,14,21
1.0,9,22
1.0,6,23
1.0,20,23
1.0,22,24
1.0,5,25
1.0,10,26
1.0,22,27
1.0,23,27
1.0,24,27
1.0,4,28
1.0,12,28
1.0,8,30
1.0,19,30
1.0,0,31
1.0,5,31
1.0,29,31
1.0,15,32
1.0,18,33
1.0,19,33
1.0,17,34
1.0,28,34
1.0,8,35
1.0,18,35
1.0,32,35
1.0,1,36
1.0,21,36
1.0,26,36
1.0,16,37
1.0,32,37
1.0,34,37
1.0,10,38
1.0,20,38
1.0,18,39
1.0,24,39
1.0,25,39
1.0,8,40
1.0,33,40
1.0,7,41
1.0,29,41
1.0,30,41
1.0,20,42
1.0,38,42
1.0,40,42
1.0,2,43
1.0,13,43
1.0,17,44
1.0,5,45
1.0,43,45
1.0,44,45
1.0,9,46
1.0,26,46
1.0,44,46
1.0,3,47
1.0,6,47
1.0,7,47
1.0,6,48
1.0,29,48
1.0,16,49
1.0,25,49
1.0,48,49
