1.0,3,6
1.0,0,7
1.0,2,8
1.0,10,11
1.0,11,13
1.0,0,15
1.0,2,16
1.0,7,17
1.0,14,17
1.0,17,18
1.0,6,19
1.0,15,19
1.0,2,20
1.0,3,20
1.0,10,21
1.0,13,21
1.0,9,22
1.0,1,23
1.0,5,23
1.0,8,24
1.0,4,25
1.0,6,25
1.0,10,26
1.0,24,26
1.0,4,27
1.0,8,27
1.0,12,27
1.0,16,28
1.0,9,29
1.0,22,29
1.0,29,30
1.0,14,31
1.0,18,31
1.0,13,32
1.0,22,32
1.0,23,32
1.0,24,33
1.0,14,34
1.0,33,34
1.0,4,35
1.0,20,35
1.0,18,36
1.0,12,37
1.0,19,37
1.0,9,38
1.0,26,38
1.0,30,38
1.0,5,39
1.0,28,39
1.0,31,39
1.0,36,40
1.0,5,41
1.0,34,41
1.0,40,41
1.0,7,42
1.0,15,42
1.0,37,42
1.0,1,43
1.0,16,43
1.0,30,44
1.0,33,44
1.0,0,45
1.0,12,45
1.0,43,45
1.0,1,46
1.0,3,46
1.0,11,46
1.0,28,47
1.0,40,47
1.0,25,48
1.0,35,48
1.0,36,48
1.0,21,49
1.0,44,49
1.0,47,49
