1.0,3,5
1.0,5,9
1.0,8,10
1.0,11,13
1.0,13,14
1.0,8,15
1.0,3,16
1.0,1,17
1.0,0,19
1.0,7,20
1.0,1,21
1.0,9,21
1.0,12,21
1.0,4,22
1.0,18,22
1.0,15,23
1.0,8,25
1.0,1,26
1.0,22,26
1.0,11,27
1.0,20,27
1.0,17,28
1.0,3,29
1.0,14,29
1.0,11,30
1.0,24,31
1.0,28,31
1.0,29,31
1.0,7,32
1.0,25,32
1.0,6,33
1.0,23,33
1.0,26,33
1.0,5,34
1.0,30,34
1.0,18,35
1.0,23,35
1.0,7,36
1.0,27,36
1.0,16,37
1.0,20,37
1.0,4,38
1.0,9,38
1.0,16,38
1.0,4,39
1.0,12,39
1.0,24,39
1.0,6,40
1.0,36,40
1.0,37,40
1.0,0,41
1.0,18,41
1.0,34,41
1.0,10,42
1.0,32,42
1.0,35,42
1.0,2,43
1.0,17,43
1.0,19,43
1.0,6,44
1.0,12,44
1.0,0,45
1.0,19,45
1.0,2,46
1.0,10,46
1.0,30,46
1.0,2,47
1.0,25,47
1.0,45,47
1.0,15,48
1.0,24,48
1.0,28,48
1.0,13,49
1.0,14,49
1.0,44,49
