0.16436895975997556,0,4
0.83913010621600503,0,8
0.26056372123453087,4,9
0.11384110705705108,7,10
0.35009889262807115,6,11
0.58442954722944218,9,11
0.97001008477493844,3,12
0.87028460208886471,1,13
0.3658233523799832,1,14
0.33952562334519432,8,15
0.43740185282545507,3,16
0.58756152114224025,2,17
0.4960452808390704,13,17
0.071555039537558596,5,19
0.11752266384165033,6,20
0.57782199025484049,16,20
0.92479835654737674,2,21
0.13025100315719007,8,24
0.85504785808848927,3,25
0.72097302936581509,15,25
0.48962642213179974,18,26
0.47613123082298148,12,27
0.26585699472542101,18,27
0.87540001202656426,17,28
0.99472650901080939,15,29
0.009583743042731796,18,29
0.54975182341572171,19,29
0.15685532424479653,0,30
0.37292562765915982,9,30
0.36635293208226238,23,30
0.3919569243009019,1,31
0.10720550049386934,21,31
0.80903936432490053,22,32
0.83683309160528641,27,33
0.89074603977035549,28,33
0.15478428441273617,26,34
0.95072095325597805,2,35
0.60230257979013235,20,35
0.62365054729929292,6,36
0.5574411496699474,11,36
0.20720515118843663,23,36
0.0056814638254139016,7,37
0.28273470615160734,13,37
0.34393368648010902,19,38
0.68034562887954864,32,38
0.20412550495615056,24,39
0.9316574016658169,32,39
0.73827667347560988,16,40
0.31245640870132052,35,40
0.072727533794771482,14,41
0.74996595893912876,23,41
0.93136075907435867,25,41
0.34849283272877485,4,42
0.24084098821709499,22,42
0.41721552931042083,34,42
0.57390102417133171,5,43
0.89131650142704633,12,43
0.55774829270016835,33,43
0.89347748864076393,10,44
0.41199162356453112,21,44
0.31718312384203173,28,44
0.14190898218330383,38,45
0.77778989004692489,39,45
0.71898829886585436,10,46
0.19606818822561989,31,46
0.9314032831447796,37,46
0.43233237973658067,5,47
0.48721001399144859,14,47
0.47201945302033665,24,47
0.43682214849454859,7,48
0.56369838666827765,26,48
0.34006040306271335,45,48
0.6777195016048746,22,49
0.81670820617240325,34,49
0.49353127222293447,40,49
