0.82416470763273375,1,4
0.86413327117837235,5,8
0.76647329607198433,7,9
0.71335144801197337,0,10
0.61453284494282001,8,11
0.78485302079736174,0,13
0.91202989712144966,10,14
0.3165991637176484,12,14
0.53835063014938556,3,17
0.43175479463582245,13,18
0.13187132777881194,3,19
0.39093683715590877,11,21
0.17385310802632548,16,21
0.051620483609444379,4,23
0.33492516463653987,6,23
0.89746586301727771,12,23
0.94721648310165774,2,24
0.80883037752762754,11,24
0.3701529155551998,13,25
0.69354933161793852,2,26
0.34294962623212866,21,26
0.8346248304706495,16,27
0.8387978549090811,15,28
0.38063123350585049,26,28
0.9263350278295357,12,29
0.82673596176114628,22,29
0.32685437194691358,24,29
0.90817191637056582,7,30
0.51524361940886687,6,31
0.09833063637918027,10,31
0.25257004379956471,27,31
0.67153428740434307,18,32
0.43887508198925329,20,32
0.20387267093268391,1,33
0.40220967837556942,30,33
0.98918578842008931,14,34
0.31083885767418806,32,34
0.95855190659471035,3,35
0.74913571462034412,6,35
0.98209766513835939,30,35
0.20181757877881112,16,36
0.41937159407159041,19,36
0.58423080443214814,17,37
0.33746191116657631,17,38
0.93010657073522751,22,39
0.02034567873887283,25,39
0.72323977003691331,0,40
0.28007057540021296,8,40
0.32647702662234446,5,41
0.57990538797233759,19,41
0.75676317321260189,20,41
0.28487615245985554,2,42
0.48090699519524338,15,42
0.22153802820922464,36,42
0.7784586326353562,9,43
0.064020701620929876,37,43
0.22183631418973315,38,43
0.47043674063996122,5,44
0.20255444305798864,15,44
0.50618963641089143,33,44
0.17222077198503616,4,45
0.29215637093517199,28,45
0.3706317018754649,38,45
0.59510812808443281,1,46
0.96105528969750209,34,46
0.45860347564044579,37,46
0.77965329997770683,7,47
0.97598475296991194,9,47
0.65235871215988595,27,47
0.17586664007723807,20,48
0.60378086618305304,39,48
0.79672183429221322,40,48
0.084883239564467639,18,49
0.63664815780334949,22,49
0.47558318182335269,25,49
