0.80388786977209747,2,7
0.63288855264783417,6,7
0.83900117329408108,2,8
0.53090178556764289,8,9
0.68111985249167273,5,11
0.48974680623079114,0,12
0.48499302904238528,3,16
0.75204673896439012,16,17
0.50867688696669711,11,19
0.87100850871088054,12,19
0.42748455401711538,5,20
0.47624420374254084,10,20
0.25613601545262155,14,21
0.17127838331340561,16,21
0.75269746677368943,0,22
0.7413241503975011,15,22
0.67849952283244142,14,23
0.24630608928107744,15,24
0.52229101461839489,1,25
0.88646518220953296,2,25
0.49164493973677437,6,25
0.72397198683340502,23,26
0.29846182050047088,24,26
0.9204555060043963,1,28
0.43695836590371084,27,28
0.4024865933878673,18,29
0.9040592949410472,28,29
0.33907903782051652,12,30
0.78059393015097966,20,30
0.92341619030041044,18,31
0.6486721713477368,27,31
0.41723602789919301,13,32
0.26402460377192971,15,32
0.66176743250003134,0,33
0.26185231953970689,4,33
0.59728692181307952,4,34
0.043549488455212115,14,34
0.74884881944722548,26,34
0.75025538594837493,3,35
0.65230848493313376,10,35
0.68274790094818749,13,36
0.80914861039342179,8,37
0.9980402223962096,18,37
0.84375322599130054,33,37
0.2097156667800204,3,38
0.73306732456618873,22,38
0.75244217762813592,17,39
0.93352579159090521,9,40
0.96517091320757276,24,40
0.94782999939358059,35,40
0.81138951689977679,5,41
0.19563839402103644,7,41
0.25228464341118628,23,42
0.87673118009728357,29,42
0.96754332815485844,32,42
0.47882299600040967,6,43
0.89485543015474101,19,43
0.9018187633730198,41,43
0.76915708949344586,1,44
0.18756174488512667,13,44
0.62986914029776631,17,44
0.17522884660905214,31,45
0.95722088476998357,36,45
0.72453984664009996,38,45
0.85828661021367425,4,46
0.86417443341063238,11,46
0.094758490002588291,30,46
0.076690645592140894,9,47
0.40344751787984701,21,47
0.8581700501116758,10,48
0.11935763012749823,36,48
0.48547132178313734,39,48
0.43853033299445243,27,49
0.67801857306416502,39,49
0.57650783388554239,47,49
