0.86945472656750933,1,5
0.56379777819039512,4,7
0.071695096574035388,4,8
0.034786158336814754,9,10
0.83945645687665826,3,12
0.24656259135199821,7,12
0.38478226108942115,4,13
0.098889709388739977,8,13
0.22140222263578402,6,16
0.76603337710720665,8,16
0.74551340301800895,14,17
0.38628252647305239,13,18
0.4005219189259499,17,18
0.13596053704847655,2,20
0.65290528492438848,10,21
0.21202227530268303,14,21
0.25989693985198981,15,21
0.49582198642403963,0,22
0.71941928402412358,11,22
0.098566876443342721,3,23
0.46485637525820511,6,23
0.11373754287760895,11,23
0.97471185022375173,1,24
0.79151445228275452,0,25
0.33624684248868164,2,25
0.82413820391409631,20,25
0.43248435809875774,12,27
0.86873350468450228,6,29
0.094904205063722769,7,30
0.36834320343626015,19,30
0.85860713510907483,5,31
0.67069197814653281,9,31
0.94081753859208539,27,31
0.46948187672526642,19,32
0.34689820478761468,26,32
0.52740809580015913,14,33
0.81997678494086035,15,33
0.48500412411418459,17,33
0.72777947586372593,30,34
0.74216040162052155,19,35
0.44980019413565608,22,35
0.12507610030771976,0,36
0.38370959185647735,2,36
0.57210744138884662,11,37
0.94314151593101914,24,37
0.81307866765774794,16,38
0.77377113428360578,28,38
0.38677390699078384,26,39
0.22994775607137607,35,39
0.8863552372219885,34,40
0.054795381936028731,36,40
0.78510416038330832,26,41
0.0016281964679535355,3,42
0.96477111264166737,37,42
0.64626607864473873,41,42
0.03979509190891628,9,43
0.79155024102795635,29,43
0.47570070213028293,39,43
0.1940316338338165,5,44
0.59950637852398359,18,44
0.071653339867939425,27,44
0.88224878455683098,1,45
0.283713616726333,15,45
0.073745802190761989,32,45
0.58886492755822117,10,46
0.72380255555015782,28,46
0.58149362995176412,38,47
0.74514567926063158,40,47
0.012335121573396557,41,47
0.66794391657153507,24,48
0.59531788141442399,28,48
0.36850771497498225,29,48
0.98649380668528097,20,49
0.5148061414085211,34,49
0.25906023165778558,46,49
