1.0,4,5
1.0,1,7
1.0,6,7
1.0,4,11
1.0,8,12
1.0,11,13
1.0,9,17
1.0,10,17
1.0,0,18
1.0,12,18
1.0,16,20
1.0,2,22
1.0,18,22
1.0,3,23
1.0,1,24
1.0,11,24
1.0,6,25
1.0,19,25
1.0,5,26
1.0,14,27
1.0,20,27
1.0,9,28
1.0,14,28
1.0,19,28
1.0,14,29
1.0,23,29
1.0,13,30
1.0,24,30
1.0,16,31
1.0,17,31
1.0,25,31
1.0,3,32
1.0,7,32
1.0,4,33
1.0,8,33
1.0,13,34
1.0,30,34
1.0,9,35
1.0,10,35
1.0,32,35
1.0,27,36
1.0,15,37
1.0,2,38
1.0,10,38
1.0,21,38
1.0,36,39
1.0,37,39
1.0,5,40
1.0,6,40
1.0,23,40
1.0,3,41
1.0,19,41
1.0,0,42
1.0,12,42
1.0,37,42
1.0,2,43
1.0,26,43
1.0,33,44
1.0,36,44
1.0,39,44
1.0,15,45
1.0,21,45
1.0,41,45
1.0,16,46
1.0,20,46
1.0,34,46
1.0,8,47
1.0,26,47
1.0,43,47
1.0,0,48
1.0,15,48
1.0,21,48
1.0,1,49
1.0,22,49
1.0,29,49
