0.72997308677881656,2,4
0.79288003130488227,6,9
0.86352703510157791,7,10
0.96616872037845947,8,10
0.69361441679328173,1,12
0.084246942907171607,3,12
0.86553486691716808,10,19
0.32416549418338769,16,19
0.3715847027313427,0,20
0.96003849985410761,6,20
0.21155104199447228,1,21
0.15041628135854457,9,21
0.36054646407272062,14,21
0.99904630478615708,19,22
0.68551109514273145,3,23
0.90127959099004373,13,24
0.49802902539357186,22,24
0.24538242770915386,23,24
0.29902829173847723,0,25
0.87861501731470371,14,25
0.4491907155785505,12,26
0.89751636731962992,18,26
0.9195470622096017,4,27
0.88229320692298574,26,27
0.6344018623780372,5,28
0.44570151442630168,2,29
0.93214859466084543,15,29
0.33500187336656317,20,30
0.76413967030374697,1,31
0.39988757855447565,16,31
0.19593014856011326,30,31
0.54697217478149562,15,32
0.45944071867130165,17,32
0.93413757454241009,11,33
0.65386777126281803,16,33
0.18534348120246436,33,34
0.27626676237975312,32,35
0.44956824983826116,34,35
0.21930564891246784,14,36
0.3774531558543559,35,36
0.91305589819847444,7,37
0.36733649904010857,23,37
0.5692515823462605,30,37
0.91843102629101381,4,38
0.40330213073191434,28,38
0.58233307398802525,7,39
0.68668541534992678,8,39
0.17438449538559331,34,39
0.43350847070881315,27,40
0.92349942981671218,28,40
0.41504443903822108,15,41
0.88626069356195081,17,41
0.24965865853977665,38,41
0.19170120824458781,0,42
0.89057765639625719,8,42
0.32935181134118852,3,43
0.087740386966741357,5,43
0.73242549829442283,22,43
0.80177745419214841,6,44
0.24783659610658737,11,44
0.80285383197895288,13,44
0.19537209433196168,2,45
0.25814452127887244,13,45
0.25290332420233907,42,45
0.62711153773855433,5,46
0.011144207808482909,18,46
0.2251640738216828,25,46
0.22466137781013429,9,47
0.33547166846315024,18,47
0.42082759406814474,17,48
0.74874548758095594,29,48
0.15534332591732636,36,48
0.75471914467833101,11,49
0.18818646284128027,40,49
0.81072787264797586,47,49
