1.0,1,3
1.0,7,8
1.0,7,9
1.0,10,11
1.0,6,12
1.0,0,13
1.0,5,15
1.0,11,15
1.0,4,16
1.0,1,17
1.0,16,18
1.0,6,19
1.0,17,19
1.0,5,20
1.0,2,22
1.0,13,22
1.0,8,23
1.0,17,25
1.0,20,25
1.0,11,26
1.0,0,27
1.0,19,27
1.0,22,28
1.0,9,29
1.0,14,29
1.0,4,30
1.0,21,30
1.0,25,30
1.0,4,31
1.0,7,31
1.0,0,32
1.0,16,32
1.0,26,33
1.0,32,33
1.0,8,34
1.0,10,35
1.0,21,35
1.0,2,36
1.0,34,36
1.0,35,36
1.0,6,37
1.0,23,37
1.0,1,38
1.0,5,38
1.0,29,38
1.0,10,39
1.0,12,39
1.0,23,39
1.0,18,40
1.0,31,40
1.0,13,41
1.0,24,41
1.0,27,41
1.0,2,42
1.0,14,42
1.0,24,42
1.0,15,43
1.0,33,43
1.0,3,44
1.0,12,44
1.0,34,44
1.0,9,45
1.0,18,45
1.0,28,45
1.0,21,46
1.0,43,46
1.0,3,47
1.0,26,47
1.0,40,47
1.0,14,48
1.0,20,48
1.0,46,48
1.0,24,49
1.0,28,49
1.0,37,49
