1.0,3,4
1.0,0,8
1.0,5,9
1.0,5,11
1.0,2,12
1.0,2,14
1.0,13,14
1.0,4,15
1.0,5,15
1.0,7,19
1.0,8,19
1.0,10,20
1.0,6,22
1.0,18,22
1.0,10,23
1.0,18,23
1.0,9,24
1.0,13,24
1.0,16,24
1.0,21,25
1.0,16,26
1.0,7,27
1.0,12,27
1.0,20,27
1.0,1,28
1.0,9,28
1.0,13,28
1.0,2,29
1.0,16,29
1.0,17,30
1.0,11,31
1.0,21,31
1.0,25,31
1.0,10,32
1.0,17,32
1.0,30,32
1.0,1,33
1.0,3,34
1.0,6,34
1.0,18,34
1.0,15,35
1.0,17,35
1.0,26,36
1.0,7,37
1.0,12,37
1.0,19,38
1.0,20,38
1.0,14,39
1.0,36,39
1.0,21,40
1.0,23,40
1.0,35,40
1.0,22,41
1.0,36,41
1.0,38,41
1.0,3,42
1.0,8,42
1.0,37,42
1.0,11,43
1.0,25,43
1.0,4,44
1.0,26,44
1.0,29,44
1.0,33,45
1.0,39,46
1.0,45,46
1.0,0,47
1.0,1,47
1.0,46,47
1.0,0,48
1.0,6,48
1.0,43,48
1.0,30,49
1.0,33,49
1.0,45,49
