1.0,0,1
1.0,8,10
1.0,6,11
1.0,8,11
1.0,9,11
1.0,6,13
1.0,6,14
1.0,12,14
1.0,1,15
1.0,7,16
1.0,9,16
1.0,15,17
1.0,13,18
1.0,2,20
1.0,19,20
1.0,15,21
1.0,17,21
1.0,21,23
1.0,22,23
1.0,3,25
1.0,7,25
1.0,22,25
1.0,20,26
1.0,2,27
1.0,3,28
1.0,12,28
1.0,0,30
1.0,23,30
1.0,29,30
1.0,14,31
1.0,4,32
1.0,29,32
1.0,18,33
1.0,24,33
1.0,19,34
1.0,26,34
1.0,33,34
1.0,4,35
1.0,12,35
1.0,26,35
1.0,1,36
1.0,16,36
1.0,31,36
1.0,5,37
1.0,10,37
1.0,7,38
1.0,27,38
1.0,29,38
1.0,3,39
1.0,32,39
1.0,37,39
1.0,31,40
1.0,8,41
1.0,28,41
1.0,27,42
1.0,40,42
1.0,5,43
1.0,18,43
1.0,19,43
1.0,41,44
1.0,42,44
1.0,10,45
1.0,13,45
1.0,17,45
1.0,9,46
1.0,24,46
1.0,40,46
1.0,2,47
1.0,5,47
1.0,44,47
1.0,0,48
1.0,22,48
1.0,4,49
1.0,24,49
1.0,48,49
