1.0,1,7
1.0,3,10
1.0,5,11
1.0,2,12
1.0,7,12
1.0,3,13
1.0,3,15
1.0,0,16
1.0,4,16
1.0,10,16
1.0,4,17
1.0,13,19
1.0,9,20
1.0,8,21
1.0,18,22
1.0,21,22
1.0,10,24
1.0,0,25
1.0,4,25
1.0,15,25
1.0,12,26
1.0,17,26
1.0,18,27
1.0,26,27
1.0,1,28
1.0,7,28
1.0,1,29
1.0,2,29
1.0,13,29
1.0,9,30
1.0,21,30
1.0,14,32
1.0,15,32
1.0,31,33
1.0,17,34
1.0,11,35
1.0,14,35
1.0,24,35
1.0,5,36
1.0,6,36
1.0,31,36
1.0,2,37
1.0,19,37
1.0,23,37
1.0,14,38
1.0,30,38
1.0,18,39
1.0,20,39
1.0,33,39
1.0,5,40
1.0,23,40
1.0,27,40
1.0,22,41
1.0,28,41
1.0,8,42
1.0,34,42
1.0,6,43
1.0,19,43
1.0,23,43
1.0,6,44
1.0,34,44
1.0,0,45
1.0,9,45
1.0,41,45
1.0,20,46
1.0,24,46
1.0,31,47
1.0,42,47
1.0,46,47
1.0,8,48
1.0,32,48
1.0,38,48
1.0,11,49
1.0,33,49
1.0,44,49
