0.75004771551104188,1,4
0.49579955222863514,5,7
0.77606791695814303,5,9
0.75940342302750774,8,10
0.052232030125133,6,11
0.58753081497891679,10,11
0.95911274339503594,0,16
0.53941253792703403,7,16
0.89262760337327862,14,18
0.87364842985900859,15,19
0.79143625792520722,4,20
0.50403728101511391,3,21
0.46642986632063588,20,21
0.36513502333685988,16,22
0.12991513562617907,4,23
0.85794726579251746,19,23
0.19688592100742985,0,24
0.854354820111765,12,24
0.23343226624434621,13,25
0.6345661414049909,21,26
0.76675560326460979,2,27
0.83679981652361757,3,28
0.85398230340004022,12,28
0.9794460483010643,20,28
0.2115088281448444,26,29
0.46986106225799995,27,29
0.3399780503000045,2,30
0.067980936158456906,15,31
0.60485585940751052,5,32
0.056431709405723285,29,32
0.026490778289894323,8,33
0.81518187727953728,17,33
0.43356926517254701,2,34
0.42875995313045023,11,34
0.63468464969351601,31,34
0.56702695932810931,9,35
0.14998283450927186,18,35
0.20144025921731512,23,36
0.5362831952022159,8,37
0.86687090527879984,9,37
0.064291410969723906,14,37
0.054721446877970092,13,38
0.8925198920720806,22,38
0.17457200422162833,30,38
0.1115908748239004,6,39
0.50272459613257503,18,39
0.86744196090808379,1,40
0.38540038813127997,6,40
0.69453217204674322,36,40
0.41488711553968127,1,41
0.99533015892362975,14,41
0.13753752204281577,35,41
0.93622035922655489,22,42
0.32395725266208375,24,42
0.51806241140805331,30,42
0.74622131841265571,10,43
0.43325615865450384,25,43
0.53510360947964541,17,44
0.60351767689245484,27,44
0.10034861865632561,31,44
0.17911775136130959,0,45
0.22299924094224954,7,45
0.20042898208239734,15,45
0.92332135697880757,13,46
0.79836423512233734,19,46
0.89875207994151107,25,46
0.17240281466280616,12,47
0.06620058801063089,32,47
0.55861231228347208,39,47
0.64779987762754432,17,48
0.3097410662110921,26,48
0.81041484690927168,43,48
0.49489431979127285,3,49
0.96168615497914234,33,49
0.38613444169647826,36,49
