1.0,1,6
1.0,3,7
1.0,4,9
1.0,2,11
1.0,5,11
1.0,2,13
1.0,3,14
1.0,8,15
1.0,14,15
1.0,13,16
1.0,10,17
1.0,1,18
1.0,2,21
1.0,20,21
1.0,18,22
1.0,10,23
1.0,23,24
1.0,17,25
1.0,4,26
1.0,17,26
1.0,21,27
1.0,25,27
1.0,7,28
1.0,13,29
1.0,6,30
1.0,19,30
1.0,22,30
1.0,19,31
1.0,29,31
1.0,5,32
1.0,8,32
1.0,12,32
1.0,6,33
1.0,24,33
1.0,8,34
1.0,9,34
1.0,25,34
1.0,0,35
1.0,11,35
1.0,15,35
1.0,12,36
1.0,4,37
1.0,28,37
1.0,29,37
1.0,3,38
1.0,12,38
1.0,24,38
1.0,7,39
1.0,36,39
1.0,33,40
1.0,39,40
1.0,18,41
1.0,27,41
1.0,14,42
1.0,20,42
1.0,26,42
1.0,0,43
1.0,16,43
1.0,31,43
1.0,22,44
1.0,36,44
1.0,0,45
1.0,5,45
1.0,23,45
1.0,28,46
1.0,40,46
1.0,10,47
1.0,19,47
1.0,46,47
1.0,16,48
1.0,20,48
1.0,44,48
1.0,1,49
1.0,9,49
1.0,41,49
