1.0,2,3
1.0,0,4
1.0,4,6
1.0,7,10
1.0,9,10
1.0,8,11
1.0,4,12
1.0,1,13
1.0,8,16
1.0,10,16
1.0,14,18
1.0,15,18
1.0,2,20
1.0,13,20
1.0,16,20
1.0,0,22
1.0,6,22
1.0,15,22
1.0,12,23
1.0,19,23
1.0,15,24
1.0,9,25
1.0,7,26
1.0,5,27
1.0,3,28
1.0,19,28
1.0,1,29
1.0,24,29
1.0,7,30
1.0,28,30
1.0,26,31
1.0,5,32
1.0,23,32
1.0,31,32
1.0,9,33
1.0,24,33
1.0,11,34
1.0,27,34
1.0,3,35
1.0,21,36
1.0,25,36
1.0,25,37
1.0,34,37
1.0,1,38
1.0,6,38
1.0,29,38
1.0,14,39
1.0,36,39
1.0,37,39
1.0,5,40
1.0,26,40
1.0,0,41
1.0,21,41
1.0,8,42
1.0,17,42
1.0,33,42
1.0,18,43
1.0,11,44
1.0,21,44
1.0,35,44
1.0,19,45
1.0,30,45
1.0,31,45
1.0,13,46
1.0,17,46
1.0,43,46
1.0,12,47
1.0,41,47
1.0,43,47
1.0,14,48
1.0,27,48
1.0,40,48
1.0,2,49
1.0,17,49
1.0,35,49
