0.052179209468623644,0,7
0.15634355685711909,1,12
0.95218728495476712,4,13
0.3518888668323773,7,15
0.24358776081139899,10,16
0.85194427872839429,11,16
0.6204273793860372,4,17
0.087273041527654249,0,18
0.84753019863542189,4,18
0.31041114836036854,10,18
0.66674008630219528,0,20
0.029512737519806653,2,20
0.58383003675530143,8,20
0.040533483555371008,1,21
0.2031795925831491,13,21
0.066585573049476321,9,22
0.95359740647156044,11,22
0.67272397677561835,17,24
0.19648364919598194,15,25
0.9112028485800644,9,26
0.80519847544172329,19,27
0.62008165481218902,5,28
0.20640495349757493,14,28
0.44942858503188543,23,28
0.78242566875441244,6,29
0.34058690778598555,10,30
0.67080813497409519,23,30
0.14331644654235698,26,30
0.86898966689428048,6,31
0.32971934626505284,7,32
0.95803117172681229,19,33
0.95136548953926647,27,33
0.70724758587359349,31,33
0.038619080604125111,19,34
0.60252029537275165,12,35
0.21906829176179676,23,35
0.93226112796709304,13,36
0.23214315975998601,21,36
0.92315070387718856,31,36
0.22914532267572418,2,37
0.63418667948307705,6,37
0.90008157430267355,22,37
0.10837262861634334,26,38
0.74844224872032716,5,39
0.83173156502061696,14,39
0.32723005678358552,3,40
0.96362451112447056,24,40
0.47749180537961844,39,40
0.26026480785020845,5,41
0.45958258850291256,8,41
0.22360856493640757,27,41
0.67258052326530904,9,42
0.92172349131631659,34,42
0.99363352131711691,38,42
0.24801067665866261,3,43
0.46391670962121023,15,43
0.85261676793021857,25,43
0.33358667406797238,29,44
0.40817007501735414,32,44
0.60503073674512509,35,44
0.56714921886581038,16,45
0.37644697507523794,24,45
0.96984986420203623,29,45
0.57987464609970341,1,46
0.78750673744186594,32,46
0.94231566779534692,38,46
0.54075588029232124,3,47
0.89242455392457842,14,47
0.017384552973192413,25,47
0.54320470360808581,2,48
0.9656424054180881,12,48
0.80400399200944594,17,48
0.84902867505920299,8,49
0.31241089739555417,11,49
0.30004351721777656,34,49
