0.39602885008464361,1,6
0.69222693554031645,4,7
0.071233289253706866,6,11
0.32646302766471469,7,11
0.10384433071960508,10,11
0.31681676507107848,5,13
0.48724389810970292,10,15
0.84115994064934463,14,15
0.69789468633661078,3,16
0.83011177208816156,10,16
0.44947949604627635,2,17
0.84469137919221204,8,17
0.63622268894380496,12,17
0.72758550294852542,9,18
0.16974885438843801,12,21
0.11167704270094936,13,21
0.05192556463050868,4,22
0.11407201746710427,9,24
0.42778316177920794,2,25
0.14981451100602949,20,25
0.65305749415171732,1,26
0.49299788250604448,19,26
0.37599868465811392,20,27
0.34300479171592868,23,28
0.24519479194360638,26,28
0.40470844101872139,0,29
0.79889408560737729,2,30
0.48150688227882066,22,30
0.87788793045369529,1,31
0.081026503541133721,8,31
0.21265958856333167,16,32
0.47839336156211143,24,32
0.68513953106496239,31,32
0.11503770911303213,14,33
0.77578748181694779,18,33
0.46121267437496771,20,34
0.70352039868898752,21,34
0.59576634335141154,6,35
0.63651823826122567,13,35
0.8953674341567921,24,35
0.78882500713908299,4,36
0.4806592268121177,19,36
0.68883552357877909,22,36
0.039675670500354143,14,37
0.26065321704118039,18,37
0.79386473436346328,23,38
0.88352892607330102,3,39
0.039709084202049216,27,39
0.78092192321795662,33,40
0.75504362240127565,34,40
0.011005850830734909,5,41
0.77457559258658626,12,41
0.026627840314920048,23,41
0.11906782178411379,29,42
0.08488647887130274,25,43
0.86551232017251756,40,43
0.976710422267145,42,43
0.11967467548705524,15,44
0.0098536702992386704,28,44
0.12897803393713037,38,44
0.47467412370626161,0,45
0.53914382569396258,30,45
0.99607990804037816,38,45
0.038439437229472961,3,46
0.76451973449749477,7,46
0.25737931497827182,19,46
0.21953906650767685,5,47
0.66507048844763705,37,47
0.0823161099256281,42,47
0.64125065603531495,8,48
0.82693635887038397,9,48
0.15728409048468561,29,48
0.12041097255525002,0,49
0.48483177453177129,27,49
0.11674903568240491,39,49
