0.34429989964542207,5,6
0.69288375093384913,4,11
0.17920154590916693,0,14
0.38689932803076144,14,15
0.63498183492505467,5,16
0.1841280586327203,14,16
0.69004127907261181,11,17
0.5132535040841768,4,18
0.59869102327945667,0,19
0.7495273128067802,11,20
0.062620461856016552,18,20
0.26769456945892145,1,21
0.95052945394845301,5,21
0.090728325080738137,17,22
0.84479527056979165,0,23
0.9934045826849115,3,23
0.28322854476701675,7,24
0.4724893303670904,12,24
0.75517271514085371,9,25
0.47944092875032251,6,26
0.40709797363926825,22,26
0.23570325166901873,1,27
0.75681828953064878,2,27
0.10870670117022496,10,29
0.31796275199014923,13,30
0.10356452923830428,19,30
0.63832459045917977,2,31
0.52889083919870861,3,32
0.86887106190707553,10,32
0.83667107879966229,28,32
0.95827146104625005,17,33
0.41634291871243645,30,33
0.99147634420653508,31,33
0.12859014915625722,19,34
0.81067710686262151,7,35
0.40916352360873753,21,35
0.41672485444144514,34,35
0.29099657980570481,6,36
0.57157660024489942,25,36
0.97101511252353279,31,36
0.77984938456376474,9,37
0.53253796008678611,10,37
0.34993273014764814,28,37
0.26098060147261803,7,38
0.5431481558038459,15,38
0.80309020475652793,20,38
0.87645991015181468,12,39
0.1150759898413054,16,39
0.47319217755648801,27,39
0.9570418165623068,2,40
0.71990403062604746,8,40
0.34813003322317271,15,40
0.57183538524468636,29,41
0.97101403787374174,34,41
0.86214201266767843,29,42
0.8352231271196372,8,43
0.0085150444317133589,42,43
0.85212274215017692,13,44
0.36617864184030913,41,44
0.20654997692419119,43,44
0.93908751833792414,8,45
0.11062924692004927,25,45
0.70997837472944847,26,45
0.7172083678025496,1,46
0.18260101468816792,9,46
0.45329067134594947,13,46
0.18025829093120893,3,47
0.72464692488971105,12,47
0.46992628639371936,28,47
0.64536149222312211,4,48
0.085378573451366124,23,48
0.98633219293804464,24,48
0.080314336108678552,18,49
0.47156130594574652,22,49
0.63160124467402623,42,49
