0.66026167254327983,0,3
0.022494014144823105,1,5
0.95912988689732792,4,5
0.48274435040105468,7,10
0.73320937515653994,2,12
0.30113953003024485,3,12
0.83975473114525745,13,15
0.69627157253322169,10,16
0.14783009422215543,10,17
0.0043680663568902434,12,19
0.57885968238803331,14,19
0.99352197213919469,14,20
0.95461440295884914,17,20
0.92221793785920991,11,21
0.93599258185442102,3,22
0.063417022272939105,7,23
0.26478337170803412,9,23
0.54937645442206029,1,24
0.50669253384650015,2,24
0.2975633472573701,6,24
0.41728871456298255,13,25
0.31726642008509054,15,25
0.75086938682963733,4,26
0.36240348281613821,8,26
0.09358278328336378,18,28
0.22730828093798772,27,28
0.9984497506752682,5,29
0.096178175583314984,7,29
0.61264125511448531,26,29
0.12072302845147331,18,30
0.22819577453410811,27,30
0.42183875053121611,0,32
0.030949493018463503,19,32
0.52613706238804936,25,33
0.13202317134657338,31,33
0.9577939957200351,9,34
0.25857751751891478,21,34
0.17260776989368065,22,34
0.73659175922353037,17,35
0.36317676116902142,21,36
0.83531501744494685,35,36
0.0064828070910578628,14,37
0.92728831108643162,15,37
0.72441964147482119,20,37
0.70570669113807316,6,38
0.16849341061237144,30,38
0.1711857492117973,4,39
0.9163237089463232,16,39
0.59290851037706749,28,39
0.041853216192650144,2,40
0.66186510353874717,31,40
0.7931458362891538,6,41
0.76191269064968881,35,41
0.09177805333657918,33,42
0.71663842935622768,40,42
0.37924246576778098,41,43
0.019437670734880452,42,43
0.10900252340162142,8,44
0.97217550742453973,9,44
0.8432255664996462,11,44
0.079066122182044118,1,45
0.63891119753663694,13,45
0.21492252148456348,31,45
0.52386740344551674,11,46
0.20280488621544157,18,46
0.69204035464344504,38,46
0.10829617241113054,0,47
0.64274902343000417,23,47
0.62332500478914654,32,47
0.095423172752698737,16,48
0.38640034184150351,22,48
0.10634616549135256,36,48
0.99050773714036278,8,49
0.11135056404650834,27,49
0.73170937860556695,43,49
