0.57057803445878652,0,4
0.90614789674450968,2,6
0.076575123719842098,2,7
0.64787770619340224,3,7
0.66337300506604535,4,7
0.0065909160080416251,9,11
0.48644442907414265,6,12
0.98536875103043919,0,13
0.66339394868370494,5,15
0.27353476419521461,14,15
0.60312253811021443,6,16
0.26114546359577051,5,18
0.15693105791430917,8,18
0.91701227360270987,13,18
0.42766861345254048,5,20
0.41481801057817169,11,21
0.5858646236733912,8,22
0.040079762121514539,4,23
0.8797332959348616,21,23
0.72184482766519864,3,24
0.050235000154797316,3,26
0.42020607136061772,9,26
0.17910325434742524,11,26
0.24759890297188991,12,27
0.77976469590383879,19,28
0.82717007124038122,22,28
0.72176842361845395,16,29
0.16216921072773227,19,29
0.81597876093158628,20,29
0.12195539234484465,27,30
0.090759548973531223,1,31
0.11352687603268596,10,31
0.15091433192612924,25,32
0.13528896703912086,30,32
0.80651059740237718,10,33
0.80807913637972606,8,34
0.57022492888729259,25,34
0.29726383261711953,10,35
0.4634293229271883,19,35
0.40902121336418129,24,35
0.46705747280383847,34,36
0.674777899559732,17,37
0.39202924857345822,36,37
0.42950229228425674,12,38
0.44979776166093577,24,38
0.68676763907308125,16,39
0.42770413858449396,25,39
0.57085331468038281,27,39
0.4542941780121893,14,40
0.49590979773267108,15,40
0.19836919513659901,31,40
0.10959370182659212,0,41
0.62994673210042884,36,41
0.78572340243106364,1,42
0.93572004053095259,2,42
0.16110343242444836,41,42
0.88022119285261269,33,43
0.20416566812290127,38,43
0.20336262221191648,9,44
0.14029210944766535,28,44
0.39751854690805,43,44
0.78406604908405064,13,45
0.63609427891573778,17,45
0.50011322565643046,23,45
0.099320779126862546,14,46
0.10537835540001073,22,46
0.73717118062404352,37,46
0.20988267770694069,17,47
0.37940772346366891,33,47
0.3368078409507822,1,48
0.74030104685304443,21,48
0.65204194772164481,30,48
0.93121935709961157,20,49
0.73828328427332568,32,49
0.35756421695329488,47,49
