0.97195925334319189,1,2
0.84264819338493113,6,10
0.82258687909284267,2,12
0.1302117220672816,11,12
0.48093213840489502,13,14
0.11478189358496949,3,15
0.5402514624533381,0,16
0.73007585284733068,0,17
0.26637055086910222,2,17
0.94760312128279123,10,18
0.20966008169918671,16,18
0.66892550778874305,5,19
0.05239226432329136,8,21
0.078954789874186693,9,21
0.18244727821408835,13,22
0.79921945102490588,18,22
0.11605330822969351,8,23
0.39717195140159356,9,23
0.78296645043202662,17,24
0.06379219728731067,20,25
0.67107871582922629,20,26
0.99040274947797902,24,26
0.66496069689530868,25,26
0.67535053348061402,19,27
0.22623638153539505,4,28
0.36698407024004065,5,29
0.33291429828907193,11,30
0.83958903333513568,15,30
0.092349641973383578,28,30
0.94795630327128755,0,31
0.28296208656517041,5,32
0.82585725291930767,9,32
0.36486042678513209,13,32
0.77825776600350949,3,33
0.5104488210540421,6,34
0.44186727585273755,12,34
0.54072297567339178,1,35
0.43344602449803049,28,35
0.27630670182279538,7,36
0.94794538661369832,19,37
0.52915421322647149,27,37
0.80423475688542023,36,37
0.44082541762985106,4,38
0.74924585526029241,10,38
0.45192336549795797,22,39
0.43637087361953997,31,39
0.36877708135090381,6,40
0.26076323870660956,8,40
0.42228760490897543,14,40
0.94415964386823958,24,41
0.89541667268016056,31,41
0.91251713482549801,34,41
0.20318065496117821,1,42
0.17423436661462055,25,42
0.60226381334794288,33,42
0.86840907779612286,7,43
0.20285732476779728,11,43
0.9868221435395107,14,43
0.79336964383537845,3,44
0.23663599291255744,21,44
0.017953414071222973,33,44
0.84512934009833862,4,45
0.97523570460161035,15,45
0.64739060209511579,27,45
0.71438595501677837,23,46
0.43358676182257305,29,46
0.63487701239334382,7,47
0.89061733441585855,39,47
0.74153989139138465,46,47
0.079880722752391664,29,48
0.88502576795909849,36,48
0.12605307137155364,38,48
0.88880184771605208,16,49
0.048380150748165152,20,49
0.37064906260366248,35,49
