0.074388114933101601,10,12
0.7844703649685133,3,14
0.064273443237095607,12,14
0.58742622902080399,9,15
0.054357172277670229,10,16
0.89384970818544873,1,17
0.31224907221714693,1,18
0.98658654933919099,17,18
0.82049891659400442,5,19
0.49068499918129493,11,19
0.47758093127252144,7,20
0.2745982455384286,13,20
0.94535925826632539,0,21
0.30030091699351802,4,21
0.10914937254033319,11,21
0.74872250472126489,0,22
0.84537676785824467,15,22
0.95769292369490777,9,23
0.40312913766496017,16,23
0.66084286017390237,1,24
0.33472381297261733,5,24
0.93936705205720017,7,24
0.21838271890960748,20,25
0.086113893029927779,3,26
0.079495309000463865,4,27
0.65671787489097144,8,28
0.53745255519318136,6,29
0.20276727572909603,23,29
0.0649922708697801,19,30
0.17243695782530843,4,31
0.67510376290595331,13,32
0.58029101280700557,25,32
0.78739823032782263,29,32
0.41054772807907192,31,33
0.62144982737038312,2,34
0.30981008036769908,25,34
0.32019564472880058,27,34
0.26560099438268947,2,35
0.59546435859270974,14,35
0.59163717450181219,6,36
0.72901301358532644,16,36
0.38636447753937575,27,36
0.84357309508800593,5,37
0.51998691855451085,10,38
0.10267172060616492,13,38
0.33207464178227653,26,38
0.0090376726031436982,11,39
0.13529676626175868,26,39
0.97010777811056748,30,39
0.90811041600525011,3,40
0.89942276293269974,7,40
0.49945298321547826,15,41
0.17864551388586691,17,41
0.59718934334805074,28,41
0.075108431099776385,12,42
0.26149566167601446,33,42
0.45163271248294889,2,43
0.45245287223784525,8,43
0.50642677904024458,28,43
0.21447930425648054,0,44
0.44893372878487925,8,44
0.98976514784297631,37,44
0.68583151584720192,6,45
0.16077606197946093,9,45
0.24629015701588042,35,45
0.066812940182830793,22,46
0.039626717889277407,33,46
0.62851033578786231,18,47
0.9841772010380464,42,47
0.15404494140701153,37,48
0.3928172956782463,40,48
0.77266440981752527,47,48
0.15556072790209241,30,49
0.029397759012436686,31,49
0.74331080647798242,46,49
