0.33483362786067949,1,3
0.68972817951624721,5,6
0.25306287346755985,1,7
0.8420698267269906,0,8
0.090616534285671513,2,8
0.049457320960061946,6,11
0.70591555217674251,4,12
0.9188727784259797,9,13
0.8448636089276117,13,15
0.44837422389892267,13,16
0.24321237669167151,5,17
0.69055162891287392,10,19
0.32215195226817295,18,19
0.84595355504591008,0,20
0.82414414498546928,18,21
0.23146003663000536,6,22
0.5340076658388595,21,22
0.78191903830330778,14,23
0.70806072904677531,3,24
0.16179558356888302,23,25
0.76385638752277185,7,27
0.0072560368824147181,16,27
0.90448337028663006,26,27
0.5439099970424407,12,29
0.5090496015405922,19,29
0.78932840380899294,8,30
0.67438890259247197,15,30
0.64561393080587937,28,30
0.50956687468183304,2,31
0.5129620440016569,7,31
0.55508665356360876,11,31
0.62222055290960099,14,32
0.050348288589820878,25,32
0.59094485499654048,29,32
0.2962978151389638,11,33
0.51055654875018608,17,33
0.62122637581710705,17,34
0.63344776368553224,33,34
0.79485429069449764,22,35
0.5746872592562926,28,35
0.35699129790846273,20,36
0.8796787296898696,24,36
0.73814671382021368,14,37
0.67779478034309026,9,38
0.53117960659165142,16,38
0.17901712684939808,18,38
0.23190775842351008,23,39
0.73556423222424971,37,39
0.61129210003311796,9,40
0.093022615548281506,28,40
0.06875948392048703,2,41
0.68429346972837735,26,41
0.32379113136641624,39,41
0.10187458906834534,0,42
0.59147587510809552,35,42
0.8928296524117777,36,42
0.97299443955055787,3,43
0.87377145212018159,37,43
0.73697151988713416,10,44
0.72079901979479521,25,44
0.23051397205695845,24,45
0.36254478323796169,34,45
0.19504187353970182,43,45
0.10972132366440801,5,46
0.99145306393876487,21,46
0.41482901142089734,40,46
0.53073614157931615,4,47
0.22418094343936379,10,47
0.015391274247261166,44,47
0.33055129145094031,12,48
0.50338348649875686,15,48
0.091774087083558609,26,48
0.66886216864002768,1,49
0.17178306801605092,4,49
0.046025214605607156,20,49
