0.92840015756892746,1,2
0.30720191971043209,3,6
0.2607237497668724,5,6
0.97555244039783384,2,8
0.30960023594833952,5,9
0.9520918153795801,6,12
0.30597805317764548,9,12
0.45822171377921983,3,14
0.65269730072692766,5,14
0.60015740556564046,10,14
0.018868160985301863,0,15
0.33706357656943609,8,15
0.86465236822027847,13,16
0.60921139110725731,1,20
0.33625253573514891,7,22
0.88354844539387412,11,22
0.45152213184029844,13,22
0.22175925936405483,0,23
0.048693247019217401,11,24
0.029380466493898361,18,24
0.066985485842047443,21,25
0.077223448428389574,9,26
0.68896824388557287,12,26
0.81134862637962524,1,27
0.90475499516221602,19,27
0.042733570891869688,7,28
0.45857621255823833,20,28
0.39114352473724212,15,29
0.49021336133581017,23,30
0.62261025393378033,26,30
0.11028747052446308,0,31
0.88304665911249913,3,31
0.97905668841105387,27,31
0.51176242175727615,18,32
0.15230938508495262,20,32
0.20025875587914632,21,32
0.80073408544535452,17,33
0.41352936670985074,28,34
0.55748476276755532,33,34
0.56022118801659204,16,36
0.90358520051782965,4,37
0.75915115355580343,19,37
0.25634720598701499,21,37
0.28822092267036514,4,38
0.26862286586143835,10,38
0.094385337425116678,35,38
0.60175199754227837,2,39
0.16364922052745456,25,39
0.52345017939683924,18,40
0.29832382753008135,36,40
0.86830549426209869,8,41
0.66792911513192332,17,41
0.21093691570743323,23,41
0.47043095098461907,4,42
0.49511038030004595,34,42
0.60651425754918176,17,43
0.88423207594498887,29,43
0.60157253183911563,30,43
0.34013854939463317,39,44
0.63281593413415449,40,44
0.04547425527636717,42,44
0.89136049111341364,29,45
0.90063450767053743,33,45
0.76443731909774026,35,45
0.24170687676237157,11,46
0.27673152501052323,25,46
0.21877859226849483,7,47
0.87587166192859944,13,47
0.38712482012125427,36,47
0.34877798988677289,10,48
0.03790765296298737,19,48
0.68291882871133114,24,48
0.49422652242050702,16,49
0.49812892468040215,35,49
0.6748665510055144,46,49
