0.42575155185805424,0,8
0.78246545087104968,7,10
0.95406754741691047,3,12
0.7145547216938205,2,13
0.71911167981332547,0,15
0.21656434066695573,9,16
0.6230090608489206,10,16
0.11476764866252165,9,17
0.85084695850614389,1,18
0.3179055776542673,3,18
0.32515728372595598,4,19
0.77456214474945839,6,19
0.94218014489922386,2,20
0.58652875480162336,6,20
0.28396421860488885,8,21
0.35866739705976503,15,22
0.67635572243708342,6,23
0.89146148016384619,14,23
0.057956789369268513,8,24
0.97492279875169108,4,25
0.90632753968329516,24,25
0.57025282181761727,5,26
0.84422028446099906,17,26
0.49151812334835532,19,26
0.33112070482688627,2,28
0.75134928953468449,16,28
0.11399409103158309,20,29
0.52373721038872456,12,30
0.66406482247594079,27,30
0.61015759926899782,9,31
0.77246208932326366,15,31
0.98572930963716632,21,31
0.20215100519949114,5,32
0.78012089322808287,25,32
0.31668839037853935,21,33
0.1368833476603486,5,34
0.49643133645003423,11,34
0.79275811436024102,14,34
0.43939298664110371,17,35
0.1718962658271882,33,35
0.25928058975070167,1,36
0.4949528672288791,14,36
0.39863515706810038,18,36
0.77503350744084398,10,38
0.50504497563713691,28,38
0.82383067883536831,30,38
0.98228173346704528,7,39
0.50454382132093467,33,39
0.11199528692977134,27,40
0.38177620138151214,29,40
0.73583788054698007,37,40
0.41285779384857046,7,41
0.55621934311898824,37,41
0.46543001282158225,12,42
0.48606419278246005,13,42
0.15097577644099103,35,42
0.91407715931677747,27,43
0.063874766797054061,37,43
0.71080223219661398,29,44
0.7975693280426488,32,44
0.31387360797660979,39,44
0.2428071461384631,22,45
0.68057447267060167,23,45
0.82319455848953471,24,45
0.34228594803118928,13,46
0.3972729161090004,22,46
0.96612227528044115,4,47
0.51386080691655622,41,47
0.47073912858684741,46,47
0.6941432276405276,0,48
0.43627891922990092,1,48
0.6912044392751292,11,48
0.45986279523586382,3,49
0.945810840012555,11,49
0.66532409630285716,43,49
