0.22512959079698169,0,3
0.66064183092402573,6,7
0.037506000406274276,6,9
0.092270577337259629,0,11
0.82917552299841835,9,12
0.91212056710701217,0,14
0.27838761633291065,5,14
0.70301040810622462,1,15
0.89149848836337464,10,15
0.27183408749800519,4,16
0.63425167604057053,17,19
0.68256982136186117,1,20
0.62438855917008074,5,21
0.042523196402248109,10,22
0.34489068363802489,12,22
0.68974704241370344,11,23
0.82392910093217575,16,25
0.0893568716095271,23,25
0.33244792112572075,9,26
0.63272259406388964,4,27
0.91013771333839311,7,28
0.23456656096943651,23,29
0.5328363574246695,24,29
0.83913104230277891,18,30
0.32197201570671541,8,31
0.52864246080512134,18,31
0.97475992889733576,19,32
0.83412711399699713,24,32
0.26299036570810763,2,33
0.72776725941220188,15,33
0.26106931189892324,18,33
0.34889992497614264,4,34
0.43617424740335542,10,34
0.51605215287335271,32,34
0.40307810980032277,7,35
0.90282277682400658,8,35
0.61694743961038734,21,35
0.85063576266900909,8,36
0.80763215039053138,17,36
0.28824709309685004,25,36
0.89656760413807779,13,37
0.14204731638773738,31,37
0.45211399461717439,27,38
0.41680889411743827,16,39
0.12112994704365976,27,39
0.31164979462975229,38,39
0.98225470836375894,2,40
0.99749544702230231,12,40
0.65159563931368136,22,40
0.67841939668232398,1,41
0.26864824355764505,6,41
0.65952448318464563,24,41
0.97921641748318256,3,42
0.66689279271983204,29,42
0.055578216947118619,37,42
0.56680858867766404,21,43
0.63203572233617877,26,43
0.031604699381975077,28,43
0.91214462595015078,14,44
0.31909436532291169,28,44
0.80692872544325522,30,44
0.19008229934246257,11,45
0.99254239115483167,20,45
0.089070109022632349,13,46
0.34257128984591967,20,46
0.13516376653917328,45,46
0.55466538689134248,17,47
0.13155464906541858,19,47
0.064186641196012584,26,47
0.64544266678396245,2,48
0.52288749765515075,13,48
0.8722692767970156,30,48
0.36775043037160582,3,49
0.46955292008253369,5,49
0.30065171767558285,38,49
