1.0,2,4
1.0,4,5
1.0,1,6
1.0,2,10
1.0,1,12
1.0,8,14
1.0,13,15
1.0,7,18
1.0,17,18
1.0,1,20
1.0,16,21
1.0,3,22
1.0,11,22
1.0,7,23
1.0,10,24
1.0,19,24
1.0,23,24
1.0,21,25
1.0,15,26
1.0,18,26
1.0,2,27
1.0,17,27
1.0,4,28
1.0,6,28
1.0,16,28
1.0,9,29
1.0,13,29
1.0,14,30
1.0,15,30
1.0,19,31
1.0,29,31
1.0,3,32
1.0,23,32
1.0,6,33
1.0,10,33
1.0,17,33
1.0,22,34
1.0,0,35
1.0,20,35
1.0,3,36
1.0,8,36
1.0,20,36
1.0,0,37
1.0,19,37
1.0,31,37
1.0,21,38
1.0,7,39
1.0,8,40
1.0,30,40
1.0,25,41
1.0,38,41
1.0,5,42
1.0,11,42
1.0,39,42
1.0,9,43
1.0,39,43
1.0,40,43
1.0,5,44
1.0,12,44
1.0,34,44
1.0,13,45
1.0,16,45
1.0,41,45
1.0,12,46
1.0,32,46
1.0,34,46
1.0,0,47
1.0,14,47
1.0,25,47
1.0,11,48
1.0,26,48
1.0,35,48
1.0,9,49
1.0,27,49
1.0,38,49
