1.0,0,1
1.0,3,6
1.0,2,8
1.0,7,10
1.0,0,11
1.0,1,13
1.0,5,15
1.0,11,16
1.0,14,17
1.0,16,17
1.0,1,18
1.0,14,19
1.0,2,20
1.0,20,22
1.0,19,23
1.0,21,23
1.0,9,24
1.0,4,25
1.0,7,26
1.0,2,27
1.0,22,27
1.0,25,27
1.0,10,28
1.0,17,28
1.0,12,29
1.0,15,29
1.0,9,30
1.0,15,30
1.0,5,31
1.0,30,31
1.0,3,32
1.0,24,32
1.0,9,33
1.0,13,33
1.0,8,34
1.0,19,34
1.0,29,34
1.0,7,35
1.0,13,36
1.0,26,36
1.0,33,36
1.0,6,37
1.0,32,37
1.0,21,38
1.0,24,38
1.0,14,39
1.0,18,39
1.0,8,40
1.0,26,40
1.0,28,41
1.0,31,41
1.0,4,42
1.0,39,42
1.0,41,42
1.0,20,43
1.0,35,43
1.0,40,43
1.0,0,44
1.0,11,44
1.0,37,44
1.0,4,45
1.0,18,45
1.0,38,45
1.0,5,46
1.0,12,46
1.0,16,46
1.0,3,47
1.0,22,47
1.0,35,47
1.0,10,48
1.0,12,48
1.0,21,48
1.0,6,49
1.0,23,49
1.0,25,49
