1.0,1,6
1.0,3,6
1.0,4,6
1.0,1,7
1.0,4,7
1.0,2,9
1.0,13,15
1.0,14,16
1.0,3,17
1.0,9,17
1.0,8,20
1.0,12,20
1.0,2,21
1.0,16,21
1.0,5,22
1.0,18,22
1.0,21,23
1.0,1,28
1.0,19,28
1.0,13,29
1.0,18,29
1.0,22,30
1.0,26,30
1.0,15,31
1.0,24,31
1.0,25,32
1.0,30,32
1.0,5,33
1.0,7,33
1.0,23,33
1.0,10,34
1.0,26,34
1.0,13,35
1.0,19,35
1.0,0,36
1.0,10,36
1.0,20,36
1.0,5,37
1.0,27,37
1.0,32,37
1.0,12,38
1.0,14,38
1.0,19,38
1.0,0,39
1.0,27,39
1.0,8,40
1.0,23,40
1.0,35,40
1.0,3,41
1.0,9,41
1.0,14,41
1.0,2,42
1.0,16,42
1.0,28,42
1.0,8,43
1.0,24,43
1.0,29,43
1.0,25,44
1.0,26,44
1.0,34,44
1.0,0,45
1.0,11,45
1.0,15,45
1.0,17,46
1.0,24,46
1.0,39,46
1.0,11,47
1.0,25,47
1.0,31,47
1.0,10,48
1.0,12,48
1.0,27,48
1.0,4,49
1.0,11,49
1.0,18,49
