1.0,1,3
1.0,0,6
1.0,1,8
1.0,0,10
1.0,4,13
1.0,12,13
1.0,9,14
1.0,11,14
1.0,7,16
1.0,10,16
1.0,3,17
1.0,5,18
1.0,10,20
1.0,17,21
1.0,19,21
1.0,6,22
1.0,2,25
1.0,8,25
1.0,7,26
1.0,9,26
1.0,12,27
1.0,18,28
1.0,19,28
1.0,24,28
1.0,4,29
1.0,13,29
1.0,14,29
1.0,25,30
1.0,26,30
1.0,11,31
1.0,22,31
1.0,8,32
1.0,12,32
1.0,9,33
1.0,5,34
1.0,7,34
1.0,23,34
1.0,0,35
1.0,31,35
1.0,2,36
1.0,15,36
1.0,27,36
1.0,33,37
1.0,11,38
1.0,19,38
1.0,1,39
1.0,24,39
1.0,6,40
1.0,30,40
1.0,24,41
1.0,32,41
1.0,35,41
1.0,2,42
1.0,17,42
1.0,23,42
1.0,20,43
1.0,23,43
1.0,37,43
1.0,4,44
1.0,5,44
1.0,20,44
1.0,16,45
1.0,39,45
1.0,40,45
1.0,22,46
1.0,37,46
1.0,3,47
1.0,33,47
1.0,46,47
1.0,15,48
1.0,18,48
1.0,38,48
1.0,15,49
1.0,21,49
1.0,27,49
