1.0,0,5
1.0,2,7
1.0,3,7
1.0,4,10
1.0,9,11
1.0,9,12
1.0,1,13
1.0,5,14
1.0,8,14
1.0,6,15
1.0,6,17
1.0,10,17
1.0,13,19
1.0,15,20
1.0,1,21
1.0,12,21
1.0,20,22
1.0,11,23
1.0,7,24
1.0,19,24
1.0,11,25
1.0,18,25
1.0,16,26
1.0,4,27
1.0,22,27
1.0,0,28
1.0,2,28
1.0,16,28
1.0,2,29
1.0,17,29
1.0,23,30
1.0,25,30
1.0,29,30
1.0,14,31
1.0,1,32
1.0,13,32
1.0,15,32
1.0,21,33
1.0,0,34
1.0,8,35
1.0,9,35
1.0,5,36
1.0,18,37
1.0,22,37
1.0,26,37
1.0,31,38
1.0,33,38
1.0,23,39
1.0,38,39
1.0,18,40
1.0,33,40
1.0,16,41
1.0,31,41
1.0,34,41
1.0,26,42
1.0,3,43
1.0,19,43
1.0,40,43
1.0,3,44
1.0,42,44
1.0,12,45
1.0,35,45
1.0,39,45
1.0,20,46
1.0,24,46
1.0,36,46
1.0,10,47
1.0,34,47
1.0,44,47
1.0,6,48
1.0,27,48
1.0,42,48
1.0,4,49
1.0,8,49
1.0,36,49
