1.0,6,7
1.0,0,8
1.0,7,8
1.0,12,13
1.0,11,14
1.0,13,16
1.0,4,17
1.0,12,17
1.0,5,18
1.0,9,19
1.0,4,20
1.0,17,20
1.0,14,22
1.0,19,22
1.0,2,23
1.0,6,23
1.0,0,24
1.0,13,24
1.0,21,25
1.0,7,26
1.0,1,28
1.0,11,28
1.0,11,29
1.0,25,29
1.0,6,31
1.0,26,31
1.0,19,32
1.0,24,32
1.0,27,32
1.0,8,33
1.0,27,33
1.0,30,34
1.0,31,34
1.0,4,35
1.0,1,36
1.0,5,36
1.0,10,36
1.0,15,37
1.0,30,37
1.0,33,37
1.0,3,38
1.0,21,38
1.0,22,38
1.0,14,39
1.0,18,39
1.0,35,39
1.0,21,40
1.0,26,40
1.0,27,40
1.0,0,41
1.0,9,41
1.0,15,41
1.0,16,42
1.0,23,42
1.0,25,42
1.0,5,43
1.0,16,43
1.0,3,44
1.0,10,44
1.0,28,44
1.0,2,45
1.0,12,45
1.0,34,45
1.0,1,46
1.0,20,46
1.0,30,46
1.0,3,47
1.0,18,47
1.0,35,47
1.0,9,48
1.0,15,48
1.0,29,48
1.0,2,49
1.0,10,49
1.0,43,49
