0.12987243519137215,3,4
0.016549340406462609,8,9
0.86265347678307736,1,10
0.13032799619876456,5,10
0.16354132005384758,0,11
0.92274947568240973,7,12
0.35299737511768192,4,13
0.818152530228482,3,14
0.4406581403525236,9,15
0.47758098966040885,6,16
0.58446362989098699,0,17
0.72378888070093583,1,17
0.81866251642926335,12,17
0.96454006730458597,11,20
0.83913483726757587,18,20
0.81667606999512055,2,21
0.69566769303704468,3,22
0.77347183756146876,15,22
0.063789071107108519,21,22
0.84201639253297944,15,23
0.3700679584325568,16,23
0.83457899217571341,16,24
0.75110928511020481,19,25
0.71018970029490514,21,26
0.67059970943803271,7,27
0.89318296944196351,24,27
0.48041165335019698,6,28
0.7613990684673636,14,28
0.55350250245006072,2,29
0.46878706618834254,9,29
0.91964112964289868,14,29
0.66954290791759397,12,32
0.37448970428081862,13,33
0.054250414309110262,31,33
0.37379278051254228,19,34
0.66291611290077912,26,35
0.57691934145882617,18,36
0.3900451525387888,25,36
0.97573311314955591,4,37
0.23255225495271337,19,37
0.493284176725864,30,37
0.11270071788375768,10,38
0.5088977488761669,31,38
0.59007965568562259,36,38
0.18024822910027938,5,39
0.24107608039119199,31,39
0.5296811742381512,2,40
0.019134164725754133,5,40
0.06235128500987952,30,40
0.8032491516405208,18,41
0.83825145136323342,26,41
0.35422482462377314,32,41
0.48320459833354923,6,42
0.57135886800568969,13,42
0.31374105782488615,30,42
0.35183668760370301,24,43
0.14464323119761135,28,43
0.27233859574539399,11,44
0.47779666056231684,25,44
0.19871565366566013,34,44
0.40870432465828432,8,45
0.44023539810714596,27,45
0.38415069787927381,39,45
0.7655574825830147,0,46
0.5944265291933627,8,46
0.17955574212444936,34,46
0.029620332171794383,7,47
0.28273754167063658,35,47
0.6265601111221093,43,47
0.49028198608012552,1,48
0.46884797490162322,23,48
0.1242751992750748,33,48
0.49384504272361651,20,49
0.16695262382558129,32,49
0.53416785293931512,35,49
