0.6986922630297665,4,7
0.60353675923379568,0,8
0.85862972582867059,7,10
0.46901419841567871,0,11
0.0012213615173467529,7,14
0.51978339575582955,1,15
0.52697484493754265,9,15
0.56778648864530634,5,16
0.7301366793947518,10,19
0.23128787556199459,13,19
0.94804212391986731,5,20
0.046123655331446023,10,20
0.27550740408749164,3,21
0.23088436996152828,0,23
0.88323666584906868,2,23
0.88910637144800131,1,24
0.14402553835029275,22,24
0.71717142157860647,11,25
0.14405534244246676,21,25
0.87568059008136256,4,26
0.48881641531208364,18,27
0.25602491574289021,25,27
0.88510150478727401,8,28
0.23551011460628035,9,28
0.61906490424780269,14,28
0.69772864544608815,16,30
0.16836628719411006,4,31
0.30605257066917213,12,31
0.81267519502948948,21,31
0.018450670377115674,29,32
0.36503479569298181,12,33
0.52591444453019665,22,33
0.73728772294883804,30,33
0.92990839071785136,2,34
0.36980667986235705,17,34
0.12645735513417977,23,34
0.9961227557434893,6,35
0.61234370673654892,8,36
0.21910459528275028,12,36
0.74620800727617564,18,36
0.98740048947432701,13,37
0.38233318055042032,17,37
0.65118621593546056,35,37
0.55200043690196909,2,38
0.59686442634556813,3,38
0.10575366917376083,35,38
0.4343045742317535,14,39
0.50258582427666876,22,39
0.14643513776739059,13,40
0.28097531938042264,16,40
0.67828560360090151,6,41
0.98159992938379936,26,41
0.60081384341785804,6,42
0.2085183579766533,18,42
0.13255107838028513,32,42
0.98079829367379745,1,43
0.8401575641729826,24,43
0.75462819989783347,41,43
0.035296990684514973,3,44
0.17797604651465915,11,44
0.6358171929688784,29,44
0.039113933419281488,9,45
0.13444321989110886,17,45
0.29867999160468184,20,45
0.19692934527183403,27,46
0.64088607763990046,30,46
0.40740333421109032,19,47
0.92973312210004622,26,47
0.52704795862831866,40,47
0.48293913412238887,5,48
0.089773571075007941,32,48
0.36236218770944306,46,48
0.39522164734636978,15,49
0.90103099037242729,29,49
0.60758371493026375,39,49
