0.012845846602862254,3,5
0.97652960695354551,2,9
0.43980774408710865,8,9
0.13084361625168883,8,10
0.21747527035363312,1,12
0.22920730055184935,4,13
0.86071120211320462,7,13
0.97618429915136928,8,14
0.8404808222541138,7,15
0.76359170181862934,11,16
0.77508668077975662,16,17
0.25046999957712057,6,19
0.17620119928565114,4,20
0.59881765009865573,18,22
0.36214668063260191,3,23
0.6530621576450244,10,24
0.10317716343191685,9,26
0.17054917671200243,23,26
0.31061978383796718,24,27
0.20152875549133598,26,27
0.10686776298839895,17,28
0.2790929869425367,22,28
0.15248924321281698,15,29
0.5392541657418537,23,29
0.92741565151650773,4,30
0.27141189081055572,10,30
0.03858825488058415,20,30
0.72212854649427294,5,31
0.47979631514117838,27,31
0.64825628504316124,0,32
0.58779983439683936,31,32
0.55451990652124983,6,33
0.93371933017926634,13,33
0.72475906155341074,29,33
0.22206917020545192,2,34
0.047870248697879925,18,34
0.85473932617015624,28,34
0.14924445711886403,0,36
0.53254497144965973,16,36
0.24968500643142677,25,36
0.87237627832690479,12,37
0.83278033310442134,14,37
0.72479022290568207,21,37
0.29089119460697288,17,38
0.16467286602033981,21,38
0.30784006980130929,35,38
0.99884624173788772,11,39
0.1570420903589026,19,39
0.091756509794009955,20,39
0.5868187396061294,15,40
0.94039610770778326,6,41
0.65162855170625966,35,41
0.88449447943753967,40,41
0.46316340482742302,11,42
0.39708498486574273,19,42
0.47517117881505833,21,42
0.49923509556239598,24,43
0.352721281948013,25,43
0.64831921924474278,40,43
0.58329978626844758,0,44
0.088939029682035931,1,44
0.77059387428895842,32,44
0.49764551551798164,3,45
0.5845029172547731,22,45
0.61120019223937472,2,46
0.43601993994718979,5,46
0.023481729442644816,12,46
0.84035107974262324,7,47
0.1981635359472399,18,47
0.78078255074537828,1,48
0.91350858513376387,14,48
0.25835411628961069,25,48
0.38666440618217468,35,49
0.74479489654239561,45,49
0.6118485878653821,47,49
