0.42168510052080277,0,1
0.80596522574235396,1,10
0.96631844241457099,6,11
0.29136050739617902,8,13
0.57771755984825313,0,14
0.019574555537674843,9,14
0.41606290289602565,8,15
0.58608965955768588,11,15
0.31936177537751698,7,17
0.37367853886416647,14,17
0.23497236176491965,3,19
0.36989710459146552,9,21
0.39837078331444964,13,21
0.25185791752606079,2,22
0.73607704378895011,18,23
0.11561241163328129,7,24
0.77881548034286774,11,25
0.90223558671694848,20,25
0.36524955904231227,0,27
0.18273665499750835,3,28
0.32447101199488271,4,28
0.32383459935725123,10,28
0.8225778010055802,16,29
0.85182263474071562,19,29
0.56321993695565431,22,30
0.0033936649080310577,27,30
0.88003048905518788,1,31
0.78414145655139444,3,31
0.62736922275829743,16,32
0.62093325082897988,18,32
0.028286467233442414,7,33
0.17222995462161517,22,33
0.84320619290716059,4,34
0.74107940316364351,17,34
0.19739746617206588,26,34
0.52605914550700095,12,35
0.67990394654479791,26,35
0.65218420282086076,33,35
0.85714702079536442,24,36
0.56899284357709512,2,37
0.9431580910954841,21,37
0.055193392252100071,29,37
0.82682237023432048,6,38
0.64221645543425976,20,38
0.64083239645073431,32,38
0.7707334832967514,2,39
0.014372246741863881,8,39
0.93781407733614242,30,39
0.82361748001697643,6,40
0.92044172915519895,12,40
0.56987412691727168,9,41
0.4408287327731536,23,41
0.40480443226977092,40,41
0.9704945587130388,10,42
0.76440630929978004,16,42
0.61166718048582003,36,42
0.18662831110482103,19,43
0.30531435998814371,31,43
0.20051243289231313,15,44
0.97114819218374426,23,44
0.47631358070393082,25,45
0.7885479993901926,26,45
0.37311389308952247,43,45
0.3377519643497997,12,46
0.82428851838488071,13,46
0.90854997367601287,44,46
0.19874254083923815,5,47
0.5818436689871932,18,47
0.57351290961676893,27,47
0.1687885694790674,4,48
0.012591766107943658,5,48
0.55696035202683614,20,48
0.26400010181251055,5,49
0.16667151483111309,24,49
0.85625907958975367,36,49
