0.094210785056248358,0,1
0.32954972923087789,0,4
0.51721128057530019,0,5
0.466101443344485,3,6
0.087674981681405528,3,8
0.012312489154870598,4,8
0.5779939355782423,1,10
0.19228361814110462,6,11
0.59532838381435416,10,15
0.2116000456453514,12,15
0.54145689722477541,11,16
0.88984601309814537,6,19
0.80394123053362299,14,19
0.86505566656561028,12,20
0.55971385383057448,18,20
0.92431566167272061,5,21
0.78919144794985718,20,22
0.68565546872139893,2,23
0.99284886701575681,21,23
0.99238113959238794,11,24
0.33863997297922821,9,25
0.29417763951935261,17,25
0.96502175941789126,16,26
0.41909720346111923,9,27
0.64768873733754184,13,27
0.59827404413259844,1,28
0.1838700768889725,5,29
0.68400553677222498,27,29
0.23334566938539736,13,31
0.82066764338247078,3,32
0.21245683871263499,30,32
0.43832416666676643,17,33
0.17757189860062361,18,33
0.80327508635779366,21,33
0.92468845793955667,25,34
0.32216667275913136,26,34
0.7008323984729149,28,34
0.91333409090828865,10,35
0.3492102049263891,16,35
0.17574179753958341,31,35
0.32420916501826724,14,36
0.57513883600387339,19,36
0.42999729515512042,23,36
0.76864284163542884,12,37
0.36039914183737332,22,37
0.050146596978220992,31,37
0.14789948511273909,2,38
0.98666713646365578,29,38
0.24509919735231023,7,39
0.98965334401726779,7,40
0.24434978834712262,24,40
0.1613763116101693,13,41
0.84651345101910969,14,41
0.95400191688389724,30,41
0.89399792102258568,4,42
0.36720364387357285,17,42
0.50704575172231903,28,42
0.18282073608501725,18,43
0.28017423049936774,22,43
0.11490100615340226,40,43
0.99190980374899562,24,44
0.95979189388783326,30,44
0.90473483554906409,38,44
0.96106475891795129,2,45
0.99943195279484853,32,46
0.4311838653453236,45,46
0.77984506052089486,7,47
0.76789508691143138,8,47
0.58328192105336885,46,47
0.21884900853426204,9,48
0.3379001759108885,26,48
0.83590812290380401,39,48
0.48079083507661113,15,49
0.434738753021639,39,49
0.54766681157694763,45,49
