0.69481394008438058,2,3
0.44293697298404211,7,10
0.025106020765728765,7,12
0.7471091578631166,2,13
0.40844724535770449,8,13
0.44553337532649939,6,14
0.38302049170046926,5,16
0.031845155217622878,5,17
0.26721885386229915,6,17
0.10400665509943074,16,17
0.51105202196675747,8,18
0.78659524223712973,8,19
0.46319644500873391,4,20
0.89258450587413429,6,21
0.9937803881346875,18,21
0.44152727440687334,11,22
0.85438151363699988,15,23
0.95055497058294847,7,24
0.84185338128181841,13,24
0.95537565154654458,20,24
0.018588371362618261,5,25
0.83455390048045131,0,26
0.47281591643965104,22,27
0.61555702451155847,22,28
0.38384062007535213,27,28
0.57801609343049276,0,29
0.38250194070231169,9,29
0.72757598692891801,26,30
0.25668771492940468,0,31
0.70393726012773128,19,31
0.39123510270421191,23,31
0.29063199048214294,10,32
0.97697511808401716,14,32
0.33259168971659392,3,33
0.88803420927281718,12,33
0.18190319907563723,14,33
0.52052593646148881,2,34
0.68562791149652424,1,35
0.42727294865353493,21,35
0.63224244063050761,30,35
0.40511503841764118,18,36
0.48420181136373963,26,36
0.64697206813333097,1,37
0.6080369019156181,9,37
0.88912539298522009,29,37
0.2510835607649855,1,38
0.022349939521928541,3,38
0.25965545558094583,34,38
0.56185151384337662,19,39
0.61723223087406431,34,39
0.46537229536943736,9,40
0.74194869601702218,10,40
0.20511359866570755,39,40
0.83223478459004185,11,41
0.74115942989968919,30,41
0.24935808453200947,4,42
0.18658979259238406,15,42
0.82238798418729631,32,42
0.87091064596847567,20,43
0.80208661571837137,25,43
0.50094866345341016,23,44
0.23173150059690506,43,44
0.97919005276581639,36,45
0.43773280806294601,41,45
0.65537719301798281,4,46
0.8371018559762532,12,46
0.024140130997943654,45,46
0.37952990480574855,11,47
0.59855759508403272,27,47
0.52516895009411368,28,47
0.0019449259822668097,15,48
0.047436103100576554,25,48
0.25485141764226815,16,49
0.47023179142490878,44,49
0.42474473465985529,48,49
