0.074087454926595186,4,5
0.61019842473545527,2,6
0.99999313973430981,3,7
0.088747835100749684,1,8
0.34489447625858893,10,11
0.53082872124534564,10,12
0.9465329487165165,10,13
0.45829467867986151,5,14
0.75823373769520563,9,14
0.54791065921343585,7,16
0.23256839729653533,4,18
0.004474456418955719,9,19
0.45372629943029619,2,20
0.69107578235952294,16,21
0.91550232147998478,6,22
0.51263830136355926,11,22
0.68406040605834484,20,22
0.58197154008203922,17,23
0.092177973803538205,12,24
0.39045866298867993,13,25
0.056512740615149659,23,25
0.015649431054781338,0,26
0.92875657111061094,4,26
0.085098522489108652,5,26
0.14054107912052427,0,27
0.99418510453552433,17,27
0.73417918060844889,14,28
0.44122595974230416,1,29
0.57114807303272541,28,29
0.6017192223060045,17,30
0.64993341464245424,30,31
0.43856691657063507,31,32
0.54909389040964285,13,33
0.43939974549104199,32,33
0.1250346832201531,7,34
0.19389251558551124,29,34
0.040018839756175706,1,35
0.45475808874841139,9,35
0.55306827766014199,25,35
0.26364957700906944,11,36
0.6921391037790503,18,36
0.22364495886900593,6,37
0.94585983333768886,24,37
0.24787672770672164,15,38
0.118350486965482,21,38
0.54897589088025078,2,39
0.899673759420071,3,39
0.066877934214793711,8,39
0.40193572839430536,20,40
0.50561111065302022,38,40
0.73303699809492373,15,41
0.85495788401658246,33,41
0.66267538959455263,0,42
0.3266266086746008,12,42
0.16022212485846254,34,42
0.40104844053358946,15,43
0.59811426004931945,40,43
0.54104677245722377,41,43
0.71519882183431116,28,44
0.55799128872628156,30,44
0.082549235300146129,32,44
0.26869435900342586,3,45
0.26356975465048005,19,45
0.60730086912710157,31,45
0.86466930031587852,16,46
0.93718418688396687,18,46
0.7597571290992583,36,46
0.93500488324219422,23,47
0.11029326105047321,24,47
0.71081574028441852,19,48
0.57449435536330906,21,48
0.15992329184148601,47,48
0.52763025999345037,8,49
0.055913830526236885,27,49
0.66448746680244941,37,49
