0.56588791814670314,3,9
0.37264113853152836,4,11
0.5238813868645259,10,11
0.18873727645035321,4,12
0.80611794533294578,9,12
0.56199451769276398,3,13
0.72229177664900868,8,14
0.61330738616976865,6,15
0.44257812828560983,2,16
0.24908973442087201,8,17
0.51615295592920774,5,18
0.9874587127165263,4,19
0.25363903697817736,1,20
0.26687980963510571,0,21
0.67761819013542823,10,21
0.59682602237011773,12,23
0.67694051201321148,20,23
0.39190774358743952,10,24
0.41392394879988725,16,24
0.47332703328847614,3,25
0.94435560407904762,22,25
0.47433785819840923,14,27
0.13014983618644782,2,28
0.37572120557374356,11,28
0.26068565504836849,22,28
0.86892126659583591,20,29
0.17505377881231798,1,30
0.050928047569242296,21,30
0.14248616328303787,16,31
0.41195924672997974,27,31
0.10747857121615689,0,32
0.90913095371426789,13,33
0.57826393325391101,19,33
0.66828775973856158,5,34
0.58854004776679469,26,35
0.78603899162371516,34,35
0.61164167772855793,0,36
0.12924085347831793,13,36
0.63257748998143515,24,36
0.38206474339897212,6,37
0.99942664590502039,7,37
0.47169784484348665,26,37
0.60964698414668439,18,38
0.42154334542583138,23,38
0.61990275352373803,29,38
0.10706903029850545,14,39
0.50870665571977891,18,39
0.40411922929139377,2,40
0.38444450363945026,19,40
0.80937097909496281,26,40
0.48153352817683104,1,41
0.67313545557023435,7,41
0.50959034324959718,15,41
0.80591850087642358,22,42
0.056686500587338595,25,42
0.70068630290685963,27,43
0.85691863777394894,31,43
0.0087689544784247397,39,43
0.83579419223630003,15,44
0.91174777652703187,32,44
0.62490758703756366,34,44
0.70221237901896405,5,45
0.49089729153682982,33,45
0.96567765872069999,42,45
0.74141248152812733,6,46
0.6585344207985252,7,46
0.8866715488886322,30,46
0.98049494127141001,9,47
0.62783080348057929,17,47
0.64368561583058292,29,47
0.25452875543709974,8,48
0.67869848987057391,32,48
0.55268342171186702,17,49
0.3925199834816645,35,49
0.30421459175116061,48,49
