0.37827516552772811,0,5
0.044357197324702224,2,9
0.70711038701764894,3,9
0.51560127034395231,2,12
0.063238729451142839,3,12
0.35349609697485396,10,13
0.20306001156843867,13,16
0.57371451467148205,6,18
0.17149212871739095,8,19
0.41615220072871684,12,19
0.60703447967830526,17,20
0.34028067810180529,0,21
0.14602928711608387,1,21
0.82792817281390707,18,22
0.18200238061663676,7,23
0.72878390043365826,23,25
0.54574705579118865,10,26
0.52849477224596175,15,26
0.88655697181040627,4,27
0.29800366760792474,11,27
0.87258790556142507,17,27
0.89327750259303906,15,28
0.34689627676836854,20,28
0.34383134221186473,25,28
0.47004560374866589,19,29
0.61823656588113063,2,30
0.032810935137378983,8,31
0.33085930008839914,30,31
0.55103726682928089,11,32
0.44152801138413256,18,32
0.6905019818037551,1,33
0.96993286045414262,13,34
0.20154705348224811,16,34
0.34365058168516394,9,35
0.36839069882114239,29,35
0.035395895836564328,0,36
0.27052030247023207,16,36
0.52969522049978979,17,36
0.301679459877776,6,37
0.099180725889336019,33,37
0.82492680664552009,10,38
0.029326232337136493,14,38
0.14012327224565868,15,38
0.074154070467075339,24,39
0.35179544013968234,26,39
0.88342670090716735,33,39
0.18253398270403798,22,40
0.21466458418623802,25,40
0.62637143505160964,1,41
0.065855423196854779,8,41
0.97918771455065212,14,41
0.50829606362587432,11,42
0.16178412531322472,20,42
0.034179312603745848,22,42
0.39200707811063951,4,43
0.47688469980944581,7,43
0.016300168272681548,29,43
0.92014220812986658,24,44
0.50324754042601327,31,44
0.71875456730238474,35,44
0.49362975805555442,3,45
0.4318379210162071,14,45
0.91383762990967665,23,45
0.58798339651589537,5,46
0.18045548698945524,6,46
0.0086267625308139584,7,46
0.79753529693824177,4,47
0.59955862285026029,24,47
0.16312397236640097,37,47
0.50409802772622514,30,48
0.25323251638061461,32,48
0.26393461647543892,40,48
0.76310842879823781,5,49
0.017483789168698305,21,49
0.77452014866583319,34,49
