0.06638977200323104,1,2
0.38874264713517115,3,4
0.57797748173598806,0,5
0.92657733980609769,0,8
0.45733661947109194,4,11
0.6745800917627266,7,12
0.26289910525094395,2,13
0.12398258731516909,3,13
0.32946981949471954,10,14
0.9235771477959146,14,15
0.71586979918690685,2,16
0.38081150664713381,17,18
0.35463673645542337,5,20
0.43167324987702649,10,20
0.35249777183701669,15,21
0.46569551800659625,16,22
0.078904738432718835,18,22
0.41141787692372789,9,23
0.19711303198453434,10,23
0.85037855674922325,11,23
0.88380470069283279,12,24
0.29582979718912128,20,24
0.49954771099654638,1,25
0.39631743859199842,7,27
0.94269562907065863,17,27
0.86598575402157152,21,27
0.8242875411805638,3,28
0.10323051624892343,1,29
0.59191090314282913,11,29
0.66750136325626397,26,30
0.45493096733670357,28,30
0.11000630430856639,29,30
0.22225921739982002,6,31
0.81993470904854904,21,31
0.25518820545749121,19,32
0.60963336490922826,14,33
0.8481638180662755,4,34
0.26384710456954952,9,34
0.10853785200858224,16,35
0.95284907792865237,34,35
0.23698130674031948,32,36
0.80051872557863546,33,36
0.58902985756635307,35,36
0.21797557314404403,6,37
0.51837553191862906,15,37
0.76874668300110793,8,38
0.70318896490466387,26,38
0.65520597801482927,19,39
0.57813287415393666,22,39
0.61186253132038104,25,39
0.64581308304138618,9,40
0.37100920597665854,12,40
0.63518686431753646,24,41
0.7888493567524747,25,41
0.47440404595842112,5,42
0.098793785283098345,6,42
0.49213917181966327,41,43
0.43207598298309013,0,44
0.70779345471653488,13,44
0.81249172015060867,26,44
0.088773468673636002,8,45
0.43502251359981803,28,45
0.96643120478592937,40,45
0.74651904011021331,17,46
0.6953734065419922,19,46
0.54762606150883053,31,46
0.5739558945839458,37,47
0.50661574093053752,42,47
0.30556711732741026,43,47
0.049060835360178801,7,48
0.26811239101558981,32,48
0.2283321060219915,43,48
0.33558077532495956,18,49
0.76323446412916884,33,49
0.21194946278475313,38,49
