1.0,2,5
1.0,3,6
1.0,1,9
1.0,0,10
1.0,0,12
1.0,3,12
1.0,7,14
1.0,6,15
1.0,11,16
1.0,14,17
1.0,10,18
1.0,3,19
1.0,9,19
1.0,15,20
1.0,10,21
1.0,13,22
1.0,12,23
1.0,17,23
1.0,21,24
1.0,5,25
1.0,21,25
1.0,0,26
1.0,4,26
1.0,1,27
1.0,24,27
1.0,16,28
1.0,15,29
1.0,11,30
1.0,2,31
1.0,8,31
1.0,16,31
1.0,2,32
1.0,14,32
1.0,1,33
1.0,24,33
1.0,25,33
1.0,4,34
1.0,18,34
1.0,19,34
1.0,8,35
1.0,22,35
1.0,30,35
1.0,4,36
1.0,29,37
1.0,36,37
1.0,7,38
1.0,6,39
1.0,20,39
1.0,36,39
1.0,9,40
1.0,18,40
1.0,26,40
1.0,28,41
1.0,38,41
1.0,13,42
1.0,28,42
1.0,27,43
1.0,42,43
1.0,5,44
1.0,20,44
1.0,11,45
1.0,13,45
1.0,23,45
1.0,29,46
1.0,37,46
1.0,38,46
1.0,17,47
1.0,43,47
1.0,44,47
1.0,7,48
1.0,30,48
1.0,32,48
1.0,8,49
1.0,22,49
1.0,41,49
