0.86822807527730572,1,7
0.8934452882956323,5,7
0.060378940343047582,4,8
0.44373698288602381,9,10
0.99717757742451441,3,12
0.91072775921321292,12,13
0.42495832478557138,5,14
0.78257049293640835,1,15
0.74626552038507588,11,17
0.48339492455886679,2,18
0.63495282111654083,15,18
0.86754127790242186,2,19
0.95973420714901825,4,19
0.28060535351671689,13,20
0.42148182017409963,17,20
0.44975119297421173,9,21
0.25773021194038959,16,21
0.68155545507821502,20,22
0.35766186863614946,5,23
0.075522406234473816,11,23
0.46861863594401809,15,23
0.39306056551805202,0,25
0.7440597290603197,18,25
0.31803580137534615,0,26
0.29234739680520094,16,26
0.98939880515638301,13,27
0.97085410942284378,1,28
0.72480273252023508,8,28
0.96982488114732768,22,28
0.52133811802461494,4,29
0.7253188511114429,17,29
0.44448874437956809,10,31
0.44982840714672923,27,31
0.17100954040394301,30,31
0.97817486844222779,30,32
0.60751036802229152,2,34
0.70097733581050481,26,34
0.56333203786539621,32,34
0.55797218546893923,16,35
0.94661558845810789,33,35
0.81735960576217437,0,36
0.33642104591398581,10,37
0.31631953593293016,24,37
0.79415742950612844,7,38
0.039551345558222928,8,38
0.72190843341230093,14,38
0.48541381411984452,24,39
0.007630808452202098,25,39
0.60890364219057136,32,39
0.11394388145545253,11,40
0.68310309403506408,12,40
0.020997302795864314,6,41
0.082193091611348135,29,41
0.95360579315649219,40,41
0.57630240079083717,3,42
0.0098104760313443284,19,42
0.91055915786584907,36,42
0.32157115415898319,33,43
0.12826726239551611,9,44
0.7883911565773668,21,44
0.84360363634841518,6,45
0.84382176517163898,14,45
0.85026802486578423,36,45
0.53639645609745756,3,46
0.65504713683117055,22,46
0.5458009456143208,43,46
0.33796777128668309,30,47
0.19769220565704271,33,47
0.79433972435745093,44,47
0.26812111164062291,27,48
0.068834592155230689,35,48
0.064516337697752446,37,48
0.86059833457262058,6,49
0.97657858780067974,24,49
0.94985840730937277,43,49
