1.0,4,5
1.0,5,6
1.0,0,8
1.0,3,11
1.0,1,12
1.0,7,16
1.0,12,17
1.0,8,18
1.0,10,18
1.0,6,19
1.0,1,21
1.0,13,22
1.0,16,22
1.0,0,23
1.0,21,23
1.0,15,24
1.0,17,25
1.0,20,25
1.0,22,25
1.0,11,26
1.0,4,27
1.0,6,27
1.0,15,28
1.0,24,28
1.0,26,28
1.0,10,29
1.0,17,29
1.0,9,30
1.0,23,30
1.0,16,32
1.0,24,32
1.0,3,33
1.0,11,33
1.0,20,33
1.0,1,34
1.0,7,34
1.0,31,34
1.0,15,35
1.0,20,35
1.0,2,36
1.0,13,36
1.0,9,37
1.0,36,37
1.0,18,38
1.0,35,38
1.0,2,39
1.0,19,39
1.0,32,39
1.0,10,40
1.0,9,41
1.0,31,41
1.0,40,41
1.0,13,42
1.0,14,42
1.0,14,43
1.0,29,43
1.0,31,43
1.0,12,44
1.0,26,44
1.0,38,44
1.0,4,45
1.0,19,45
1.0,21,45
1.0,8,46
1.0,14,46
1.0,30,46
1.0,0,47
1.0,5,47
1.0,37,47
1.0,2,48
1.0,3,48
1.0,27,48
1.0,7,49
1.0,40,49
1.0,42,49
