0.98994306010168986,0,5
0.11843649347119301,4,13
0.46667361837805477,2,14
0.77961868057952066,1,15
0.43764040294518514,15,16
0.22897898617218448,9,17
0.91263846106416358,11,17
0.9037967605657844,7,18
0.48088187086818801,3,19
0.13610128744443506,14,19
0.95332510133076021,8,20
0.4363505603142529,4,21
0.91469187690713927,10,21
0.80826588237870745,20,22
0.98722805337228681,11,23
0.34293727066250701,15,24
0.29977436004004765,23,25
0.1638683711898824,0,26
0.68115872730304827,12,26
0.028627142800932037,0,27
0.46828700142656288,3,28
0.59245083082337913,5,28
0.62898091098447106,12,29
0.61607374695452388,26,29
0.23331196428021583,4,30
0.32474259545360729,10,30
0.073260070151669354,7,31
0.30336493667657627,16,31
0.1038732623343791,17,32
0.31499588015848423,27,32
0.77016544844656987,6,33
0.74138678371356215,14,33
0.96408037017915715,23,33
0.90422238836406543,2,34
0.44518975488349954,18,34
0.79053930982729748,21,34
0.25874015091312941,5,35
0.14008788939573735,25,35
0.62980186422060347,3,36
0.40731875097438586,9,36
0.13172754469030212,2,37
0.68868929831611947,6,37
0.03272055374715388,13,37
0.53381839214956639,13,38
0.69964666615173254,29,38
0.2664951255663085,6,39
0.44924492016888129,16,39
0.85788804390898532,8,40
0.058414636286754584,19,40
0.94542760844285012,30,40
0.41608809863753538,31,41
0.068831793193353641,32,41
0.68222230503432379,10,42
0.4503688643157685,22,42
0.53402499871878151,38,42
0.47001930083049626,1,43
0.33601366449817727,11,43
0.38911856409136747,24,43
0.33094974309917324,7,44
0.73938361065329694,41,44
0.82470280049106981,1,45
0.054634891645337524,22,45
0.78995680039977689,39,45
0.089022591443188359,9,46
0.2533867635760515,18,46
0.47981359732450879,20,46
0.5154953260299906,8,47
0.37959397284422203,27,47
0.0024474901497602009,35,47
0.88383105783118754,24,48
0.6262036265788008,25,48
0.14550343254220721,36,48
0.97096856681876031,12,49
0.85000111502771569,28,49
0.539798329415352,44,49
