0.98933738503789681,0,5
0.21475106115157216,3,7
0.83546709707374611,0,8
0.90857454545969174,1,9
0.41442995440071217,7,10
0.6610706665202043,6,11
0.31393977875135537,1,12
0.050734355255997676,10,13
0.26288332865454944,6,15
0.94960256794903308,5,18
0.3919380681713821,13,18
0.88791030321950459,0,20
0.80212705183837429,3,20
0.5267855936837782,17,21
0.026589060203944137,15,22
0.56777934624053839,19,22
0.69866474793935984,22,23
0.83153412509894442,4,24
0.22909534692523859,12,24
0.40369665668926669,16,25
0.042808959865114571,18,25
0.8639995889264328,4,26
0.10116475567102312,2,27
0.97755300943582957,9,28
0.011595971223412382,10,29
0.73950934766881971,15,29
0.42574929934701911,25,30
0.49273917897023256,14,31
0.018458570810044095,21,31
0.41567980133620663,11,32
0.54520822530955548,24,32
0.17500914080798569,4,33
0.73937150943649721,14,33
0.72635939467832134,19,34
0.39042942828304628,23,34
0.50910855581484726,34,35
0.4182835116955278,8,36
0.01584874420647242,32,36
0.073924342801787168,35,36
0.35451912161507992,17,37
0.12427571378406743,33,37
0.93018746274392072,5,38
0.58890688053326268,16,38
0.52713359271239435,29,38
0.029895229647396104,2,39
0.4326170881314565,27,39
0.56820175379046123,16,40
0.95339522414907452,19,40
0.56844795911454138,39,40
0.91921374447519144,11,41
0.28156428216781604,14,41
0.35454395440923769,9,42
0.5872830231638424,12,42
0.92693213148010323,30,42
0.10283378125283715,3,43
0.90933514449783437,20,43
0.76851773606513141,23,43
0.96706713479519513,1,44
0.26766319164487562,21,44
0.25002734969232066,31,44
0.21202297895160815,8,45
0.1810164624730809,27,45
0.587877103786973,37,45
0.059981836963654667,6,46
0.11760434490420468,35,46
0.64675970661353976,41,46
0.72327008772726065,17,47
0.086751978485953396,26,47
0.2633906423403316,28,47
0.42582343925086452,7,48
0.80232262764197582,28,48
0.036537150732594226,30,48
0.60485626731818842,2,49
0.0073485168918420163,13,49
0.12040555394163888,26,49
