0.8012649575337184,3,7
0.75775745021536434,5,8
0.11156373223712057,4,10
0.97367793404173675,9,11
0.70907370706738659,4,14
0.15443719040919157,0,15
0.10696471813613195,10,17
0.38952914078989453,15,17
0.84472673310829582,2,18
0.078235587257349359,13,18
0.053344347282431648,1,19
0.67929399941689306,5,20
0.93895371235907854,11,20
0.96487765006971637,12,21
0.21596580909375618,0,22
0.16541590906562231,1,22
0.53891719027036555,13,23
0.38348167244217946,22,23
0.090750304248213398,17,25
0.93557760288941683,3,26
0.088837972921056663,13,26
0.19560180316734832,12,27
0.4243157294008133,6,28
0.11449263927378184,21,29
0.50987837807407643,28,29
0.87038435807858494,25,31
0.18086342376318509,30,31
0.51796402620106352,9,32
0.94645112563567158,2,33
0.026670678662273573,27,33
0.75796213067112661,30,33
0.13843578243332788,0,34
0.73898213316738781,31,34
0.00017257549087545954,32,34
0.24801290305001866,16,35
0.85291068141190751,23,35
0.23993978122605075,28,35
0.95891837489219411,12,36
0.44096973074728096,27,36
0.5378771623075933,8,37
0.63685236108703736,24,37
0.6359842597940607,5,38
0.19400460640368211,19,38
0.33213537047722308,24,38
0.70517408756686062,3,39
0.57803767422650787,7,39
0.79456860822522213,26,39
0.9351557164365516,1,40
0.56402810020545846,6,40
0.5236962981523301,18,40
0.70983748122253032,7,41
0.79865882323230097,11,41
0.46973510140074026,30,41
0.29929725002416763,24,42
0.80204812093267741,4,43
0.87858835503577049,16,43
0.68147664892538307,36,43
0.15990183165462812,2,44
0.42010322148495094,10,44
0.99506993704632485,14,44
0.82844323014261889,6,45
0.67741209311995199,21,45
0.72922068366172021,37,45
0.52221352828868617,15,46
0.15014580713905157,20,46
0.44081598897494134,42,46
0.88642692637072307,9,47
0.10875518213815538,25,47
0.20308547021254242,29,47
0.91245779399395877,16,48
0.064404260327952878,19,48
0.74990566230233024,42,48
0.060226781239442917,8,49
0.52262774322810646,14,49
0.19871775416403392,32,49
