1.0,3,5
1.0,4,8
1.0,0,13
1.0,7,14
1.0,11,14
1.0,12,15
1.0,4,16
1.0,2,17
1.0,6,17
1.0,7,17
1.0,6,18
1.0,0,19
1.0,4,19
1.0,1,20
1.0,8,22
1.0,15,23
1.0,22,23
1.0,23,24
1.0,20,25
1.0,11,26
1.0,6,27
1.0,11,27
1.0,16,27
1.0,10,28
1.0,15,28
1.0,9,29
1.0,3,30
1.0,0,31
1.0,21,31
1.0,12,32
1.0,28,32
1.0,10,33
1.0,21,33
1.0,2,34
1.0,3,34
1.0,9,34
1.0,14,35
1.0,25,35
1.0,29,35
1.0,19,36
1.0,26,36
1.0,26,37
1.0,2,38
1.0,13,38
1.0,37,38
1.0,10,39
1.0,32,39
1.0,20,40
1.0,24,40
1.0,18,41
1.0,24,41
1.0,30,41
1.0,13,42
1.0,30,42
1.0,1,43
1.0,36,43
1.0,37,43
1.0,5,44
1.0,29,44
1.0,33,44
1.0,8,45
1.0,25,45
1.0,31,45
1.0,22,46
1.0,39,46
1.0,42,46
1.0,12,47
1.0,21,47
1.0,40,47
1.0,7,48
1.0,9,48
1.0,18,48
1.0,1,49
1.0,5,49
1.0,16,49
