1.0,2,4
1.0,7,8
1.0,3,12
1.0,6,14
1.0,8,14
1.0,12,15
1.0,0,16
1.0,1,16
1.0,12,17
1.0,3,19
1.0,8,19
1.0,9,19
1.0,10,20
1.0,3,21
1.0,15,21
1.0,1,22
1.0,4,23
1.0,15,23
1.0,1,24
1.0,20,24
1.0,0,25
1.0,17,25
1.0,5,27
1.0,22,27
1.0,0,28
1.0,21,28
1.0,17,29
1.0,20,29
1.0,16,30
1.0,28,30
1.0,5,31
1.0,23,31
1.0,24,31
1.0,6,32
1.0,7,32
1.0,25,33
1.0,26,33
1.0,32,33
1.0,26,34
1.0,2,35
1.0,18,35
1.0,7,36
1.0,34,36
1.0,10,37
1.0,13,38
1.0,22,38
1.0,26,38
1.0,9,39
1.0,36,39
1.0,9,40
1.0,13,40
1.0,5,41
1.0,11,41
1.0,27,41
1.0,11,42
1.0,13,42
1.0,11,43
1.0,37,43
1.0,4,44
1.0,10,44
1.0,30,44
1.0,29,45
1.0,43,45
1.0,2,46
1.0,6,46
1.0,18,46
1.0,18,47
1.0,35,47
1.0,39,47
1.0,34,48
1.0,40,48
1.0,42,48
1.0,14,49
1.0,37,49
1.0,45,49
