1.0,4,5
1.0,4,8
1.0,0,10
1.0,6,13
1.0,2,16
1.0,5,16
1.0,15,17
1.0,0,18
1.0,10,18
1.0,7,19
1.0,12,19
1.0,3,21
1.0,17,21
1.0,2,23
1.0,9,23
1.0,7,24
1.0,19,24
1.0,1,25
1.0,3,25
1.0,11,25
1.0,1,26
1.0,21,26
1.0,22,26
1.0,6,27
1.0,11,27
1.0,11,28
1.0,13,28
1.0,20,28
1.0,5,29
1.0,8,29
1.0,20,30
1.0,15,32
1.0,23,32
1.0,17,33
1.0,22,33
1.0,9,34
1.0,31,34
1.0,0,35
1.0,3,35
1.0,10,35
1.0,14,36
1.0,1,37
1.0,18,37
1.0,30,37
1.0,8,38
1.0,20,38
1.0,30,38
1.0,15,39
1.0,32,39
1.0,7,40
1.0,9,40
1.0,16,41
1.0,22,41
1.0,36,41
1.0,4,42
1.0,31,42
1.0,31,43
1.0,40,43
1.0,12,44
1.0,13,44
1.0,43,44
1.0,36,45
1.0,42,45
1.0,24,46
1.0,34,46
1.0,39,46
1.0,6,47
1.0,12,47
1.0,14,47
1.0,2,48
1.0,29,48
1.0,33,48
1.0,14,49
1.0,27,49
1.0,45,49
