1.0,1,6
1.0,1,9
1.0,2,9
1.0,5,12
1.0,0,13
1.0,9,14
1.0,10,14
1.0,0,15
1.0,14,15
1.0,10,16
1.0,2,17
1.0,11,19
1.0,16,19
1.0,5,20
1.0,2,21
1.0,3,21
1.0,4,22
1.0,8,22
1.0,18,23
1.0,3,24
1.0,13,24
1.0,23,24
1.0,19,25
1.0,8,26
1.0,22,26
1.0,7,27
1.0,18,28
1.0,25,28
1.0,0,29
1.0,4,30
1.0,12,30
1.0,5,32
1.0,30,32
1.0,13,33
1.0,31,33
1.0,6,34
1.0,29,34
1.0,6,35
1.0,29,35
1.0,35,36
1.0,3,37
1.0,17,37
1.0,20,38
1.0,26,38
1.0,31,38
1.0,8,39
1.0,11,39
1.0,34,39
1.0,16,40
1.0,32,40
1.0,33,40
1.0,20,41
1.0,27,41
1.0,10,42
1.0,21,42
1.0,12,43
1.0,17,43
1.0,1,44
1.0,15,44
1.0,25,44
1.0,7,45
1.0,23,45
1.0,43,45
1.0,7,46
1.0,27,46
1.0,37,46
1.0,18,47
1.0,28,47
1.0,31,47
1.0,36,48
1.0,41,48
1.0,42,48
1.0,4,49
1.0,11,49
1.0,36,49
