1.0,2,4
1.0,0,5
1.0,7,8
1.0,6,9
1.0,8,11
1.0,1,12
1.0,10,14
1.0,13,14
1.0,10,15
1.0,2,17
1.0,0,18
1.0,15,19
1.0,6,20
1.0,11,20
1.0,18,20
1.0,7,22
1.0,9,23
1.0,21,23
1.0,4,24
1.0,2,25
1.0,5,25
1.0,3,26
1.0,25,26
1.0,7,27
1.0,21,27
1.0,12,28
1.0,28,29
1.0,22,30
1.0,14,31
1.0,18,31
1.0,19,31
1.0,3,32
1.0,5,33
1.0,6,33
1.0,16,33
1.0,3,34
1.0,23,34
1.0,28,34
1.0,22,35
1.0,1,36
1.0,9,36
1.0,29,36
1.0,13,37
1.0,15,37
1.0,16,37
1.0,10,38
1.0,12,39
1.0,21,39
1.0,38,39
1.0,24,40
1.0,30,40
1.0,29,41
1.0,30,41
1.0,35,41
1.0,4,42
1.0,11,42
1.0,13,42
1.0,16,43
1.0,38,43
1.0,26,44
1.0,32,44
1.0,8,45
1.0,35,45
1.0,44,45
1.0,1,46
1.0,17,46
1.0,19,46
1.0,27,47
1.0,43,47
1.0,32,48
1.0,40,48
1.0,47,48
1.0,0,49
1.0,17,49
1.0,24,49
