0.0090995298916404233,0,3
0.93423952257891707,4,10
0.50868969485083049,3,14
0.30013951108100123,6,14
0.2117023126038925,12,15
0.26403181106100237,13,15
0.13170672607683032,3,16
0.80507380656573535,6,16
0.45795070461200116,11,16
0.94134452258070334,12,18
0.58930475561713735,4,19
0.75808330240550137,17,20
0.61080472569378563,18,20
0.40002221085266343,15,21
0.38133863251925237,19,21
0.86223398592471012,1,22
0.47275337156060426,8,22
0.60439869624712939,11,22
0.1124502435212712,5,23
0.12942382296089983,13,23
0.58258807870177076,10,24
0.18961535824973297,8,25
0.49989588566003851,11,26
0.084613670258392282,10,27
0.48958712976144336,12,27
0.74306372511706342,8,28
0.35528256657583013,4,29
0.24143564220199287,2,30
0.92874091334010911,6,30
0.36620222872108621,17,30
0.4986671793002192,2,31
0.445916698365041,17,32
0.67827850865075379,9,33
0.34034956508627467,28,33
0.38709746563586178,0,34
0.24989179591011756,29,34
0.24127196143480723,32,34
0.72528214603293317,9,35
0.30690119095980195,1,36
0.85770098949135454,7,36
0.8311931801350062,14,36
0.75988193257239145,5,37
0.090306481027305208,9,37
0.02156465366310012,26,38
0.9341831666917455,35,38
0.26863941033824801,13,39
0.087617560311120224,21,39
0.23883051800543986,35,40
0.33912277265400825,39,40
0.11600871569846527,5,41
0.34625168660117311,25,41
0.87190101239584616,40,41
0.82464172670015079,7,42
0.19015885182345693,31,42
0.64142103839469944,7,43
0.61690131499581824,32,43
0.083622404292559738,38,43
0.026466154727036173,20,44
0.35825820784281215,26,44
0.46953337389695571,33,44
0.76735143479453471,0,45
0.66446415965358741,2,45
0.89860002640914705,37,45
0.66431500947306166,19,46
0.44982778555484548,23,46
0.20954819578297734,24,46
0.55571506132658444,27,47
0.99965541818038739,29,47
0.88802340369073007,31,47
0.20273540941045132,24,48
0.057421926645585097,25,48
0.77269244356346833,42,48
0.2845664293453829,1,49
0.2831330566504342,18,49
0.8755241779203331,28,49
