0.87218273703269711,2,8
0.45807104008127231,4,8
0.17482871470741845,7,9
0.44643554811575181,10,12
0.64157058655472721,5,13
0.96027607289872918,11,14
0.65353813273152961,1,15
0.33273037730906729,6,16
0.62070340171382488,7,17
0.23900345185482008,2,18
0.42631079715346931,11,18
0.25781436737105012,2,19
0.94750247385253528,14,20
0.26245602177211635,19,20
0.44931047866635387,21,22
0.9126222376122185,6,23
0.63621002179845798,17,23
0.66251439592713668,1,24
0.20756721792670851,16,25
0.86521665604633191,23,25
0.21272638839588076,1,26
0.80094523223946568,22,27
0.54873552717273977,0,28
0.24332424196427205,14,28
0.38745282459298769,9,29
0.32378096802743395,27,30
0.077688571253761829,5,31
0.33062808492670348,7,31
0.29636054042272486,0,32
0.21132894863349094,10,33
0.46267550028483484,22,33
0.18405679526453389,21,34
0.28667047793983202,32,34
0.48876218704369745,33,34
0.61824186476993326,26,35
0.37587757949374823,31,35
0.65879382386891561,3,36
0.24925701272058898,17,36
0.67640867107757707,4,37
0.0090783199897762623,15,37
0.48997461475096915,30,37
0.64591524259842537,8,38
0.74628646084340289,24,38
0.4167091499109048,29,38
0.471055972591373,12,39
0.42492345765592565,27,39
0.27717926782475333,3,40
0.2676312076622247,20,40
0.71077109900652169,30,40
0.02049476943125017,5,41
0.083507802418733124,6,41
0.15072841338289944,28,41
0.04379421840397224,10,42
0.11023484872407363,11,42
0.7743497972186163,32,42
0.53425645201689698,15,43
0.95506589886244364,21,43
0.46089904699098416,26,43
0.63907378526988545,3,44
0.65589380959941279,36,44
0.72567992585723773,13,45
0.58305145288454019,19,45
0.018003594078141227,25,45
0.78698480787897906,4,46
0.11524801102558913,18,46
0.95330807263349393,44,46
0.31895213225841212,0,47
0.26220569258515192,13,47
0.54993179850939422,35,47
0.32016889271982618,12,48
0.79310588457516518,16,48
0.910480508517444,24,48
0.63092389249643144,9,49
0.59932133285766098,29,49
0.12894808973808258,39,49
