0.66404070809960258,0,6
0.28407418382314908,6,9
0.23895962156388428,8,9
0.44280526968943945,1,11
0.031313024584513127,2,12
0.81819830862370713,6,12
0.51955720686369278,7,13
0.65696261592795058,8,14
0.81713375018411682,0,16
0.60274979164137599,4,17
0.20435608017583218,15,17
0.43853359538596137,2,18
0.49960527110937969,5,18
0.32890468933669204,14,19
0.73212191696571038,16,19
0.97517053990147018,3,20
0.62939401543230933,7,20
0.11836142849151754,13,21
0.031436592923189122,12,22
0.91972971951432658,9,23
0.95699616224109585,3,24
0.35422138794323688,14,24
0.70156448666298477,15,24
0.41678131233485083,20,25
0.25940323670401833,7,27
0.73826903083948237,18,27
0.67016678153372922,10,28
0.15383059907349594,25,30
0.30848236609536084,15,31
0.35198634514172911,21,32
0.40004515533661378,16,33
0.25556102039733986,29,33
0.87711031804796369,8,34
0.40054308369786173,13,34
0.4851786754255123,27,34
0.89141008209874639,23,35
0.30510505297873891,0,36
0.12083529630941248,21,36
0.59551344548830265,30,36
0.71454747788358242,26,37
0.60429990151301616,5,38
0.041286710374269342,10,38
0.05290693048297046,26,38
0.13106727243531058,1,39
0.25548838565733256,11,39
0.54165505450598184,35,39
0.59013789576899811,2,40
0.2659284244111334,3,40
0.23643494084942407,37,40
0.25613419738630339,28,41
0.27775295294993096,29,41
0.81066121321467299,10,42
0.27641473437314623,30,42
0.50590655605848533,32,42
0.17815575107130166,25,43
0.87607969845549438,33,43
0.70318306361351957,35,43
0.46263032666123105,5,44
0.29118119041535362,23,44
0.57040987512940144,26,44
0.67104294539436571,28,45
0.53144966715385267,37,45
0.69381809766142155,41,45
0.56923684227384119,1,46
0.51825342786340534,4,46
0.29444862027496987,19,46
0.57375147503273782,22,47
0.54763949686775393,29,47
0.84264100203357706,32,47
0.020768551596791029,4,48
0.87859215894498843,11,48
0.2976093984635092,31,48
0.79511172141073416,17,49
0.17030684558426223,22,49
0.15690406908039412,31,49
