0.9863162267265223,2,5
0.56567623737706063,3,6
0.40337157819851321,1,9
0.21017079822415308,0,10
0.70572811846422701,0,12
0.72908698826020057,3,12
0.5217377185312646,7,14
0.44619457572707422,6,15
0.38760030821789571,11,16
0.65096288196164442,14,17
0.7798619196904516,10,18
0.91434527175165126,3,19
0.94224936271751236,9,19
0.17806583815377486,15,20
0.51118341930866784,10,21
0.43535136137799535,13,22
0.42758081744676812,12,23
0.1124557367654172,17,23
0.6130211823110715,21,24
0.39787064387207005,5,25
0.86889072250053268,21,25
0.25080977145565564,0,26
0.068850191040788378,4,26
0.18328433118061027,1,27
0.8700133368232027,24,27
0.43356465995898674,16,28
0.88190856462289446,15,29
0.77899818663540044,11,30
0.59049688803978351,2,31
0.9848652173281649,8,31
0.032606980879045455,16,31
0.25162201016410879,2,32
0.37620285834425771,14,32
0.69352319953587815,1,33
0.61712903206673064,24,33
0.43549278730210428,25,33
0.38617573546182427,4,34
0.27181895228644759,18,34
0.24449357638936131,19,34
0.21073587161951735,8,35
0.93532473521048665,22,35
0.61733864110840952,30,35
0.23275900997612609,4,36
0.74019705731047214,29,37
0.078570537965780618,36,37
0.18971529751354532,7,38
0.45682012420336182,6,39
0.65929203264002612,20,39
0.66621507414679892,36,39
0.52074810253961523,9,40
0.62438364846178329,18,40
0.95993383904777463,26,40
0.2945694548291079,28,41
0.87644658392903096,38,41
0.80133193984492568,13,42
0.91496088042354218,28,42
0.23408691667346004,27,43
0.35503551883500051,42,43
0.6361707423903874,5,44
0.24203060311745717,20,44
0.86844636480692972,11,45
0.53210712231124091,13,45
0.52180966472377388,23,45
0.69391208422688389,29,46
0.049873668520708847,37,46
0.17821407372351517,38,46
0.98929962584739939,17,47
0.89265101778927181,43,47
0.83789413836437454,44,47
0.32733263434233473,7,48
0.048228136661472965,30,48
0.19925917985228436,32,48
0.6105641582522664,8,49
0.71260491095881362,22,49
0.73734234044444258,41,49
