1.0,3,10
1.0,1,11
1.0,10,13
1.0,2,14
1.0,4,15
1.0,3,16
1.0,10,16
1.0,0,17
1.0,0,19
1.0,8,20
1.0,12,20
1.0,11,21
1.0,19,22
1.0,13,23
1.0,17,23
1.0,20,23
1.0,2,24
1.0,5,24
1.0,8,24
1.0,9,25
1.0,15,25
1.0,18,25
1.0,4,26
1.0,18,27
1.0,0,28
1.0,6,28
1.0,26,28
1.0,1,29
1.0,7,29
1.0,30,31
1.0,12,32
1.0,18,32
1.0,21,32
1.0,14,33
1.0,31,33
1.0,11,34
1.0,6,35
1.0,21,35
1.0,27,36
1.0,5,37
1.0,19,37
1.0,27,37
1.0,6,38
1.0,35,38
1.0,22,39
1.0,34,39
1.0,38,39
1.0,22,40
1.0,29,40
1.0,31,40
1.0,12,41
1.0,16,41
1.0,36,41
1.0,2,42
1.0,14,42
1.0,17,42
1.0,3,43
1.0,15,43
1.0,34,43
1.0,1,44
1.0,7,44
1.0,30,44
1.0,5,45
1.0,33,45
1.0,8,46
1.0,30,46
1.0,4,47
1.0,7,47
1.0,13,47
1.0,9,48
1.0,26,48
1.0,36,48
1.0,9,49
1.0,45,49
1.0,46,49
