0.63408163144200658,2,3
0.51312286205885571,1,5
0.65854627008131883,1,9
0.4443862030304313,3,12
0.66963636929974635,0,13
0.96423434262299257,7,13
0.55392246747764107,12,13
0.38020861056866073,7,17
0.11775035561072,16,18
0.36062481869431329,10,19
0.93915307960362626,2,20
0.55095753619587184,4,21
0.88043723130929541,8,21
0.89714208089215797,4,22
0.77268011247428681,17,22
0.4521888797032344,14,23
0.032005884840374699,15,24
0.9668749442643495,18,24
0.52604572452588905,10,25
0.2227074045132732,20,25
0.246789851708901,14,26
0.32233061931291374,1,27
0.0071468977506597975,24,27
0.47620357902823185,20,28
0.95155466652574572,0,29
0.70058735553417206,16,29
0.034869969401313705,26,29
0.90143034461831328,28,30
0.20132424076057831,19,31
0.34569078667398367,26,31
0.84800203029064447,2,32
0.69858860722548255,5,32
0.76964886481944894,11,32
0.67295396052788892,6,33
0.46412967697849694,12,34
0.20607939186096913,25,34
0.83312725260746789,0,35
0.35517059681952612,14,35
0.16524643653138715,8,36
0.45645148603616925,11,36
0.46919039750743341,9,37
0.016338924102702546,23,37
0.073287531932567207,3,38
0.31819257936016343,15,38
0.47656867747708342,35,38
0.81413639668637083,10,39
0.28512008215059337,19,39
0.42898680762722508,21,40
0.693006172771371,30,40
0.42256228813129426,36,40
0.39034420902244837,17,41
0.057391128770979738,18,41
0.88673959396005175,27,42
0.7513709035091114,30,42
0.39386985620862613,15,43
0.61223184127296204,41,43
0.27435256545388809,42,43
0.22016938333263725,6,44
0.9180291544994218,7,44
0.49884101404250725,37,44
0.9882708083963806,28,45
0.68441640909837587,33,45
0.78097634654741799,39,45
0.17388293685972112,4,46
0.36540535870305435,5,46
0.088263767341313804,16,46
0.78543141964420027,8,47
0.17571647155353198,9,47
0.1923940863108824,33,47
0.68265628592518968,11,48
0.95778719276694413,31,48
0.021341184028259463,34,48
0.828215119072508,6,49
0.33138574656540032,22,49
0.15745775561117648,23,49
