0.14469266300926942,1,2
0.4006642503479444,0,5
0.22466361079070685,4,7
0.27360246876843108,11,12
0.18504652274944311,3,14
0.42872562132242042,13,14
0.14357647016005104,6,16
0.96994308926024353,11,16
0.76514965398885681,13,17
0.6693402371028524,1,18
0.64749437023889778,9,18
0.94065000908646601,5,19
0.440218031244345,9,19
0.51509488941008874,7,20
0.78505481418621748,0,21
0.072263968056069827,0,22
0.82526793056432191,1,24
0.52552582805020787,8,25
0.35090642632936364,14,25
0.98154507754052234,23,25
0.69445655925479299,3,26
0.44351537574968414,15,26
0.19839535319396362,22,26
0.71739732883678275,10,28
0.9371431501735551,19,28
0.3307677589169955,24,28
0.4921169977444747,12,29
0.70803620830992486,24,29
0.76817716236178712,17,30
0.12567207306078942,21,30
0.36259641580050994,23,30
0.29938916733323051,5,31
0.29552355666151098,27,31
0.87981735685765494,20,33
0.61652909314782955,31,33
0.17511543891679981,4,34
0.79610336458336184,10,34
0.037045919305366048,20,34
0.99393499257048168,32,35
0.7253690724175762,6,36
0.25452423115001654,10,36
0.058221346841619614,9,37
0.81905037344511389,32,37
0.92092475987204481,8,38
0.72526436071956224,12,38
0.07736410622995793,18,38
0.36809088193312245,11,39
0.61375058643366565,22,39
0.32847379613550898,33,39
0.13168092092994443,15,40
0.80005192261201086,35,40
0.5306841629763267,23,41
0.071643533668235171,27,41
0.74077040953085627,2,42
0.14807737814631039,15,42
0.14347901717879075,17,42
0.42193017639536512,2,43
0.77612661133323002,3,43
0.77047506849155334,16,43
0.22617996716989597,6,44
0.38825439635340686,27,44
0.58318032781753804,29,45
0.58451658480119484,36,45
0.51030533637225073,37,45
0.8419490478467242,35,46
0.58839777534186521,40,46
0.91917336426369523,7,47
0.87932270965164205,41,47
0.81507196885353217,46,47
0.047019471614711983,4,48
0.64046571878793801,13,48
0.39891316989427528,21,48
0.60530429853742018,8,49
0.93702532829752427,32,49
0.7538357625775477,44,49
