1.0,1,5
1.0,6,7
1.0,2,10
1.0,4,11
1.0,6,12
1.0,5,13
1.0,0,14
1.0,3,14
1.0,8,15
1.0,7,16
1.0,12,16
1.0,5,17
1.0,15,18
1.0,9,19
1.0,2,20
1.0,2,22
1.0,13,22
1.0,17,22
1.0,19,23
1.0,18,24
1.0,21,25
1.0,8,26
1.0,23,26
1.0,1,27
1.0,19,27
1.0,16,28
1.0,10,29
1.0,15,29
1.0,24,29
1.0,3,30
1.0,21,30
1.0,8,31
1.0,26,31
1.0,4,32
1.0,12,32
1.0,23,32
1.0,3,33
1.0,10,34
1.0,18,34
1.0,20,35
1.0,34,35
1.0,4,36
1.0,25,36
1.0,0,37
1.0,24,37
1.0,14,38
1.0,25,38
1.0,28,38
1.0,33,39
1.0,11,40
1.0,27,40
1.0,6,41
1.0,7,41
1.0,21,42
1.0,36,42
1.0,37,42
1.0,9,43
1.0,28,43
1.0,39,43
1.0,1,44
1.0,31,44
1.0,30,45
1.0,40,45
1.0,11,46
1.0,20,46
1.0,44,46
1.0,9,47
1.0,41,47
1.0,45,47
1.0,13,48
1.0,17,48
1.0,33,48
1.0,0,49
1.0,35,49
1.0,39,49
