1.0,3,9
1.0,4,11
1.0,10,11
1.0,4,12
1.0,9,12
1.0,3,13
1.0,8,14
1.0,6,15
1.0,2,16
1.0,8,17
1.0,5,18
1.0,4,19
1.0,1,20
1.0,0,21
1.0,10,21
1.0,12,23
1.0,20,23
1.0,10,24
1.0,16,24
1.0,3,25
1.0,22,25
1.0,14,27
1.0,2,28
1.0,11,28
1.0,22,28
1.0,20,29
1.0,1,30
1.0,21,30
1.0,16,31
1.0,27,31
1.0,0,32
1.0,13,33
1.0,19,33
1.0,5,34
1.0,26,35
1.0,34,35
1.0,0,36
1.0,13,36
1.0,24,36
1.0,6,37
1.0,7,37
1.0,26,37
1.0,18,38
1.0,23,38
1.0,29,38
1.0,14,39
1.0,18,39
1.0,2,40
1.0,19,40
1.0,26,40
1.0,1,41
1.0,7,41
1.0,15,41
1.0,22,42
1.0,25,42
1.0,27,43
1.0,31,43
1.0,39,43
1.0,15,44
1.0,32,44
1.0,34,44
1.0,5,45
1.0,33,45
1.0,42,45
1.0,6,46
1.0,7,46
1.0,30,46
1.0,9,47
1.0,17,47
1.0,29,47
1.0,8,48
1.0,32,48
1.0,17,49
1.0,35,49
1.0,48,49
