0.36639256169965206,2,4
0.47237852676830683,1,7
0.54630513869712649,1,10
0.54594287331369873,0,12
0.88127224074439414,4,12
0.43942414967873122,7,12
0.69338839838484723,16,18
0.34088224482277518,3,19
0.29253870895166312,8,19
0.1518505390887569,14,20
0.68896562486472657,8,21
0.058509944238202771,16,23
0.8575768278401471,5,24
0.51985326218663608,1,25
0.53543722977548369,24,25
0.034737852292927474,24,26
0.14325733801237106,25,26
0.46764301449780465,3,27
0.4004555198766131,10,27
0.29824640724021811,14,27
0.74220490217063451,14,28
0.26518331307620147,20,28
0.031006705912231536,28,29
0.15553135173215704,6,30
0.50649004292557265,21,30
0.77229054611163461,0,31
0.24461579791570953,23,31
0.3794470602533192,8,32
0.02508430189539923,20,32
0.42744030191859894,31,32
0.093880684802757464,15,33
0.2611958642666018,22,33
0.035030492884213227,11,34
0.46304430494898108,13,34
0.89444964551378903,6,35
0.48889718322073716,30,35
0.54885177460970058,22,36
0.7415853457320738,29,36
0.44247996831497916,15,37
0.76275548269861249,17,37
0.32846841255027226,9,38
0.62365320872471119,16,38
0.1802258927752215,17,38
0.98508935019069144,3,39
0.59251103035457731,36,39
0.92464130339995343,37,39
0.63973511916973991,5,40
0.11538803750371129,7,40
0.91017243933340652,18,40
0.75517403092460678,0,41
0.21061863356246313,6,41
0.99077497647058366,13,41
0.19503121121300238,9,42
0.28159784762826789,15,42
0.94696794463512879,33,42
0.85934244681881944,9,43
0.63640224093379616,29,43
0.87442069308383041,5,44
0.40112758404387039,11,44
0.26448992466336185,26,44
0.39313070563178276,4,45
0.45433560863079059,17,45
0.44291513520519676,18,45
0.68905457616730192,10,46
0.92339812150845102,21,46
0.61027110009955321,22,46
0.31112042418837493,19,47
0.32200390146950608,34,47
0.5120048647732155,43,47
0.16264834006028894,2,48
0.31383405668658448,13,48
0.91846600671331391,35,48
0.75439279141399707,2,49
0.54093557877399345,11,49
0.16319170675533279,23,49
