0.40780321663356023,1,3
0.35702693826931264,0,6
0.029769380491473929,7,9
0.93265914690149154,3,10
0.52624842358748869,7,10
0.21064493613546309,0,11
0.31696423246941041,8,11
0.60725128284013619,5,17
0.60591458422422229,12,18
0.38356644867184886,14,18
0.93636242148113891,5,19
0.69107799304510176,7,20
0.04046840028533083,6,22
0.71776375055549535,16,22
0.26893798810623226,6,23
0.48890335175547284,17,23
0.012224779416384668,5,24
0.325200457505187,19,24
0.23853980541545872,4,25
0.38055374733110114,19,25
0.62090715107378802,20,26
0.80818674183703099,21,26
0.12503973476645769,2,27
0.15571213702377162,22,27
0.37062554671677272,24,27
0.48501500465271596,4,28
0.92642101545776612,8,29
0.68340275278794727,14,29
0.69976652144564233,18,30
0.68122137076711842,1,31
0.38139911328886689,14,31
0.23438922380319571,8,32
0.97247208212856617,10,32
0.63813538199504771,16,33
0.53056243706563089,1,34
0.35067291181459015,2,34
0.050007834336156631,4,35
0.066201421492707468,20,35
0.40435662361086877,33,35
0.14295274738732644,0,36
0.70967214562266001,13,36
0.14429257679726015,28,36
0.37475507376934059,9,37
0.81385820809652676,11,38
0.35770240838939193,21,38
0.79162377332798561,26,38
0.37034369781332588,2,39
0.42614769372287742,15,39
0.7520453439352337,32,39
0.031788185431546379,17,40
0.70762103449970937,33,40
0.40788436322491362,13,41
0.27675903781821032,40,41
0.52679234069249847,3,42
0.9165575648813572,23,42
0.87877258955699988,30,42
0.18263159917627148,25,43
0.34490523327434897,29,43
0.98371232968412514,30,43
0.46362360081658727,15,44
0.38202138637167793,21,44
0.95739738517617345,37,44
0.79855468850264721,13,45
0.73154751173309251,16,45
0.59408718101457803,9,46
0.64094869757256645,41,46
0.9364074963032929,12,47
0.31587882460438055,15,47
0.66875040587733803,34,47
0.47890518010380845,28,48
0.99675170099915,37,48
0.026615277250301439,45,48
0.6358549350808046,12,49
0.21924977107676669,31,49
0.65771021483582515,46,49
