0.35163258033212197,5,6
0.02990177445070763,7,11
0.65353140600086324,4,12
0.93091529114994165,10,14
0.74191647254135618,4,16
0.200069130653039,8,16
0.13404746429296444,17,18
0.53569971256473281,14,19
0.97246311673893882,9,20
0.48435020199956424,16,22
0.12106343597216129,3,23
0.3015531638866864,21,23
0.24484485101244813,1,24
0.29214331646190184,6,24
0.70047750634274475,7,24
0.6089534288647549,9,25
0.76781457620358773,17,25
0.79973225415521876,2,26
0.71211843703056632,15,26
0.75032768050176679,13,27
0.79173571144085986,18,27
0.13087562957227838,23,27
0.90267278431910958,0,28
0.081983944989185709,14,28
0.54783266906439865,15,28
0.49924778696427352,8,29
0.50267701942757326,10,29
0.058775161853778179,25,29
0.70498684775180542,6,30
0.8899450210111417,9,30
0.88381741990142737,22,30
0.17447659846189878,8,31
0.5451074261017399,11,32
0.7229522850672927,22,33
0.63134225476160499,3,34
0.71548391866242878,4,34
0.82859991011726042,12,35
0.5472585405003626,26,35
0.23621443952462851,32,35
0.44916872650974349,1,36
0.96584981140914827,15,37
0.63581600007122219,31,37
0.24318984982336656,36,37
0.12933474943792678,13,38
0.015522418860479226,19,38
0.58458016785822819,33,38
0.13241785361316005,13,39
0.88156573536339333,20,39
0.12384750701797098,2,40
0.43431062648179219,21,40
0.86949952021395382,1,41
0.52398332745645082,2,41
0.32336059344058443,20,41
0.61608304124871505,0,42
0.97640072871476602,7,42
0.039531240390770606,39,42
0.21488988760345484,31,43
0.35607383435574591,33,43
0.075863133740489919,3,44
0.36199217519667193,18,44
0.80741910388646987,43,44
0.86492130298355563,5,45
0.11498726449009466,32,45
0.36490671633559979,0,46
0.85665104649849433,5,46
0.89615970425372071,21,46
0.1316982247317211,12,47
0.2166885494899794,36,47
0.11393790494193767,40,47
0.68190531842984936,10,48
0.48257474003829515,17,48
0.23907520441438523,34,48
0.10699468577780391,11,49
0.76299054726620974,19,49
0.96049724371739942,45,49
