0.83283196140307247,3,4
0.16251488132352199,1,7
0.75222783757985534,5,9
0.29630854577691645,2,10
0.2031919655815061,0,13
0.12433196448010619,5,14
0.73120052726652784,8,14
0.50090684715629452,9,14
0.4679945142917159,7,15
0.0090437832966472342,11,16
0.28043979032259425,13,17
0.82650039755357263,4,18
0.99707121976771151,1,19
0.82706894220214144,7,19
0.039615966966908278,6,20
0.17884637896147904,11,20
0.460074249954743,8,21
0.02295066164810633,2,22
0.24280005117802039,10,22
0.76085641565140116,2,24
0.22131903475366088,6,24
0.83211453006716229,13,24
0.17101454117014425,12,25
0.6534976171151804,20,25
0.93984674703946658,15,26
0.29098250416672689,23,27
0.47912993492807099,3,28
0.33117790667878644,21,28
0.046648222332748568,23,28
0.59951619006259538,16,29
0.56988570410290751,25,29
0.77312715657346265,17,30
0.98966022367919293,3,31
0.74871380085569106,16,31
0.2702969431048593,19,31
0.92782692287001622,8,32
0.53223966325829131,10,32
0.51768442998680653,18,33
0.77361392389389161,17,34
0.11304361033432031,22,34
0.8123073630288512,5,35
0.95341863025983931,6,35
0.97784872211314289,23,35
0.044243629543865737,26,36
0.18871132138646118,29,36
0.097245221616209743,18,37
0.026252502540815681,27,37
0.52674448842063082,21,38
0.1703830915927762,26,38
0.2969125182479827,30,38
0.63899983925263526,36,39
0.151685576272092,37,39
0.74008668442164627,0,40
0.93865511532620494,33,40
0.72410972936560947,39,40
0.32324697192815943,12,42
0.21432185015243743,15,42
0.51992045522585895,1,43
0.020445549264475726,33,43
0.49301660370714062,41,43
0.58032358447727361,11,44
0.61539074487282608,32,44
0.96060583438505664,12,45
0.37182527377492192,42,45
0.0043278869327983971,0,46
0.06697331502149495,30,46
0.68870029006127087,34,46
0.11690913416561877,27,47
0.76801316096638217,41,47
0.087149492260984895,44,47
0.90580676283216177,4,48
0.91494612862720626,9,48
0.58208642350460171,41,49
0.73377094636926532,45,49
0.34952063762684871,48,49
